3 1 67 2 565 452 -1 -1 -1 0 
4 1 69 1 560 448 -1 -1 -1 0 
5 1 74 2 557 453 -1 -1 -1 0 
6 1 73 3 559 453 -1 -1 -1 0 
7 1 45 21 584 433 -1 -1 -1 0 
8 1 46 26 572 426 -1 -1 -1 0 
9 1 41 29 582 418 -1 -1 -1 0 
10 1 43 30 582 416 -1 -1 -1 0 
11 1 44 29 582 415 -1 -1 -1 0 
12 1 74 19 556 426 -1 -1 -1 0 
13 1 44 23 587 427 -1 -1 -1 0 
14 1 42 24 585 427 -1 -1 -1 0 
15 1 71 21 560 428 -1 -1 -1 0 
16 1 75 20 559 431 -1 -1 -1 0 
17 1 75 20 562 426 -1 -1 -1 0 
18 1 74 21 564 426 -1 -1 -1 0 
19 1 32 37 605 422 -1 -1 -1 0 
20 1 30 41 604 421 -1 -1 -1 0 
21 1 27 38 611 427 -1 -1 -1 0 
22 1 25 34 611 435 -1 -1 -1 0 
23 1 25 34 614 434 -1 -1 -1 0 
24 1 76 23 555 437 -1 -1 -1 0 
25 1 29 34 610 430 -1 -1 -1 0 
26 1 78 23 554 434 -1 -1 -1 0 
27 1 81 18 554 439 -1 -1 -1 0 
28 1 81 17 555 438 -1 -1 -1 0 
29 1 29 29 610 435 -1 -1 -1 0 
30 1 28 35 606 431 -1 -1 -1 0 
31 1 30 35 605 427 -1 -1 -1 0 
32 1 32 34 601 429 -1 -1 -1 0 
33 1 31 33 600 430 -1 -1 -1 0 
34 1 28 32 606 431 -1 -1 -1 0 
35 1 31 33 602 428 -1 -1 -1 0 
36 1 32 29 600 440 -1 -1 -1 0 
37 1 40 14 588 450 -1 -1 -1 0 
38 1 80 4 553 447 -1 -1 -1 0 
39 1 87 8 548 441 -1 -1 -1 0 
40 1 85 8 554 445 -1 -1 -1 0 
41 1 96 0 540 456 -1 -1 -1 0 
42 1 175 4 459 459 -1 -1 -1 0 
43 1 203 8 430 451 -1 -1 -1 0 
44 1 282 10 351 457 -1 -1 -1 0 
45 1 332 9 302 465 -1 -1 -1 0 
46 1 364 12 271 464 -1 -1 -1 0 
47 1 405 4 231 469 -1 -1 -1 0 
48 1 420 5 218 467 -1 -1 -1 0 
49 1 420 2 219 471 -1 -1 -1 0 
50 1 420 1 219 471 -1 -1 -1 0 
51 1 412 1 227 467 -1 -1 -1 0 
52 1 341 1 298 466 -1 -1 -1 0 
53 1 341 0 297 474 -1 -1 -1 0 
54 1 347 0 287 473 -1 -1 -1 0 
55 1 348 2 283 467 -1 -1 -1 0 
56 1 333 3 279 466 -1 -1 -1 0 
57 1 325 4 283 464 -1 -1 -1 0 
58 1 317 5 286 468 -1 -1 -1 0 
59 1 305 5 283 473 -1 -1 -1 0 
60 1 294 8 273 468 -1 -1 -1 0 
61 1 287 2 273 474 -1 -1 -1 0 
62 1 276 2 269 477 -1 -1 -1 0 
63 1 261 6 263 470 -1 -1 -1 0 
64 1 254 0 264 472 -1 -1 -1 0 
65 1 247 2 264 473 -1 -1 -1 0 
66 1 236 0 261 479 -1 -1 -1 0 
67 1 232 0 259 479 -1 -1 -1 0 
68 1 227 0 255 479 -1 -1 -1 0 
69 1 226 0 253 479 -1 -1 -1 0 
70 1 226 0 247 479 -1 -1 -1 0 
71 1 226 0 243 479 -1 -1 -1 0 
72 1 229 12 240 448 -1 -1 -1 0 
73 1 231 11 235 448 -1 -1 -1 0 
74 1 234 12 230 446 -1 -1 -1 0 
75 1 243 0 215 469 -1 -1 -1 0 
76 1 245 9 212 464 -1 -1 -1 0 
77 1 247 12 207 459 -1 -1 -1 0 
78 1 246 12 207 459 -1 -1 -1 0 
79 1 246 15 207 455 -1 -1 -1 0 
80 1 246 20 206 452 -1 -1 -1 0 
81 1 250 40 197 429 -1 -1 -1 0 
82 1 252 54 192 417 -1 -1 -1 0 
83 1 253 63 186 409 -1 -1 -1 0 
84 1 254 67 181 404 -1 -1 -1 0 
85 1 254 72 177 397 -1 -1 -1 0 
86 1 255 72 174 398 -1 -1 -1 0 
87 1 255 74 176 399 -1 -1 -1 0 
88 1 256 81 177 393 -1 -1 -1 0 
89 1 257 86 175 387 -1 -1 -1 0 
90 1 258 88 173 385 -1 -1 -1 0 
91 1 262 91 168 385 -1 -1 -1 0 
92 1 268 99 160 378 -1 -1 -1 0 
93 1 268 98 160 381 -1 -1 -1 0 
94 1 269 101 160 378 -1 -1 -1 0 
95 1 280 111 150 368 -1 -1 -1 0 
96 1 285 116 145 360 -1 -1 -1 0 
97 1 291 118 138 358 -1 -1 -1 0 
98 1 293 123 136 354 -1 -1 -1 0 
99 1 294 127 133 351 -1 -1 -1 0 
100 1 294 132 132 344 -1 -1 -1 0 
101 1 294 137 129 338 -1 -1 -1 0 
102 1 295 142 123 333 -1 -1 -1 0 
103 1 295 144 122 330 -1 -1 -1 0 
104 1 295 143 120 330 -1 -1 -1 0 
105 1 296 141 118 338 -1 -1 -1 0 
106 1 294 139 119 340 -1 -1 -1 0 
107 1 291 142 120 333 -1 -1 -1 0 
108 1 289 142 121 331 -1 -1 -1 0 
109 1 287 143 123 329 -1 -1 -1 0 
110 1 285 152 125 317 -1 -1 -1 0 
111 1 287 159 121 312 -1 -1 -1 0 
112 1 288 160 120 311 -1 -1 -1 0 
113 1 290 166 117 307 -1 -1 -1 0 
114 1 291 168 117 300 -1 -1 -1 0 
115 1 294 169 113 298 -1 -1 -1 0 
116 1 297 166 110 299 -1 -1 -1 0 
117 1 300 168 108 288 -1 -1 -1 0 
118 1 301 171 106 282 -1 -1 -1 0 
119 1 302 173 106 279 -1 -1 -1 0 
120 1 305 170 102 284 -1 -1 -1 0 
121 1 305 181 101 264 -1 -1 -1 0 
122 1 305 185 99 261 -1 -1 -1 0 
123 1 303 177 96 278 -1 -1 -1 0 
124 1 301 180 97 270 -1 -1 -1 0 
125 1 302 181 93 268 -1 -1 -1 0 
126 1 301 180 94 271 -1 -1 -1 0 
127 1 300 179 95 277 -1 -1 -1 0 
128 1 300 177 96 281 -1 -1 -1 0 
129 1 300 180 96 272 -1 -1 -1 0 
130 1 302 182 92 270 -1 -1 -1 0 
131 1 304 185 91 269 -1 -1 -1 0 
132 1 306 185 90 270 -1 -1 -1 0 
133 1 309 187 89 264 -1 -1 -1 0 
134 1 311 188 86 264 -1 -1 -1 0 
135 1 311 188 87 263 -1 -1 -1 0 
136 1 312 188 87 261 -1 -1 -1 0 
137 1 314 183 85 273 -1 -1 -1 0 
138 1 314 183 86 272 -1 -1 -1 0 
139 1 314 184 86 270 -1 -1 -1 0 
140 1 314 184 86 270 -1 -1 -1 0 
141 1 314 184 86 271 -1 -1 -1 0 
142 1 314 183 87 271 -1 -1 -1 0 
143 1 315 184 86 270 -1 -1 -1 0 
144 1 315 184 86 270 -1 -1 -1 0 
145 1 314 185 87 265 -1 -1 -1 0 
146 1 315 186 86 263 -1 -1 -1 0 
147 1 316 186 86 263 -1 -1 -1 0 
148 1 317 187 86 267 -1 -1 -1 0 
149 1 317 188 88 271 -1 -1 -1 0 
150 1 317 188 89 278 -1 -1 -1 0 
151 1 315 188 91 269 -1 -1 -1 0 
152 1 312 188 93 257 -1 -1 -1 0 
153 1 311 190 91 253 -1 -1 -1 0 
154 1 311 194 88 248 -1 -1 -1 0 
155 1 313 195 77 256 -1 -1 -1 0 
156 1 314 193 73 264 -1 -1 -1 0 
157 1 314 190 67 259 -1 -1 -1 0 
158 1 316 189 60 259 -1 -1 -1 0 
159 1 315 190 63 256 -1 -1 -1 0 
160 1 314 191 63 258 -1 -1 -1 0 
161 1 313 193 62 248 -1 -1 -1 0 
162 1 313 196 61 242 -1 -1 -1 0 
163 1 312 194 60 247 -1 -1 -1 0 
164 1 311 193 59 247 -1 -1 -1 0 
165 1 307 193 64 247 -1 -1 -1 0 
166 1 304 194 67 244 -1 -1 -1 0 
167 1 304 191 66 246 -1 -1 -1 0 
168 1 303 191 67 246 -1 -1 -1 0 
169 1 302 187 68 249 -1 -1 -1 0 
170 1 300 185 70 247 -1 -1 -1 0 
171 1 298 183 71 247 -1 -1 -1 0 
172 1 296 182 73 247 -1 -1 -1 0 
173 1 296 182 73 248 -1 -1 -1 0 
174 1 295 180 74 249 -1 -1 -1 0 
175 1 294 180 76 249 -1 -1 -1 0 
176 1 294 180 76 253 -1 -1 -1 0 
177 1 294 187 78 247 -1 -1 -1 0 
178 1 292 187 81 245 -1 -1 -1 0 
179 1 293 185 82 250 -1 -1 -1 0 
180 1 292 185 83 254 -1 -1 -1 0 
181 1 292 186 84 260 -1 -1 -1 0 
182 1 291 185 84 265 -1 -1 -1 0 
183 1 292 180 83 270 -1 -1 -1 0 
184 1 292 182 85 269 -1 -1 -1 0 
185 1 295 181 86 279 -1 -1 -1 0 
186 1 297 180 91 282 -1 -1 -1 0 
187 1 298 179 93 286 -1 -1 -1 0 
188 1 299 175 95 291 -1 -1 -1 0 
189 1 299 168 104 298 -1 -1 -1 0 
190 1 301 165 106 294 -1 -1 -1 0 
191 1 302 164 106 293 -1 -1 -1 0 
192 1 304 165 106 294 -1 -1 -1 0 
193 1 306 164 105 294 -1 -1 -1 0 
194 1 308 163 104 298 -1 -1 -1 0 
195 1 308 167 104 293 -1 -1 -1 0 
196 1 307 167 104 294 -1 -1 -1 0 
197 1 306 160 104 305 -1 -1 -1 0 
198 1 305 159 105 304 -1 -1 -1 0 
199 1 300 151 109 317 -1 -1 -1 0 
200 1 298 150 112 320 -1 -1 -1 0 
201 1 296 147 114 326 -1 -1 -1 0 
202 1 295 146 116 331 -1 -1 -1 0 
203 1 293 145 120 334 -1 -1 -1 0 
204 1 294 146 119 333 -1 -1 -1 0 
205 1 299 145 114 334 -1 -1 -1 0 
206 1 300 142 118 336 -1 -1 -1 0 
207 1 300 141 121 338 -1 -1 -1 0 
208 1 300 140 124 339 -1 -1 -1 0 
209 1 300 132 131 347 -1 -1 -1 0 
210 1 299 130 134 349 -1 -1 -1 0 
211 1 297 125 141 354 -1 -1 -1 0 
212 1 297 123 144 355 -1 -1 -1 0 
213 1 291 121 152 358 -1 -1 -1 0 
214 1 292 117 149 362 -1 -1 -1 0 
215 1 292 108 151 371 -1 -1 -1 0 
216 1 293 101 150 378 -1 -1 -1 0 
217 1 293 98 150 381 -1 -1 -1 0 
218 1 293 97 146 381 -1 -1 -1 0 
219 1 293 97 146 380 -1 -1 -1 0 
220 1 284 87 156 391 -1 -1 -1 0 
221 1 283 86 157 392 -1 -1 -1 0 
222 1 277 80 167 398 -1 -1 -1 0 
223 1 275 79 170 398 -1 -1 -1 0 
224 1 275 79 171 397 -1 -1 -1 0 
225 1 275 79 171 397 -1 -1 -1 0 
226 1 275 79 171 397 -1 -1 -1 0 
227 1 275 79 171 397 -1 -1 -1 0 
228 1 275 79 171 397 -1 -1 -1 0 
229 1 275 79 171 397 -1 -1 -1 0 
230 1 275 77 171 400 -1 -1 -1 0 
231 1 275 76 172 400 -1 -1 -1 0 
232 1 275 76 172 400 -1 -1 -1 0 
233 1 275 76 172 400 -1 -1 -1 0 
234 1 275 76 173 398 -1 -1 -1 0 
235 1 276 76 172 397 -1 -1 -1 0 
236 1 276 76 172 397 -1 -1 -1 0 
237 1 276 76 172 397 -1 -1 -1 0 
238 1 276 76 172 397 -1 -1 -1 0 
239 1 276 76 172 397 -1 -1 -1 0 
240 1 276 73 177 399 -1 -1 -1 0 
241 1 276 72 178 399 -1 -1 -1 0 
242 1 277 70 179 402 -1 -1 -1 0 
243 1 277 69 179 402 -1 -1 -1 0 
244 1 279 61 184 410 -1 -1 -1 0 
245 1 280 60 184 410 -1 -1 -1 0 
246 1 279 60 185 410 -1 -1 -1 0 
247 1 283 47 193 419 -1 -1 -1 0 
248 1 284 46 193 419 -1 -1 -1 0 
249 1 284 46 193 419 -1 -1 -1 0 
250 1 284 41 198 425 -1 -1 -1 0 
251 1 284 40 199 425 -1 -1 -1 0 
252 1 283 34 205 431 -1 -1 -1 0 
253 1 284 33 205 431 -1 -1 -1 0 
254 1 284 33 205 431 -1 -1 -1 0 
255 1 283 25 208 442 -1 -1 -1 0 
256 1 268 1 274 478 -1 -1 -1 0 
257 1 269 0 274 479 -1 -1 -1 0 
258 1 269 0 274 479 -1 -1 -1 0 
259 1 269 0 274 479 -1 -1 -1 0 
260 1 269 0 274 479 -1 -1 -1 0 
261 1 269 0 276 479 -1 -1 -1 0 
262 1 268 0 277 479 -1 -1 -1 0 
263 1 268 0 277 479 -1 -1 -1 0 
264 1 269 1 289 473 -1 -1 -1 0 
265 1 270 0 289 473 -1 -1 -1 0 
266 1 270 0 289 473 -1 -1 -1 0 
267 1 271 0 304 479 -1 -1 -1 0 
268 1 272 0 304 479 -1 -1 -1 0 
269 1 272 0 304 479 -1 -1 -1 0 
270 1 270 0 367 479 -1 -1 -1 0 
271 1 271 0 367 478 -1 -1 -1 0 
272 1 271 0 367 478 -1 -1 -1 0 
273 1 260 0 375 479 -1 -1 -1 0 
274 1 260 0 375 479 -1 -1 -1 0 
275 1 252 4 384 469 -1 -1 -1 0 
276 1 253 3 383 469 -1 -1 -1 0 
277 1 253 3 383 469 -1 -1 -1 0 
278 1 231 0 406 478 -1 -1 -1 0 
279 1 230 0 407 478 -1 -1 -1 0 
280 1 209 3 427 472 -1 -1 -1 0 
281 1 171 0 467 475 -1 -1 -1 0 
282 1 164 2 475 470 -1 -1 -1 0 
283 1 165 4 474 468 -1 -1 -1 0 
284 1 184 24 444 437 -1 -1 -1 0 
285 1 181 33 447 429 -1 -1 -1 0 
286 1 188 28 444 440 -1 -1 -1 0 
287 1 194 68 435 376 -1 -1 -1 0 
288 1 195 77 435 365 -1 -1 -1 0 
289 1 194 76 436 363 -1 -1 -1 0 
290 1 190 65 441 376 -1 -1 -1 0 
291 1 188 55 445 390 -1 -1 -1 0 
292 1 186 52 444 396 -1 -1 -1 0 
293 1 183 41 448 416 -1 -1 -1 0 
294 1 184 48 444 396 -1 -1 -1 0 
295 1 185 44 443 402 -1 -1 -1 0 
296 1 185 34 445 422 -1 -1 -1 0 
297 1 182 46 448 412 -1 -1 -1 0 
298 1 181 34 452 425 -1 -1 -1 0 
299 1 191 23 447 422 -1 -1 -1 0 
300 1 194 13 435 435 -1 -1 -1 0 
301 1 194 12 436 436 -1 -1 -1 0 
302 1 196 10 437 443 -1 -1 -1 0 
303 1 197 10 437 443 -1 -1 -1 0 
304 1 198 10 434 447 -1 -1 -1 0 
305 1 198 10 431 449 -1 -1 -1 0 
306 1 184 5 445 465 -1 -1 -1 0 
307 1 187 7 437 466 -1 -1 -1 0 
308 1 187 13 439 460 -1 -1 -1 0 
309 1 184 14 448 458 -1 -1 -1 0 
310 1 182 12 451 462 -1 -1 -1 0 
311 1 180 13 451 460 -1 -1 -1 0 
312 1 178 13 453 459 -1 -1 -1 0 
313 1 183 11 447 463 -1 -1 -1 0 
314 1 186 8 446 464 -1 -1 -1 0 
315 1 188 4 441 469 -1 -1 -1 0 
316 1 186 1 441 477 -1 -1 -1 0 
317 1 191 3 433 469 -1 -1 -1 0 
318 1 183 2 439 472 -1 -1 -1 0 
319 1 139 7 474 469 -1 -1 -1 0 
320 1 126 8 487 459 -1 -1 -1 0 
321 1 129 8 483 458 -1 -1 -1 0 
322 1 123 8 490 468 -1 -1 -1 0 
323 1 118 13 496 462 -1 -1 -1 0 
324 1 119 12 495 464 -1 -1 -1 0 
325 1 123 12 493 462 -1 -1 -1 0 
331 1 143 9 443 464 -1 -1 -1 0 
332 1 142 11 445 461 -1 -1 -1 0 
333 1 138 5 449 469 -1 -1 -1 0 
334 1 146 1 446 473 -1 -1 -1 0 
335 1 150 0 445 473 -1 -1 -1 0 
336 1 159 0 432 472 -1 -1 -1 0 
337 1 167 1 420 468 -1 -1 -1 0 
338 1 169 2 416 466 -1 -1 -1 0 
339 1 164 2 419 469 -1 -1 -1 0 
340 1 143 3 443 468 -1 -1 -1 0 
341 1 66 4 527 470 -1 -1 -1 0 
344 1 64 2 512 473 -1 -1 -1 0 
345 1 61 0 515 479 -1 -1 -1 0 
346 1 60 0 510 475 -1 -1 -1 0 
347 1 27 0 533 472 -1 -1 -1 0 
348 1 4 3 546 475 -1 -1 -1 0 
349 1 15 7 517 462 -1 -1 -1 0 
350 1 20 9 518 466 -1 -1 -1 0 
351 1 20 10 516 465 -1 -1 -1 0 
352 1 14 9 524 467 -1 -1 -1 0 
353 1 14 13 520 464 -1 -1 -1 0 
354 1 15 15 516 460 -1 -1 -1 0 
355 1 18 15 517 458 -1 -1 -1 0 
356 1 20 17 517 455 -1 -1 -1 0 
357 1 18 13 522 457 -1 -1 -1 0 
358 1 20 11 520 459 -1 -1 -1 0 
359 1 19 11 522 459 -1 -1 -1 0 
360 1 19 11 520 458 -1 -1 -1 0 
361 1 19 14 521 455 -1 -1 -1 0 
362 1 21 17 520 451 -1 -1 -1 0 
363 1 21 17 520 452 -1 -1 -1 0 
364 1 21 16 519 453 -1 -1 -1 0 
365 1 20 15 519 455 -1 -1 -1 0 
366 1 20 15 519 454 -1 -1 -1 0 
367 1 20 14 517 455 -1 -1 -1 0 
368 1 20 14 519 454 -1 -1 -1 0 
369 1 19 13 520 454 -1 -1 -1 0 
370 1 20 12 518 455 -1 -1 -1 0 
371 1 20 12 519 456 -1 -1 -1 0 
372 1 19 13 521 455 -1 -1 -1 0 
373 1 20 13 517 455 -1 -1 -1 0 
374 1 18 13 521 455 -1 -1 -1 0 
375 1 18 13 522 456 -1 -1 -1 0 
376 1 18 13 520 456 -1 -1 -1 0 
377 1 19 12 516 456 -1 -1 -1 0 
378 1 18 12 520 456 -1 -1 -1 0 
379 1 18 11 519 457 -1 -1 -1 0 
380 1 17 12 520 456 -1 -1 -1 0 
381 1 20 16 516 453 -1 -1 -1 0 
382 1 22 12 522 459 -1 -1 -1 0 
383 1 22 1 528 468 -1 -1 -1 0 
384 1 23 5 528 467 -1 -1 -1 0 
385 1 26 0 527 470 -1 -1 -1 0 
386 1 35 8 497 465 -1 -1 -1 0 
387 1 37 1 497 469 -1 -1 -1 0 
388 1 38 0 497 467 -1 -1 -1 0 
389 1 64 0 470 467 -1 -1 -1 0 
390 1 86 3 442 465 -1 -1 -1 0 
391 1 58 1 474 466 -1 -1 -1 0 
392 1 73 1 448 467 -1 -1 -1 0 
393 1 94 1 437 475 -1 -1 -1 0 
394 1 100 0 428 476 -1 -1 -1 0 
395 1 126 2 382 470 -1 -1 -1 0 
396 1 119 3 397 471 -1 -1 -1 0 
397 1 105 7 431 470 -1 -1 -1 0 
398 1 92 10 458 464 -1 -1 -1 0 
399 1 87 11 470 463 -1 -1 -1 0 
400 1 78 10 495 465 -1 -1 -1 0 
401 1 85 5 487 471 -1 -1 -1 0 
402 1 86 8 488 467 -1 -1 -1 0 
403 1 84 4 499 473 -1 -1 -1 0 
404 1 90 2 490 475 -1 -1 -1 0 
405 1 101 9 513 468 -1 -1 -1 0 
406 1 104 11 519 465 -1 -1 -1 0 
407 1 104 10 524 466 -1 -1 -1 0 
408 1 99 10 533 465 -1 -1 -1 0 
409 1 103 9 529 465 -1 -1 -1 0 
410 1 104 11 530 461 -1 -1 -1 0 
411 1 97 13 538 459 -1 -1 -1 0 
412 1 98 11 539 462 -1 -1 -1 0 
413 1 104 6 526 473 -1 -1 -1 0 
414 1 113 9 514 470 -1 -1 -1 0 
415 1 110 15 516 462 -1 -1 -1 0 
416 1 182 10 446 469 -1 -1 -1 0 
417 1 194 8 440 470 -1 -1 -1 0 
418 1 204 2 430 477 -1 -1 -1 0 
419 1 200 6 426 469 -1 -1 -1 0 
420 1 216 5 398 474 -1 -1 -1 0 
421 1 232 1 358 478 -1 -1 -1 0 
422 1 242 2 331 477 -1 -1 -1 0 
423 1 257 4 294 475 -1 -1 -1 0 
424 1 263 4 279 475 -1 -1 -1 0 
425 1 270 1 263 477 -1 -1 -1 0 
426 1 285 1 239 472 -1 -1 -1 0 
427 1 287 4 238 467 -1 -1 -1 0 
428 1 273 4 251 467 -1 -1 -1 0 
429 1 262 5 264 464 -1 -1 -1 0 
430 1 267 7 256 463 -1 -1 -1 0 
431 1 263 9 268 461 -1 -1 -1 0 
432 1 257 8 277 460 -1 -1 -1 0 
433 1 250 10 283 458 -1 -1 -1 0 
434 1 249 8 281 462 -1 -1 -1 0 
435 1 251 8 275 467 -1 -1 -1 0 
436 1 254 5 263 474 -1 -1 -1 0 
437 1 255 0 254 479 -1 -1 -1 0 
438 1 259 3 243 476 -1 -1 -1 0 
439 1 262 0 231 479 -1 -1 -1 0 
440 1 263 0 228 479 -1 -1 -1 0 
441 1 265 0 224 479 -1 -1 -1 0 
442 1 269 1 216 475 -1 -1 -1 0 
443 1 269 0 215 475 -1 -1 -1 0 
444 1 268 0 215 473 -1 -1 -1 0 
445 1 277 0 209 470 -1 -1 -1 0 
446 1 278 0 210 471 -1 -1 -1 0 
447 1 290 0 204 470 -1 -1 -1 0 
448 1 302 0 195 475 -1 -1 -1 0 
449 1 317 0 189 472 -1 -1 -1 0 
450 1 325 0 182 470 -1 -1 -1 0 
451 1 329 0 181 474 -1 -1 -1 0 
452 1 331 0 187 478 -1 -1 -1 0 
453 1 343 0 172 474 -1 -1 -1 0 
454 1 352 4 161 469 -1 -1 -1 0 
455 1 353 5 168 468 -1 -1 -1 0 
456 1 358 8 166 461 -1 -1 -1 0 
457 1 362 5 168 466 -1 -1 -1 0 
458 1 368 0 163 478 -1 -1 -1 0 
459 1 374 1 157 476 -1 -1 -1 0 
460 1 374 1 156 478 -1 -1 -1 0 
461 1 363 11 163 464 -1 -1 -1 0 
462 1 359 12 165 466 -1 -1 -1 0 
463 1 348 15 174 463 -1 -1 -1 0 
464 1 345 17 178 461 -1 -1 -1 0 
465 1 340 17 183 461 -1 -1 -1 0 
466 1 337 19 188 458 -1 -1 -1 0 
467 1 337 23 189 452 -1 -1 -1 0 
468 1 335 26 195 445 -1 -1 -1 0 
469 1 337 27 194 442 -1 -1 -1 0 
470 1 340 30 190 439 -1 -1 -1 0 
471 1 342 32 188 438 -1 -1 -1 0 
472 1 347 35 181 435 -1 -1 -1 0 
473 1 354 39 174 430 -1 -1 -1 0 
474 1 355 40 173 429 -1 -1 -1 0 
475 1 359 43 171 425 -1 -1 -1 0 
476 1 364 45 166 423 -1 -1 -1 0 
477 1 366 45 163 422 -1 -1 -1 0 
478 1 366 46 163 422 -1 -1 -1 0 
479 1 366 52 163 418 -1 -1 -1 0 
480 1 366 53 162 419 -1 -1 -1 0 
481 1 364 54 163 419 -1 -1 -1 0 
482 1 360 57 154 416 -1 -1 -1 0 
483 1 355 61 159 411 -1 -1 -1 0 
484 1 353 64 161 409 -1 -1 -1 0 
485 1 346 69 168 401 -1 -1 -1 0 
486 1 339 73 172 395 -1 -1 -1 0 
487 1 335 74 174 394 -1 -1 -1 0 
488 1 333 77 168 391 -1 -1 -1 0 
489 1 333 79 164 390 -1 -1 -1 0 
490 1 332 80 163 390 -1 -1 -1 0 
491 1 331 73 166 403 -1 -1 -1 0 
492 1 331 83 163 378 -1 -1 -1 0 
493 1 330 75 165 391 -1 -1 -1 0 
494 1 329 77 165 386 -1 -1 -1 0 
495 1 331 79 161 384 -1 -1 -1 0 
496 1 332 81 160 382 -1 -1 -1 0 
497 1 334 84 158 379 -1 -1 -1 0 
498 1 335 88 158 370 -1 -1 -1 0 
499 1 337 89 155 365 -1 -1 -1 0 
500 1 338 89 155 366 -1 -1 -1 0 
501 1 338 92 154 364 -1 -1 -1 0 
502 1 338 93 154 362 -1 -1 -1 0 
503 1 338 94 153 360 -1 -1 -1 0 
504 1 337 94 152 359 -1 -1 -1 0 
505 1 335 96 153 357 -1 -1 -1 0 
506 1 335 99 152 348 -1 -1 -1 0 
507 1 336 97 147 351 -1 -1 -1 0 
508 1 333 97 145 352 -1 -1 -1 0 
509 1 332 97 143 354 -1 -1 -1 0 
510 1 323 100 150 346 -1 -1 -1 0 
511 1 320 101 151 345 -1 -1 -1 0 
512 1 316 99 152 348 -1 -1 -1 0 
513 1 314 99 151 346 -1 -1 -1 0 
514 1 312 98 152 348 -1 -1 -1 0 
515 1 311 99 152 347 -1 -1 -1 0 
516 1 311 100 152 345 -1 -1 -1 0 
517 1 311 99 152 347 -1 -1 -1 0 
518 1 311 97 155 353 -1 -1 -1 0 
519 1 312 96 156 356 -1 -1 -1 0 
520 1 313 91 160 364 -1 -1 -1 0 
521 1 313 89 163 368 -1 -1 -1 0 
522 1 315 93 163 368 -1 -1 -1 0 
523 1 326 94 156 357 -1 -1 -1 0 
524 1 329 93 160 363 -1 -1 -1 0 
525 1 332 93 160 365 -1 -1 -1 0 
526 1 338 92 153 370 -1 -1 -1 0 
527 1 338 91 157 373 -1 -1 -1 0 
528 1 349 90 159 369 -1 -1 -1 0 
529 1 353 90 157 371 -1 -1 -1 0 
530 1 354 88 160 374 -1 -1 -1 0 
531 1 354 87 159 375 -1 -1 -1 0 
532 1 354 88 159 375 -1 -1 -1 0 
533 1 354 89 163 373 -1 -1 -1 0 
534 1 355 89 166 373 -1 -1 -1 0 
535 1 356 90 165 372 -1 -1 -1 0 
536 1 356 93 166 367 -1 -1 -1 0 
537 1 358 93 164 366 -1 -1 -1 0 
538 1 359 91 165 368 -1 -1 -1 0 
539 1 359 90 167 370 -1 -1 -1 0 
540 1 360 90 167 371 -1 -1 -1 0 
541 1 360 90 167 371 -1 -1 -1 0 
542 1 361 90 165 373 -1 -1 -1 0 
543 1 361 91 164 372 -1 -1 -1 0 
544 1 360 94 163 368 -1 -1 -1 0 
545 1 360 96 162 365 -1 -1 -1 0 
546 1 360 98 160 362 -1 -1 -1 0 
547 1 359 99 159 363 -1 -1 -1 0 
548 1 357 100 160 361 -1 -1 -1 0 
549 1 357 100 155 360 -1 -1 -1 0 
550 1 355 101 156 358 -1 -1 -1 0 
551 1 349 102 150 358 -1 -1 -1 0 
552 1 342 105 154 353 -1 -1 -1 0 
553 1 339 107 156 348 -1 -1 -1 0 
554 1 337 108 157 346 -1 -1 -1 0 
555 1 336 108 152 350 -1 -1 -1 0 
556 1 334 110 153 348 -1 -1 -1 0 
557 1 334 113 150 343 -1 -1 -1 0 
558 1 334 115 146 340 -1 -1 -1 0 
559 1 334 115 143 336 -1 -1 -1 0 
560 1 333 115 143 335 -1 -1 -1 0 
561 1 333 116 143 334 -1 -1 -1 0 
562 1 333 117 142 331 -1 -1 -1 0 
563 1 333 116 142 331 -1 -1 -1 0 
564 1 332 116 144 331 -1 -1 -1 0 
565 1 333 116 143 330 -1 -1 -1 0 
566 1 333 116 144 330 -1 -1 -1 0 
567 1 334 116 143 331 -1 -1 -1 0 
568 1 334 116 144 331 -1 -1 -1 0 
569 1 335 116 148 331 -1 -1 -1 0 
570 1 335 113 150 340 -1 -1 -1 0 
571 1 335 112 152 342 -1 -1 -1 0 
572 1 338 114 152 337 -1 -1 -1 0 
573 1 339 115 151 336 -1 -1 -1 0 
574 1 342 113 150 342 -1 -1 -1 0 
575 1 350 115 145 341 -1 -1 -1 0 
576 1 354 115 145 345 -1 -1 -1 0 
577 1 358 118 146 343 -1 -1 -1 0 
578 1 360 123 144 338 -1 -1 -1 0 
579 1 369 122 135 341 -1 -1 -1 0 
580 1 372 121 134 342 -1 -1 -1 0 
581 1 378 119 125 350 -1 -1 -1 0 
582 1 379 119 125 350 -1 -1 -1 0 
583 1 379 120 131 345 -1 -1 -1 0 
584 1 381 118 132 346 -1 -1 -1 0 
585 1 381 117 136 346 -1 -1 -1 0 
586 1 383 118 133 344 -1 -1 -1 0 
587 1 383 116 135 346 -1 -1 -1 0 
588 1 383 115 136 347 -1 -1 -1 0 
589 1 383 114 137 348 -1 -1 -1 0 
590 1 384 114 137 348 -1 -1 -1 0 
591 1 385 114 136 348 -1 -1 -1 0 
592 1 385 115 137 347 -1 -1 -1 0 
593 1 387 115 135 347 -1 -1 -1 0 
594 1 388 115 135 348 -1 -1 -1 0 
595 1 388 113 138 349 -1 -1 -1 0 
596 1 389 112 137 350 -1 -1 -1 0 
597 1 391 110 133 353 -1 -1 -1 0 
598 1 392 109 132 355 -1 -1 -1 0 
599 1 392 108 133 356 -1 -1 -1 0 
600 1 386 107 142 359 -1 -1 -1 0 
601 1 384 106 145 360 -1 -1 -1 0 
602 1 382 103 148 364 -1 -1 -1 0 
603 1 380 102 153 367 -1 -1 -1 0 
604 1 381 90 150 382 -1 -1 -1 0 
605 1 382 85 151 385 -1 -1 -1 0 
606 1 387 83 144 387 -1 -1 -1 0 
607 1 392 80 143 391 -1 -1 -1 0 
608 1 399 70 177 403 -1 -1 -1 0 
609 1 404 66 206 410 -1 -1 -1 0 
610 1 407 65 194 410 -1 -1 -1 0 
611 1 409 67 172 408 -1 -1 -1 0 
612 1 413 62 154 412 -1 -1 -1 0 
613 1 415 60 141 414 -1 -1 -1 0 
614 1 416 58 214 421 -1 -1 -1 0 
615 1 418 50 212 429 -1 -1 -1 0 
616 1 418 41 217 436 -1 -1 -1 0 
617 1 416 39 223 438 -1 -1 -1 0 
618 1 412 23 227 456 -1 -1 -1 0 
619 1 407 14 232 463 -1 -1 -1 0 
620 1 406 0 232 479 -1 -1 -1 0 
621 1 401 5 238 474 -1 -1 -1 0 
622 1 403 3 217 472 -1 -1 -1 0 
623 1 402 1 216 471 -1 -1 -1 0 
624 1 390 4 237 472 -1 -1 -1 0 
625 1 377 0 249 479 -1 -1 -1 0 
625 2 491 96 148 381 -1 -1 -1 0 
626 1 369 2 251 477 -1 -1 -1 0 
626 2 492 95 147 384 -1 -1 -1 0 
627 1 360 0 260 479 -1 -1 -1 0 
627 2 490 101 149 378 -1 -1 -1 0 
628 1 336 0 294 479 -1 -1 -1 0 
629 1 320 16 317 454 -1 -1 -1 0 
630 1 312 1 315 478 -1 -1 -1 0 
631 1 293 0 333 479 -1 -1 -1 0 
632 1 273 0 342 478 -1 -1 -1 0 
633 1 264 10 304 466 -1 -1 -1 0 
634 1 230 7 306 465 -1 -1 -1 0 
635 1 217 6 306 467 -1 -1 -1 0 
636 1 206 2 303 464 -1 -1 -1 0 
637 1 204 1 308 468 -1 -1 -1 0 
638 1 205 0 304 471 -1 -1 -1 0 
639 1 203 3 304 460 -1 -1 -1 0 
640 1 207 5 325 466 -1 -1 -1 0 
641 1 196 5 353 470 -1 -1 -1 0 
642 1 204 6 331 468 -1 -1 -1 0 
643 1 199 9 362 470 -1 -1 -1 0 
644 1 205 6 401 473 -1 -1 -1 0 
645 1 205 3 417 476 -1 -1 -1 0 
646 1 204 0 422 479 -1 -1 -1 0 
647 1 195 0 436 479 -1 -1 -1 0 
648 1 195 0 444 479 -1 -1 -1 0 
649 1 198 0 441 479 -1 -1 -1 0 
650 1 197 13 442 463 -1 -1 -1 0 
651 1 199 18 440 461 -1 -1 -1 0 
652 1 237 12 401 467 -1 -1 -1 0 
653 1 197 20 442 457 -1 -1 -1 0 
654 1 198 13 441 466 -1 -1 -1 0 
655 1 190 13 449 466 -1 -1 -1 0 
656 1 190 10 449 468 -1 -1 -1 0 
657 1 190 7 443 467 -1 -1 -1 0 
658 1 192 4 440 466 -1 -1 -1 0 
659 1 193 6 438 463 -1 -1 -1 0 
660 1 193 5 437 464 -1 -1 -1 0 
661 1 191 5 438 463 -1 -1 -1 0 
662 1 192 3 435 465 -1 -1 -1 0 
663 1 193 0 434 472 -1 -1 -1 0 
664 1 189 2 440 473 -1 -1 -1 0 
665 1 197 3 431 470 -1 -1 -1 0 
666 1 200 1 427 475 -1 -1 -1 0 
667 1 206 0 417 477 -1 -1 -1 0 
668 1 200 0 424 476 -1 -1 -1 0 
669 1 101 10 519 459 -1 -1 -1 0 
670 1 27 22 595 448 -1 -1 -1 0 
671 1 25 13 581 458 -1 -1 -1 0 
672 1 38 9 562 465 -1 -1 -1 0 
673 1 108 0 488 476 -1 -1 -1 0 
674 1 111 4 494 472 -1 -1 -1 0 
675 1 51 0 546 475 -1 -1 -1 0 
676 1 34 0 569 474 -1 -1 -1 0 
677 1 36 0 541 474 -1 -1 -1 0 
678 1 44 7 503 459 -1 -1 -1 0 
679 1 52 4 490 458 -1 -1 -1 0 
680 1 57 2 495 468 -1 -1 -1 0 
681 1 57 1 500 468 -1 -1 -1 0 
682 1 63 0 471 463 -1 -1 -1 0 
683 1 69 0 459 462 -1 -1 -1 0 
684 1 73 0 450 465 -1 -1 -1 0 
685 1 66 0 469 463 -1 -1 -1 0 
686 1 62 0 478 464 -1 -1 -1 0 
687 1 54 1 489 461 -1 -1 -1 0 
688 1 52 0 509 472 -1 -1 -1 0 
689 1 53 3 511 469 -1 -1 -1 0 
690 1 42 9 512 453 -1 -1 -1 0 
691 1 32 10 524 449 -1 -1 -1 0 
692 1 37 12 514 446 -1 -1 -1 0 
693 1 19 19 545 448 -1 -1 -1 0 
694 1 17 19 543 449 -1 -1 -1 0 
695 1 18 20 540 447 -1 -1 -1 0 
696 1 19 20 535 447 -1 -1 -1 0 
697 1 17 20 540 448 -1 -1 -1 0 
698 1 61 7 488 470 -1 -1 -1 0 
699 1 19 13 538 455 -1 -1 -1 0 
700 1 21 12 527 457 -1 -1 -1 0 
701 1 39 14 505 445 -1 -1 -1 0 
702 1 41 13 499 445 -1 -1 -1 0 
703 1 42 13 494 445 -1 -1 -1 0 
704 1 40 14 500 445 -1 -1 -1 0 
705 1 42 15 496 444 -1 -1 -1 0 
706 1 25 17 518 446 -1 -1 -1 0 
707 1 24 19 521 443 -1 -1 -1 0 
708 1 24 18 522 445 -1 -1 -1 0 
709 1 43 16 501 442 -1 -1 -1 0 
710 1 30 18 518 445 -1 -1 -1 0 
711 1 31 20 517 444 -1 -1 -1 0 
712 1 33 19 505 448 -1 -1 -1 0 
713 1 32 19 506 449 -1 -1 -1 0 
714 1 30 18 507 451 -1 -1 -1 0 
715 1 28 16 508 453 -1 -1 -1 0 
716 1 28 16 509 452 -1 -1 -1 0 
717 1 24 16 512 452 -1 -1 -1 0 
718 1 24 15 507 455 -1 -1 -1 0 
719 1 22 16 510 455 -1 -1 -1 0 
720 1 21 14 511 457 -1 -1 -1 0 
721 1 16 13 517 458 -1 -1 -1 0 
722 1 12 14 526 458 -1 -1 -1 0 
723 1 14 14 525 457 -1 -1 -1 0 
724 1 11 16 533 454 -1 -1 -1 0 
725 1 19 13 527 458 -1 -1 -1 0 
726 1 17 12 531 459 -1 -1 -1 0 
727 1 16 12 531 457 -1 -1 -1 0 
728 1 18 13 528 453 -1 -1 -1 0 
729 1 14 13 531 452 -1 -1 -1 0 
730 1 9 13 535 454 -1 -1 -1 0 
731 1 22 13 518 452 -1 -1 -1 0 
732 1 28 12 506 453 -1 -1 -1 0 
733 1 30 10 503 456 -1 -1 -1 0 
734 1 30 9 501 462 -1 -1 -1 0 
735 1 23 8 514 461 -1 -1 -1 0 
736 1 23 6 512 463 -1 -1 -1 0 
737 1 21 2 513 469 -1 -1 -1 0 
738 1 13 0 519 471 -1 -1 -1 0 
739 1 7 0 527 471 -1 -1 -1 0 
740 1 10 0 527 469 -1 -1 -1 0 
741 1 14 0 520 469 -1 -1 -1 0 
742 1 16 0 517 469 -1 -1 -1 0 
743 1 13 0 523 469 -1 -1 -1 0 
744 1 7 0 523 468 -1 -1 -1 0 
745 1 9 0 519 468 -1 -1 -1 0 
746 1 8 0 519 467 -1 -1 -1 0 
747 1 9 0 516 468 -1 -1 -1 0 
748 1 10 0 512 468 -1 -1 -1 0 
749 1 6 8 523 462 -1 -1 -1 0 
750 1 12 0 515 470 -1 -1 -1 0 
751 1 12 0 516 469 -1 -1 -1 0 
752 1 14 0 513 467 -1 -1 -1 0 
753 1 17 0 513 468 -1 -1 -1 0 
754 1 19 0 509 468 -1 -1 -1 0 
755 1 18 0 510 468 -1 -1 -1 0 
756 1 17 0 506 467 -1 -1 -1 0 
757 1 16 0 510 468 -1 -1 -1 0 
758 1 14 0 513 467 -1 -1 -1 0 
759 1 12 0 514 468 -1 -1 -1 0 
760 1 10 0 517 467 -1 -1 -1 0 
761 1 9 0 518 466 -1 -1 -1 0 
762 1 8 0 518 466 -1 -1 -1 0 
763 1 7 0 524 465 -1 -1 -1 0 
764 1 9 0 523 466 -1 -1 -1 0 
765 1 10 0 523 468 -1 -1 -1 0 
766 1 11 0 519 468 -1 -1 -1 0 
767 1 9 1 523 466 -1 -1 -1 0 
768 1 9 3 523 465 -1 -1 -1 0 
769 1 9 3 523 465 -1 -1 -1 0 
770 1 7 3 527 463 -1 -1 -1 0 
771 1 6 3 528 463 -1 -1 -1 0 
772 1 4 9 527 460 -1 -1 -1 0 
773 1 2 10 530 459 -1 -1 -1 0 
774 1 3 11 529 459 -1 -1 -1 0 
775 1 3 10 528 461 -1 -1 -1 0 
776 1 2 10 530 461 -1 -1 -1 0 
777 1 1 11 531 460 -1 -1 -1 0 
778 1 3 11 527 460 -1 -1 -1 0 
779 1 3 12 526 459 -1 -1 -1 0 
