3 1 299 47 202 423 -1 -1 -1 0 
4 1 298 46 201 424 -1 -1 -1 0 
5 1 294 49 202 422 -1 -1 -1 0 
6 1 293 50 202 422 -1 -1 -1 0 
7 1 289 51 202 419 -1 -1 -1 0 
8 1 277 54 204 415 -1 -1 -1 0 
9 1 274 55 200 416 -1 -1 -1 0 
10 1 270 57 191 416 -1 -1 -1 0 
11 1 267 57 189 416 -1 -1 -1 0 
12 1 260 55 189 419 -1 -1 -1 0 
13 1 256 61 191 410 -1 -1 -1 0 
14 1 253 63 190 406 -1 -1 -1 0 
15 1 251 62 186 408 -1 -1 -1 0 
16 1 250 63 185 408 -1 -1 -1 0 
17 1 250 64 185 408 -1 -1 -1 0 
18 1 250 62 185 410 -1 -1 -1 0 
19 1 251 62 185 409 -1 -1 -1 0 
20 1 251 63 185 407 -1 -1 -1 0 
21 1 250 63 187 407 -1 -1 -1 0 
22 1 250 63 188 406 -1 -1 -1 0 
23 1 250 64 189 404 -1 -1 -1 0 
24 1 250 64 190 404 -1 -1 -1 0 
25 1 250 64 191 402 -1 -1 -1 0 
26 1 250 64 191 402 -1 -1 -1 0 
27 1 251 64 190 403 -1 -1 -1 0 
28 1 253 63 190 405 -1 -1 -1 0 
29 1 254 62 189 407 -1 -1 -1 0 
30 1 254 60 190 409 -1 -1 -1 0 
31 1 254 61 192 407 -1 -1 -1 0 
32 1 255 62 192 407 -1 -1 -1 0 
33 1 256 63 191 407 -1 -1 -1 0 
34 1 257 63 192 406 -1 -1 -1 0 
35 1 259 62 190 406 -1 -1 -1 0 
36 1 261 60 186 409 -1 -1 -1 0 
37 1 260 59 187 410 -1 -1 -1 0 
38 1 260 58 188 410 -1 -1 -1 0 
39 1 261 58 187 411 -1 -1 -1 0 
40 1 261 59 188 410 -1 -1 -1 0 
41 1 261 58 187 410 -1 -1 -1 0 
42 1 262 58 186 410 -1 -1 -1 0 
43 1 262 58 186 410 -1 -1 -1 0 
44 1 262 59 187 409 -1 -1 -1 0 
45 1 263 59 185 409 -1 -1 -1 0 
46 1 263 58 184 410 -1 -1 -1 0 
47 1 263 58 185 410 -1 -1 -1 0 
48 1 262 58 188 410 -1 -1 -1 0 
49 1 262 57 191 412 -1 -1 -1 0 
50 1 261 56 195 412 -1 -1 -1 0 
51 1 258 55 204 413 -1 -1 -1 0 
52 1 256 54 209 414 -1 -1 -1 0 
53 1 250 52 220 417 -1 -1 -1 0 
54 1 248 51 224 419 -1 -1 -1 0 
55 1 243 51 234 420 -1 -1 -1 0 
56 1 240 52 241 419 -1 -1 -1 0 
57 1 235 54 250 416 -1 -1 -1 0 
58 1 232 55 254 415 -1 -1 -1 0 
59 1 229 56 259 413 -1 -1 -1 0 
60 1 227 57 264 412 -1 -1 -1 0 
61 1 221 56 273 412 -1 -1 -1 0 
62 1 216 56 280 412 -1 -1 -1 0 
63 1 208 55 292 414 -1 -1 -1 0 
64 1 203 56 298 413 -1 -1 -1 0 
65 1 193 60 317 408 -1 -1 -1 0 
66 1 187 63 335 405 -1 -1 -1 0 
67 1 189 65 340 404 -1 -1 -1 0 
68 1 182 64 352 405 -1 -1 -1 0 
69 1 176 59 359 411 -1 -1 -1 0 
70 1 172 59 368 411 -1 -1 -1 0 
71 1 169 61 372 408 -1 -1 -1 0 
72 1 165 60 378 410 -1 -1 -1 0 
73 1 164 60 380 410 -1 -1 -1 0 
74 1 162 60 383 409 -1 -1 -1 0 
75 1 163 61 383 408 -1 -1 -1 0 
76 1 165 61 381 408 -1 -1 -1 0 
77 1 166 60 382 409 -1 -1 -1 0 
78 1 167 61 381 409 -1 -1 -1 0 
79 1 167 61 382 408 -1 -1 -1 0 
80 1 167 62 382 407 -1 -1 -1 0 
81 1 167 62 382 407 -1 -1 -1 0 
82 1 168 62 382 407 -1 -1 -1 0 
83 1 166 62 385 406 -1 -1 -1 0 
84 1 166 62 382 407 -1 -1 -1 0 
85 1 166 62 384 406 -1 -1 -1 0 
86 1 167 62 384 406 -1 -1 -1 0 
87 1 167 63 382 405 -1 -1 -1 0 
88 1 166 62 381 405 -1 -1 -1 0 
89 1 167 62 376 405 -1 -1 -1 0 
90 1 166 61 378 406 -1 -1 -1 0 
91 1 169 61 378 406 -1 -1 -1 0 
92 1 167 61 382 407 -1 -1 -1 0 
93 1 166 62 383 407 -1 -1 -1 0 
94 1 165 63 380 406 -1 -1 -1 0 
95 1 165 62 381 407 -1 -1 -1 0 
96 1 167 61 378 408 -1 -1 -1 0 
97 1 161 60 390 409 -1 -1 -1 0 
98 1 155 59 395 411 -1 -1 -1 0 
99 1 153 59 396 412 -1 -1 -1 0 
100 1 155 59 392 413 -1 -1 -1 0 
101 1 156 59 389 413 -1 -1 -1 0 
102 1 156 59 388 413 -1 -1 -1 0 
103 1 153 60 391 412 -1 -1 -1 0 
104 1 154 61 390 412 -1 -1 -1 0 
105 1 162 57 374 415 -1 -1 -1 0 
106 1 165 56 363 416 -1 -1 -1 0 
107 1 177 58 325 414 -1 -1 -1 0 
108 1 208 56 252 419 -1 -1 -1 0 
109 1 231 60 210 412 -1 -1 -1 0 
110 1 231 60 210 411 -1 -1 -1 0 
111 1 231 60 210 411 -1 -1 -1 0 
112 1 245 62 183 415 -1 -1 -1 0 
113 1 241 59 194 419 -1 -1 -1 0 
114 1 238 59 201 419 -1 -1 -1 0 
115 1 235 58 210 419 -1 -1 -1 0 
116 1 234 59 215 415 -1 -1 -1 0 
117 1 237 55 215 416 -1 -1 -1 0 
118 1 241 50 215 423 -1 -1 -1 0 
119 1 249 47 207 425 -1 -1 -1 0 
120 1 252 43 214 431 -1 -1 -1 0 
121 1 257 42 213 432 -1 -1 -1 0 
122 1 264 38 210 435 -1 -1 -1 0 
123 1 270 25 213 448 -1 -1 -1 0 
124 1 273 21 215 453 -1 -1 -1 0 
125 1 280 18 216 454 -1 -1 -1 0 
126 1 283 14 216 458 -1 -1 -1 0 
127 1 283 14 221 458 -1 -1 -1 0 
128 1 289 9 217 466 -1 -1 -1 0 
129 1 289 6 221 468 -1 -1 -1 0 
130 1 289 0 226 472 -1 -1 -1 0 
131 1 289 0 229 470 -1 -1 -1 0 
132 1 289 0 230 473 -1 -1 -1 0 
133 1 285 0 234 472 -1 -1 -1 0 
134 1 282 0 237 474 -1 -1 -1 0 
135 1 273 0 245 476 -1 -1 -1 0 
136 1 266 0 251 471 -1 -1 -1 0 
137 1 255 0 261 473 -1 -1 -1 0 
138 1 252 0 265 472 -1 -1 -1 0 
139 1 244 0 271 472 -1 -1 -1 0 
140 1 241 0 273 475 -1 -1 -1 0 
141 1 236 0 280 474 -1 -1 -1 0 
142 1 238 0 284 475 -1 -1 -1 0 
143 1 238 0 287 478 -1 -1 -1 0 
144 1 240 0 295 473 -1 -1 -1 0 
145 1 246 0 297 473 -1 -1 -1 0 
146 1 254 0 312 473 -1 -1 -1 0 
147 1 257 0 323 471 -1 -1 -1 0 
148 1 272 0 328 476 -1 -1 -1 0 
149 1 278 0 331 474 -1 -1 -1 0 
150 1 284 0 337 473 -1 -1 -1 0 
151 1 287 3 338 470 -1 -1 -1 0 
152 1 296 3 331 470 -1 -1 -1 0 
153 1 298 4 333 469 -1 -1 -1 0 
154 1 299 4 332 470 -1 -1 -1 0 
155 1 303 1 320 470 -1 -1 -1 0 
156 1 306 0 314 470 -1 -1 -1 0 
157 1 307 0 297 476 -1 -1 -1 0 
158 1 308 0 287 477 -1 -1 -1 0 
159 1 301 7 264 472 -1 -1 -1 0 
160 1 294 5 254 474 -1 -1 -1 0 
161 1 278 2 226 477 -1 -1 -1 0 
162 1 272 2 204 477 -1 -1 -1 0 
163 1 259 0 195 479 -1 -1 -1 0 
164 1 249 1 207 476 -1 -1 -1 0 
165 1 220 0 241 476 -1 -1 -1 0 
166 1 208 0 249 476 -1 -1 -1 0 
167 1 195 6 260 467 -1 -1 -1 0 
168 1 180 0 268 475 -1 -1 -1 0 
169 1 177 0 277 479 -1 -1 -1 0 
170 1 169 0 282 479 -1 -1 -1 0 
171 1 156 4 278 475 -1 -1 -1 0 
172 1 140 0 288 479 -1 -1 -1 0 
173 1 131 0 293 479 -1 -1 -1 0 
174 1 116 0 289 479 -1 -1 -1 0 
175 1 112 0 283 479 -1 -1 -1 0 
176 1 97 0 286 479 -1 -1 -1 0 
177 1 93 0 281 479 -1 -1 -1 0 
178 1 85 1 280 478 -1 -1 -1 0 
179 1 83 0 276 479 -1 -1 -1 0 
180 1 81 2 275 477 -1 -1 -1 0 
181 1 85 0 265 479 -1 -1 -1 0 
182 1 89 2 259 477 -1 -1 -1 0 
183 1 94 8 255 468 -1 -1 -1 0 
184 1 104 11 253 466 -1 -1 -1 0 
185 1 113 11 248 466 -1 -1 -1 0 
186 1 127 19 241 453 -1 -1 -1 0 
187 1 140 23 230 448 -1 -1 -1 0 
188 1 155 28 217 442 -1 -1 -1 0 
189 1 160 31 208 437 -1 -1 -1 0 
190 1 168 39 200 429 -1 -1 -1 0 
191 1 171 46 196 423 -1 -1 -1 0 
192 1 171 49 196 421 -1 -1 -1 0 
193 1 174 54 189 418 -1 -1 -1 0 
194 1 175 60 181 412 -1 -1 -1 0 
195 1 174 62 178 409 -1 -1 -1 0 
196 1 174 69 176 402 -1 -1 -1 0 
197 1 173 73 174 396 -1 -1 -1 0 
198 1 171 76 172 394 -1 -1 -1 0 
199 1 167 77 171 397 -1 -1 -1 0 
200 1 166 79 170 397 -1 -1 -1 0 
201 1 162 82 174 396 -1 -1 -1 0 
202 1 158 84 178 393 -1 -1 -1 0 
203 1 157 90 178 385 -1 -1 -1 0 
204 1 156 85 179 393 -1 -1 -1 0 
205 1 156 86 178 392 -1 -1 -1 0 
206 1 157 86 175 391 -1 -1 -1 0 
207 1 162 88 167 389 -1 -1 -1 0 
208 1 167 87 157 392 -1 -1 -1 0 
209 1 188 95 146 379 -1 -1 -1 0 
210 1 206 98 131 375 -1 -1 -1 0 
211 1 231 100 111 376 -1 -1 -1 0 
212 1 242 105 100 368 -1 -1 -1 0 
213 1 248 105 98 368 -1 -1 -1 0 
214 1 250 103 101 371 -1 -1 -1 0 
215 1 238 101 128 371 -1 -1 -1 0 
216 1 234 103 137 370 -1 -1 -1 0 
217 1 232 103 146 372 -1 -1 -1 0 
218 1 233 104 152 370 -1 -1 -1 0 
219 1 236 104 153 369 -1 -1 -1 0 
220 1 240 101 151 373 -1 -1 -1 0 
221 1 245 100 147 374 -1 -1 -1 0 
222 1 251 100 143 375 -1 -1 -1 0 
223 1 253 101 145 375 -1 -1 -1 0 
224 1 255 102 147 374 -1 -1 -1 0 
225 1 263 104 145 372 -1 -1 -1 0 
226 1 269 106 144 369 -1 -1 -1 0 
227 1 275 108 140 366 -1 -1 -1 0 
228 1 272 98 148 379 -1 -1 -1 0 
229 1 273 98 147 379 -1 -1 -1 0 
230 1 274 106 146 371 -1 -1 -1 0 
231 1 272 107 144 369 -1 -1 -1 0 
232 1 270 107 140 368 -1 -1 -1 0 
233 1 265 106 141 371 -1 -1 -1 0 
234 1 260 106 143 373 -1 -1 -1 0 
235 1 257 106 141 372 -1 -1 -1 0 
236 1 255 106 141 371 -1 -1 -1 0 
237 1 250 108 134 366 -1 -1 -1 0 
238 1 245 109 131 365 -1 -1 -1 0 
239 1 242 109 132 365 -1 -1 -1 0 
240 1 239 107 134 367 -1 -1 -1 0 
241 1 237 106 135 367 -1 -1 -1 0 
242 1 235 105 137 369 -1 -1 -1 0 
243 1 231 101 152 378 -1 -1 -1 0 
244 1 231 101 156 378 -1 -1 -1 0 
245 1 231 102 159 377 -1 -1 -1 0 
246 1 231 102 162 377 -1 -1 -1 0 
247 1 233 102 160 377 -1 -1 -1 0 
248 1 232 101 156 378 -1 -1 -1 0 
249 1 233 101 153 378 -1 -1 -1 0 
250 1 235 100 148 379 -1 -1 -1 0 
251 1 237 100 144 377 -1 -1 -1 0 
252 1 239 99 143 379 -1 -1 -1 0 
253 1 240 99 141 379 -1 -1 -1 0 
254 1 239 99 142 379 -1 -1 -1 0 
255 1 239 99 140 380 -1 -1 -1 0 
256 1 239 95 140 384 -1 -1 -1 0 
257 1 239 96 141 383 -1 -1 -1 0 
258 1 238 96 141 383 -1 -1 -1 0 
259 1 239 96 139 383 -1 -1 -1 0 
260 1 239 97 138 382 -1 -1 -1 0 
261 1 240 98 134 381 -1 -1 -1 0 
262 1 239 97 134 381 -1 -1 -1 0 
263 1 239 97 135 382 -1 -1 -1 0 
264 1 239 96 136 383 -1 -1 -1 0 
265 1 240 97 135 382 -1 -1 -1 0 
266 1 240 98 135 380 -1 -1 -1 0 
267 1 241 99 134 379 -1 -1 -1 0 
268 1 241 100 134 376 -1 -1 -1 0 
269 1 241 101 139 374 -1 -1 -1 0 
270 1 242 99 138 379 -1 -1 -1 0 
271 1 244 112 132 361 -1 -1 -1 0 
272 1 246 113 132 358 -1 -1 -1 0 
273 1 247 110 132 362 -1 -1 -1 0 
274 1 247 110 135 362 -1 -1 -1 0 
275 1 249 111 141 362 -1 -1 -1 0 
276 1 252 110 140 365 -1 -1 -1 0 
277 1 250 101 149 378 -1 -1 -1 0 
278 1 252 99 157 380 -1 -1 -1 0 
279 1 254 100 158 377 -1 -1 -1 0 
280 1 255 101 160 376 -1 -1 -1 0 
281 1 258 103 158 372 -1 -1 -1 0 
282 1 258 103 161 371 -1 -1 -1 0 
283 1 251 102 181 375 -1 -1 -1 0 
284 1 254 104 172 370 -1 -1 -1 0 
285 1 254 104 172 370 -1 -1 -1 0 
286 1 253 105 174 369 -1 -1 -1 0 
287 1 248 104 184 372 -1 -1 -1 0 
288 1 248 102 183 374 -1 -1 -1 0 
289 1 248 100 182 377 -1 -1 -1 0 
290 1 248 105 176 371 -1 -1 -1 0 
291 1 249 105 173 374 -1 -1 -1 0 
292 1 248 104 170 375 -1 -1 -1 0 
293 1 246 102 170 377 -1 -1 -1 0 
294 1 246 101 166 378 -1 -1 -1 0 
295 1 245 100 165 379 -1 -1 -1 0 
296 1 245 101 164 378 -1 -1 -1 0 
297 1 245 103 164 376 -1 -1 -1 0 
298 1 246 104 162 375 -1 -1 -1 0 
299 1 245 104 162 375 -1 -1 -1 0 
300 1 246 104 160 375 -1 -1 -1 0 
301 1 246 105 160 374 -1 -1 -1 0 
302 1 247 104 159 375 -1 -1 -1 0 
303 1 246 104 159 375 -1 -1 -1 0 
304 1 247 102 158 377 -1 -1 -1 0 
305 1 246 102 160 377 -1 -1 -1 0 
306 1 246 103 159 376 -1 -1 -1 0 
307 1 247 102 158 377 -1 -1 -1 0 
308 1 247 101 158 378 -1 -1 -1 0 
309 1 246 101 161 378 -1 -1 -1 0 
310 1 248 100 157 379 -1 -1 -1 0 
311 1 247 99 159 380 -1 -1 -1 0 
312 1 248 99 157 380 -1 -1 -1 0 
313 1 248 99 157 380 -1 -1 -1 0 
314 1 247 100 158 379 -1 -1 -1 0 
315 1 248 99 156 380 -1 -1 -1 0 
316 1 248 99 156 380 -1 -1 -1 0 
317 1 248 99 157 380 -1 -1 -1 0 
318 1 248 99 156 380 -1 -1 -1 0 
319 1 248 99 156 380 -1 -1 -1 0 
320 1 248 100 156 379 -1 -1 -1 0 
321 1 248 99 157 380 -1 -1 -1 0 
322 1 248 100 156 379 -1 -1 -1 0 
323 1 248 101 155 378 -1 -1 -1 0 
324 1 248 101 155 378 -1 -1 -1 0 
325 1 249 100 154 379 -1 -1 -1 0 
326 1 248 100 156 379 -1 -1 -1 0 
327 1 248 101 155 378 -1 -1 -1 0 
328 1 249 101 153 378 -1 -1 -1 0 
329 1 249 101 153 378 -1 -1 -1 0 
330 1 249 109 149 368 -1 -1 -1 0 
331 1 250 110 147 366 -1 -1 -1 0 
332 1 249 110 147 367 -1 -1 -1 0 
333 1 250 110 146 366 -1 -1 -1 0 
334 1 249 110 147 366 -1 -1 -1 0 
335 1 250 110 146 366 -1 -1 -1 0 
336 1 250 110 145 367 -1 -1 -1 0 
337 1 249 110 146 367 -1 -1 -1 0 
338 1 249 110 147 366 -1 -1 -1 0 
339 1 250 110 145 366 -1 -1 -1 0 
340 1 250 110 145 366 -1 -1 -1 0 
341 1 250 110 144 367 -1 -1 -1 0 
342 1 249 110 146 367 -1 -1 -1 0 
343 1 250 110 145 367 -1 -1 -1 0 
344 1 249 110 147 367 -1 -1 -1 0 
345 1 250 109 146 368 -1 -1 -1 0 
346 1 250 108 145 368 -1 -1 -1 0 
347 1 250 108 144 368 -1 -1 -1 0 
348 1 250 108 143 369 -1 -1 -1 0 
349 1 249 108 141 368 -1 -1 -1 0 
350 1 247 109 142 367 -1 -1 -1 0 
351 1 242 108 145 367 -1 -1 -1 0 
352 1 238 107 148 367 -1 -1 -1 0 
353 1 232 100 157 378 -1 -1 -1 0 
354 1 227 97 159 382 -1 -1 -1 0 
355 1 226 97 157 382 -1 -1 -1 0 
356 1 225 95 157 384 -1 -1 -1 0 
357 1 223 95 162 384 -1 -1 -1 0 
358 1 223 95 163 384 -1 -1 -1 0 
359 1 223 99 164 377 -1 -1 -1 0 
360 1 223 100 166 376 -1 -1 -1 0 
361 1 227 99 166 376 -1 -1 -1 0 
362 1 229 95 165 378 -1 -1 -1 0 
363 1 234 82 166 389 -1 -1 -1 0 
364 1 234 77 170 392 -1 -1 -1 0 
365 1 234 67 179 403 -1 -1 -1 0 
366 1 235 63 180 406 -1 -1 -1 0 
367 1 234 57 184 412 -1 -1 -1 0 
368 1 229 54 197 416 -1 -1 -1 0 
369 1 226 52 205 419 -1 -1 -1 0 
370 1 219 46 217 425 -1 -1 -1 0 
371 1 215 39 224 434 -1 -1 -1 0 
372 1 213 20 230 454 -1 -1 -1 0 
373 1 208 8 238 468 -1 -1 -1 0 
374 1 207 7 239 469 -1 -1 -1 0 
375 1 204 2 241 476 -1 -1 -1 0 
376 1 191 0 253 473 -1 -1 -1 0 
377 1 177 0 268 479 -1 -1 -1 0 
378 1 176 0 268 479 -1 -1 -1 0 
379 1 171 0 274 479 -1 -1 -1 0 
380 1 166 0 282 479 -1 -1 -1 0 
381 1 166 0 281 479 -1 -1 -1 0 
382 1 158 0 308 471 -1 -1 -1 0 
383 1 158 0 309 472 -1 -1 -1 0 
384 1 158 0 309 472 -1 -1 -1 0 
385 1 158 0 309 472 -1 -1 -1 0 
386 1 89 0 448 471 -1 -1 -1 0 
387 1 88 0 449 472 -1 -1 -1 0 
388 1 88 0 449 472 -1 -1 -1 0 
389 1 1 0 591 466 -1 -1 -1 0 
390 1 0 0 591 466 -1 -1 -1 0 
391 1 0 0 590 466 -1 -1 -1 0 
392 1 0 0 590 466 -1 -1 -1 0 
393 1 25 6 557 461 -1 -1 -1 0 
394 1 27 7 557 462 -1 -1 -1 0 
395 1 1 0 582 469 -1 -1 -1 0 
396 1 40 0 471 468 -1 -1 -1 0 
397 1 39 0 473 469 -1 -1 -1 0 
398 1 39 0 473 469 -1 -1 -1 0 
399 1 61 0 433 466 -1 -1 -1 0 
400 1 61 0 434 466 -1 -1 -1 0 
401 1 39 1 475 459 -1 -1 -1 0 
402 1 39 1 476 459 -1 -1 -1 0 
403 1 40 1 475 459 -1 -1 -1 0 
404 1 40 1 468 461 -1 -1 -1 0 
405 1 39 2 469 460 -1 -1 -1 0 
406 1 39 1 469 461 -1 -1 -1 0 
407 1 38 4 467 457 -1 -1 -1 0 
408 1 38 4 467 457 -1 -1 -1 0 
409 1 41 3 460 458 -1 -1 -1 0 
410 1 37 2 464 458 -1 -1 -1 0 
411 1 36 1 464 459 -1 -1 -1 0 
412 1 36 1 465 459 -1 -1 -1 0 
413 1 36 1 465 459 -1 -1 -1 0 
414 1 36 1 465 459 -1 -1 -1 0 
415 1 36 1 465 459 -1 -1 -1 0 
416 1 44 4 448 457 -1 -1 -1 0 
417 1 46 5 442 455 -1 -1 -1 0 
418 1 43 3 449 459 -1 -1 -1 0 
419 1 43 2 450 458 -1 -1 -1 0 
420 1 44 1 450 458 -1 -1 -1 0 
421 1 45 1 447 461 -1 -1 -1 0 
422 1 45 2 447 460 -1 -1 -1 0 
423 1 47 1 445 461 -1 -1 -1 0 
424 1 44 1 453 461 -1 -1 -1 0 
425 1 45 1 451 462 -1 -1 -1 0 
426 1 51 1 442 462 -1 -1 -1 0 
427 1 48 1 446 463 -1 -1 -1 0 
428 1 49 2 443 462 -1 -1 -1 0 
429 1 51 1 437 463 -1 -1 -1 0 
430 1 50 2 438 460 -1 -1 -1 0 
431 1 51 1 440 462 -1 -1 -1 0 
432 1 49 1 445 462 -1 -1 -1 0 
433 1 49 1 444 461 -1 -1 -1 0 
434 1 49 0 444 462 -1 -1 -1 0 
435 1 48 1 444 460 -1 -1 -1 0 
436 1 50 0 440 461 -1 -1 -1 0 
437 1 52 1 438 460 -1 -1 -1 0 
438 1 52 1 439 461 -1 -1 -1 0 
439 1 50 1 442 461 -1 -1 -1 0 
440 1 50 2 442 460 -1 -1 -1 0 
441 1 51 1 441 461 -1 -1 -1 0 
442 1 50 0 443 462 -1 -1 -1 0 
443 1 50 0 443 462 -1 -1 -1 0 
444 1 52 1 439 461 -1 -1 -1 0 
445 1 51 0 441 462 -1 -1 -1 0 
446 1 53 0 437 463 -1 -1 -1 0 
447 1 53 0 437 462 -1 -1 -1 0 
448 1 55 0 435 461 -1 -1 -1 0 
449 1 52 0 434 461 -1 -1 -1 0 
450 1 42 0 444 461 -1 -1 -1 0 
451 1 51 0 439 463 -1 -1 -1 0 
452 1 51 2 441 462 -1 -1 -1 0 
453 1 53 1 444 465 -1 -1 -1 0 
454 1 50 0 451 465 -1 -1 -1 0 
455 1 37 3 466 464 -1 -1 -1 0 
456 1 53 4 445 464 -1 -1 -1 0 
457 1 4 0 486 473 -1 -1 -1 0 
458 1 4 1 477 471 -1 -1 -1 0 
459 1 13 3 507 471 -1 -1 -1 0 
460 1 17 3 507 465 -1 -1 -1 0 
461 1 40 4 487 460 -1 -1 -1 0 
462 1 51 0 496 465 -1 -1 -1 0 
463 1 78 4 468 459 -1 -1 -1 0 
464 1 80 3 473 466 -1 -1 -1 0 
465 1 79 2 478 465 -1 -1 -1 0 
466 1 78 1 473 469 -1 -1 -1 0 
467 1 85 0 447 471 -1 -1 -1 0 
468 1 89 0 446 471 -1 -1 -1 0 
469 1 91 0 415 469 -1 -1 -1 0 
470 1 94 0 398 470 -1 -1 -1 0 
471 1 109 0 370 474 -1 -1 -1 0 
472 1 123 0 358 476 -1 -1 -1 0 
473 1 137 0 338 479 -1 -1 -1 0 
474 1 144 0 325 479 -1 -1 -1 0 
475 1 153 0 310 479 -1 -1 -1 0 
476 1 157 0 304 479 -1 -1 -1 0 
477 1 168 0 292 479 -1 -1 -1 0 
478 1 171 0 290 476 -1 -1 -1 0 
479 1 173 0 286 476 -1 -1 -1 0 
480 1 182 0 274 470 -1 -1 -1 0 
481 1 197 7 257 467 -1 -1 -1 0 
482 1 198 7 257 467 -1 -1 -1 0 
483 1 208 18 246 454 -1 -1 -1 0 
484 1 214 25 235 446 -1 -1 -1 0 
485 1 214 28 234 445 -1 -1 -1 0 
486 1 211 40 231 434 -1 -1 -1 0 
487 1 211 64 212 408 -1 -1 -1 0 
488 1 209 77 202 398 -1 -1 -1 0 
489 1 209 78 201 397 -1 -1 -1 0 
490 1 209 83 189 390 -1 -1 -1 0 
491 1 210 82 171 389 -1 -1 -1 0 
492 1 211 81 163 391 -1 -1 -1 0 
493 1 210 82 160 393 -1 -1 -1 0 
494 1 209 84 158 394 -1 -1 -1 0 
495 1 208 89 157 387 -1 -1 -1 0 
496 1 209 91 154 384 -1 -1 -1 0 
497 1 209 89 155 385 -1 -1 -1 0 
498 1 211 90 150 385 -1 -1 -1 0 
499 1 211 90 147 386 -1 -1 -1 0 
500 1 212 88 147 389 -1 -1 -1 0 
501 1 218 88 142 390 -1 -1 -1 0 
502 1 220 89 144 389 -1 -1 -1 0 
503 1 226 93 151 384 -1 -1 -1 0 
504 1 227 95 160 383 -1 -1 -1 0 
505 1 228 94 166 383 -1 -1 -1 0 
506 1 231 98 172 379 -1 -1 -1 0 
507 1 232 100 177 377 -1 -1 -1 0 
508 1 232 100 182 376 -1 -1 -1 0 
509 1 233 102 199 373 -1 -1 -1 0 
510 1 235 105 192 370 -1 -1 -1 0 
511 1 237 101 197 377 -1 -1 -1 0 
512 1 238 101 201 378 -1 -1 -1 0 
513 1 238 105 199 373 -1 -1 -1 0 
514 1 238 103 199 376 -1 -1 -1 0 
515 1 238 103 198 376 -1 -1 -1 0 
516 1 236 106 199 372 -1 -1 -1 0 
517 1 237 106 198 373 -1 -1 -1 0 
518 1 236 103 197 376 -1 -1 -1 0 
519 1 236 102 195 377 -1 -1 -1 0 
520 1 235 105 192 372 -1 -1 -1 0 
521 1 235 106 191 372 -1 -1 -1 0 
522 1 233 104 192 375 -1 -1 -1 0 
523 1 232 105 193 373 -1 -1 -1 0 
524 1 232 106 191 371 -1 -1 -1 0 
525 1 231 107 191 371 -1 -1 -1 0 
526 1 230 107 191 370 -1 -1 -1 0 
527 1 230 107 189 371 -1 -1 -1 0 
528 1 229 106 190 372 -1 -1 -1 0 
529 1 228 105 190 373 -1 -1 -1 0 
530 1 228 104 191 374 -1 -1 -1 0 
531 1 228 101 187 377 -1 -1 -1 0 
532 1 227 102 178 372 -1 -1 -1 0 
533 1 226 103 176 370 -1 -1 -1 0 
534 1 226 103 177 370 -1 -1 -1 0 
535 1 225 104 178 368 -1 -1 -1 0 
536 1 225 104 179 369 -1 -1 -1 0 
537 1 224 102 184 376 -1 -1 -1 0 
538 1 224 101 188 378 -1 -1 -1 0 
539 1 224 101 189 378 -1 -1 -1 0 
540 1 223 102 190 377 -1 -1 -1 0 
541 1 223 101 188 378 -1 -1 -1 0 
542 1 223 100 186 379 -1 -1 -1 0 
543 1 224 102 189 377 -1 -1 -1 0 
544 1 225 103 189 376 -1 -1 -1 0 
545 1 225 104 187 375 -1 -1 -1 0 
546 1 224 101 187 378 -1 -1 -1 0 
547 1 222 101 191 378 -1 -1 -1 0 
548 1 223 98 190 381 -1 -1 -1 0 
549 1 224 102 189 377 -1 -1 -1 0 
550 1 224 86 172 393 -1 -1 -1 0 
551 1 221 108 172 368 -1 -1 -1 0 
552 1 213 105 151 373 -1 -1 -1 0 
553 1 211 104 142 374 -1 -1 -1 0 
554 1 210 104 136 374 -1 -1 -1 0 
555 1 209 106 133 368 -1 -1 -1 0 
556 1 209 106 134 370 -1 -1 -1 0 
557 1 209 107 134 367 -1 -1 -1 0 
558 1 208 107 138 366 -1 -1 -1 0 
559 1 209 106 143 370 -1 -1 -1 0 
560 1 210 97 167 382 -1 -1 -1 0 
561 1 214 102 171 376 -1 -1 -1 0 
562 1 215 103 183 375 -1 -1 -1 0 
563 1 214 102 196 377 -1 -1 -1 0 
564 1 214 101 207 378 -1 -1 -1 0 
565 1 215 103 207 376 -1 -1 -1 0 
566 1 214 103 207 375 -1 -1 -1 0 
567 1 214 102 205 377 -1 -1 -1 0 
568 1 215 101 202 378 -1 -1 -1 0 
569 1 214 103 200 376 -1 -1 -1 0 
570 1 214 107 198 371 -1 -1 -1 0 
571 1 213 108 195 369 -1 -1 -1 0 
572 1 212 109 195 367 -1 -1 -1 0 
573 1 213 111 191 365 -1 -1 -1 0 
574 1 214 113 186 363 -1 -1 -1 0 
575 1 214 113 184 362 -1 -1 -1 0 
576 1 213 113 186 363 -1 -1 -1 0 
577 1 213 112 193 364 -1 -1 -1 0 
578 1 215 112 191 364 -1 -1 -1 0 
579 1 214 111 194 366 -1 -1 -1 0 
580 1 214 112 195 364 -1 -1 -1 0 
581 1 214 111 196 365 -1 -1 -1 0 
582 1 215 111 193 365 -1 -1 -1 0 
583 1 216 112 187 365 -1 -1 -1 0 
584 1 215 112 184 364 -1 -1 -1 0 
585 1 216 112 180 363 -1 -1 -1 0 
586 1 215 111 187 364 -1 -1 -1 0 
587 1 215 111 197 365 -1 -1 -1 0 
588 1 216 112 194 364 -1 -1 -1 0 
589 1 215 113 196 364 -1 -1 -1 0 
590 1 215 113 204 363 -1 -1 -1 0 
591 1 215 113 206 363 -1 -1 -1 0 
592 1 215 112 209 364 -1 -1 -1 0 
593 1 215 112 212 365 -1 -1 -1 0 
594 1 216 112 211 364 -1 -1 -1 0 
595 1 216 112 208 365 -1 -1 -1 0 
596 1 216 112 208 365 -1 -1 -1 0 
597 1 215 112 209 365 -1 -1 -1 0 
598 1 215 112 208 365 -1 -1 -1 0 
599 1 214 110 209 366 -1 -1 -1 0 
600 1 214 109 209 367 -1 -1 -1 0 
601 1 213 108 210 368 -1 -1 -1 0 
602 1 214 106 203 371 -1 -1 -1 0 
603 1 214 107 195 370 -1 -1 -1 0 
604 1 214 107 191 370 -1 -1 -1 0 
605 1 212 106 195 371 -1 -1 -1 0 
606 1 214 104 186 373 -1 -1 -1 0 
607 1 214 103 183 374 -1 -1 -1 0 
608 1 212 102 184 374 -1 -1 -1 0 
609 1 212 101 181 375 -1 -1 -1 0 
610 1 212 101 178 375 -1 -1 -1 0 
611 1 210 102 179 374 -1 -1 -1 0 
612 1 208 91 176 388 -1 -1 -1 0 
613 1 208 92 168 387 -1 -1 -1 0 
614 1 207 95 163 384 -1 -1 -1 0 
615 1 206 96 160 383 -1 -1 -1 0 
616 1 206 96 158 383 -1 -1 -1 0 
617 1 206 103 156 372 -1 -1 -1 0 
618 1 204 98 160 381 -1 -1 -1 0 
619 1 206 103 155 372 -1 -1 -1 0 
620 1 206 103 154 372 -1 -1 -1 0 
621 1 206 98 158 381 -1 -1 -1 0 
622 1 207 96 158 383 -1 -1 -1 0 
623 1 211 104 159 373 -1 -1 -1 0 
624 1 216 100 165 377 -1 -1 -1 0 
625 1 221 103 164 371 -1 -1 -1 0 
626 1 231 106 165 367 -1 -1 -1 0 
627 1 239 108 162 366 -1 -1 -1 0 
628 1 251 114 161 360 -1 -1 -1 0 
629 1 257 114 160 360 -1 -1 -1 0 
630 1 272 114 154 360 -1 -1 -1 0 
631 1 285 111 151 363 -1 -1 -1 0 
632 1 292 111 151 362 -1 -1 -1 0 
633 1 298 110 158 364 -1 -1 -1 0 
634 1 302 110 160 367 -1 -1 -1 0 
635 1 306 113 161 364 -1 -1 -1 0 
636 1 308 116 162 361 -1 -1 -1 0 
637 1 316 117 155 361 -1 -1 -1 0 
638 1 318 113 156 365 -1 -1 -1 0 
639 1 322 115 153 361 -1 -1 -1 0 
640 1 327 119 162 356 -1 -1 -1 0 
641 1 336 118 180 356 -1 -1 -1 0 
642 1 342 119 182 356 -1 -1 -1 0 
643 1 347 120 184 354 -1 -1 -1 0 
644 1 357 121 178 353 -1 -1 -1 0 
645 1 359 123 187 350 -1 -1 -1 0 
646 1 354 120 201 353 -1 -1 -1 0 
647 1 383 119 191 355 -1 -1 -1 0 
648 1 418 122 162 352 -1 -1 -1 0 
649 1 435 117 149 358 -1 -1 -1 0 
650 1 448 115 140 362 -1 -1 -1 0 
651 1 451 115 138 364 -1 -1 -1 0 
652 1 454 114 135 365 -1 -1 -1 0 
653 1 459 114 125 365 -1 -1 -1 0 
654 1 460 114 121 363 -1 -1 -1 0 
655 1 462 114 120 362 -1 -1 -1 0 
656 1 463 117 119 359 -1 -1 -1 0 
657 1 464 118 118 358 -1 -1 -1 0 
658 1 464 118 119 358 -1 -1 -1 0 
659 1 464 119 119 357 -1 -1 -1 0 
660 1 464 119 121 357 -1 -1 -1 0 
661 1 464 119 121 357 -1 -1 -1 0 
662 1 465 118 120 358 -1 -1 -1 0 
663 1 465 118 119 359 -1 -1 -1 0 
664 1 465 118 118 358 -1 -1 -1 0 
665 1 465 119 117 358 -1 -1 -1 0 
666 1 465 118 117 358 -1 -1 -1 0 
667 1 466 119 116 358 -1 -1 -1 0 
668 1 466 119 116 357 -1 -1 -1 0 
669 1 466 118 117 358 -1 -1 -1 0 
670 1 466 119 117 357 -1 -1 -1 0 
671 1 466 119 117 356 -1 -1 -1 0 
672 1 467 119 115 356 -1 -1 -1 0 
673 1 467 118 116 357 -1 -1 -1 0 
674 1 466 119 117 356 -1 -1 -1 0 
675 1 467 120 115 355 -1 -1 -1 0 
676 1 468 119 115 356 -1 -1 -1 0 
677 1 467 119 117 356 -1 -1 -1 0 
678 1 467 119 116 356 -1 -1 -1 0 
679 1 468 119 116 356 -1 -1 -1 0 
680 1 467 119 117 356 -1 -1 -1 0 
681 1 468 119 116 357 -1 -1 -1 0 
682 1 466 119 119 357 -1 -1 -1 0 
683 1 466 119 118 356 -1 -1 -1 0 
684 1 467 119 117 356 -1 -1 -1 0 
685 1 467 119 118 356 -1 -1 -1 0 
686 1 467 120 117 355 -1 -1 -1 0 
687 1 466 119 118 357 -1 -1 -1 0 
688 1 466 118 118 357 -1 -1 -1 0 
689 1 466 119 119 357 -1 -1 -1 0 
690 1 467 119 117 357 -1 -1 -1 0 
691 1 466 118 118 357 -1 -1 -1 0 
692 1 467 119 118 357 -1 -1 -1 0 
693 1 466 118 118 357 -1 -1 -1 0 
694 1 467 119 117 357 -1 -1 -1 0 
695 1 466 118 119 358 -1 -1 -1 0 
696 1 467 118 117 358 -1 -1 -1 0 
697 1 467 117 117 358 -1 -1 -1 0 
698 1 467 118 118 358 -1 -1 -1 0 
699 1 467 118 118 358 -1 -1 -1 0 
700 1 467 117 118 359 -1 -1 -1 0 
701 1 468 118 117 358 -1 -1 -1 0 
702 1 467 117 118 358 -1 -1 -1 0 
703 1 467 118 118 358 -1 -1 -1 0 
704 1 468 118 117 358 -1 -1 -1 0 
705 1 467 118 118 358 -1 -1 -1 0 
706 1 466 119 120 358 -1 -1 -1 0 
707 1 468 118 117 358 -1 -1 -1 0 
708 1 467 118 118 358 -1 -1 -1 0 
709 1 468 117 116 359 -1 -1 -1 0 
710 1 467 118 117 359 -1 -1 -1 0 
711 1 467 117 118 359 -1 -1 -1 0 
712 1 467 118 118 358 -1 -1 -1 0 
713 1 467 117 117 358 -1 -1 -1 0 
714 1 468 117 116 359 -1 -1 -1 0 
715 1 467 118 118 358 -1 -1 -1 0 
716 1 467 117 118 358 -1 -1 -1 0 
717 1 467 118 117 358 -1 -1 -1 0 
718 1 467 118 117 358 -1 -1 -1 0 
719 1 468 118 116 358 -1 -1 -1 0 
720 1 468 117 116 359 -1 -1 -1 0 
721 1 467 118 118 359 -1 -1 -1 0 
722 1 467 118 118 358 -1 -1 -1 0 
723 1 467 117 117 358 -1 -1 -1 0 
724 1 467 118 118 358 -1 -1 -1 0 
725 1 468 118 116 357 -1 -1 -1 0 
726 1 467 118 118 357 -1 -1 -1 0 
727 1 468 118 116 358 -1 -1 -1 0 
728 1 468 118 116 358 -1 -1 -1 0 
729 1 467 117 118 359 -1 -1 -1 0 
730 1 467 118 117 359 -1 -1 -1 0 
731 1 468 117 117 359 -1 -1 -1 0 
732 1 467 118 118 359 -1 -1 -1 0 
733 1 466 117 119 359 -1 -1 -1 0 
734 1 466 118 119 359 -1 -1 -1 0 
735 1 467 117 117 360 -1 -1 -1 0 
736 1 467 116 116 361 -1 -1 -1 0 
737 1 466 116 116 362 -1 -1 -1 0 
738 1 464 117 120 362 -1 -1 -1 0 
739 1 461 117 121 360 -1 -1 -1 0 
740 1 457 116 124 360 -1 -1 -1 0 
741 1 452 112 127 365 -1 -1 -1 0 
742 1 442 112 131 363 -1 -1 -1 0 
743 1 432 113 138 362 -1 -1 -1 0 
744 1 418 118 143 357 -1 -1 -1 0 
745 1 404 116 145 361 -1 -1 -1 0 
746 1 400 114 143 364 -1 -1 -1 0 
747 1 391 120 145 353 -1 -1 -1 0 
748 1 378 119 144 358 -1 -1 -1 0 
749 1 367 118 145 357 -1 -1 -1 0 
750 1 354 113 145 364 -1 -1 -1 0 
751 1 345 112 147 366 -1 -1 -1 0 
752 1 336 115 143 356 -1 -1 -1 0 
753 1 330 116 148 353 -1 -1 -1 0 
754 1 320 107 150 367 -1 -1 -1 0 
755 1 316 110 147 365 -1 -1 -1 0 
756 1 312 113 148 360 -1 -1 -1 0 
757 1 309 108 142 366 -1 -1 -1 0 
758 1 303 106 143 370 -1 -1 -1 0 
759 1 300 111 135 361 -1 -1 -1 0 
760 1 296 110 134 361 -1 -1 -1 0 
761 1 290 108 132 364 -1 -1 -1 0 
762 1 279 106 138 368 -1 -1 -1 0 
763 1 274 107 140 368 -1 -1 -1 0 
764 1 268 104 139 374 -1 -1 -1 0 
765 1 263 104 140 374 -1 -1 -1 0 
766 1 253 97 149 382 -1 -1 -1 0 
767 1 251 104 143 374 -1 -1 -1 0 
768 1 248 105 144 373 -1 -1 -1 0 
769 1 239 105 149 373 -1 -1 -1 0 
770 1 234 103 150 376 -1 -1 -1 0 
771 1 232 103 150 376 -1 -1 -1 0 
772 1 230 102 151 377 -1 -1 -1 0 
773 1 230 102 151 375 -1 -1 -1 0 
774 1 230 102 149 375 -1 -1 -1 0 
775 1 229 99 153 380 -1 -1 -1 0 
776 1 231 98 153 381 -1 -1 -1 0 
777 1 237 106 142 371 -1 -1 -1 0 
778 1 242 107 138 370 -1 -1 -1 0 
779 1 246 109 135 368 -1 -1 -1 0 
780 1 247 111 134 366 -1 -1 -1 0 
781 1 248 109 133 368 -1 -1 -1 0 
782 1 248 109 133 367 -1 -1 -1 0 
783 1 248 108 134 368 -1 -1 -1 0 
784 1 248 108 136 369 -1 -1 -1 0 
785 1 248 107 137 371 -1 -1 -1 0 
786 1 248 107 137 372 -1 -1 -1 0 
787 1 249 106 137 373 -1 -1 -1 0 
788 1 249 105 138 373 -1 -1 -1 0 
789 1 250 105 138 373 -1 -1 -1 0 
790 1 250 106 139 372 -1 -1 -1 0 
791 1 250 107 141 371 -1 -1 -1 0 
792 1 251 107 139 370 -1 -1 -1 0 
793 1 251 106 138 372 -1 -1 -1 0 
794 1 251 107 139 371 -1 -1 -1 0 
795 1 251 107 139 371 -1 -1 -1 0 
796 1 251 107 138 371 -1 -1 -1 0 
797 1 251 107 139 371 -1 -1 -1 0 
798 1 252 106 138 371 -1 -1 -1 0 
799 1 250 105 143 373 -1 -1 -1 0 
800 1 250 105 149 373 -1 -1 -1 0 
801 1 251 106 149 372 -1 -1 -1 0 
802 1 244 103 169 376 -1 -1 -1 0 
803 1 249 105 182 374 -1 -1 -1 0 
804 1 248 105 201 374 -1 -1 -1 0 
805 1 247 105 219 374 -1 -1 -1 0 
806 1 246 105 220 374 -1 -1 -1 0 
807 1 246 104 221 375 -1 -1 -1 0 
808 1 246 105 221 374 -1 -1 -1 0 
809 1 245 106 221 373 -1 -1 -1 0 
810 1 246 104 216 375 -1 -1 -1 0 
811 1 247 104 208 375 -1 -1 -1 0 
812 1 247 104 179 375 -1 -1 -1 0 
813 1 249 105 159 374 -1 -1 -1 0 
814 1 250 104 152 375 -1 -1 -1 0 
815 1 250 106 152 373 -1 -1 -1 0 
816 1 252 108 152 371 -1 -1 -1 0 
817 1 253 108 155 371 -1 -1 -1 0 
818 1 258 106 165 373 -1 -1 -1 0 
819 1 270 108 168 371 -1 -1 -1 0 
820 1 277 109 167 370 -1 -1 -1 0 
821 1 287 109 175 370 -1 -1 -1 0 
822 1 291 108 175 371 -1 -1 -1 0 
823 1 308 101 169 378 -1 -1 -1 0 
824 1 316 106 164 369 -1 -1 -1 0 
825 1 325 107 158 368 -1 -1 -1 0 
826 1 329 109 158 364 -1 -1 -1 0 
827 1 330 98 166 379 -1 -1 -1 0 
828 1 332 95 167 384 -1 -1 -1 0 
829 1 336 100 158 373 -1 -1 -1 0 
830 1 337 102 159 372 -1 -1 -1 0 
831 1 345 108 153 367 -1 -1 -1 0 
832 1 351 108 149 369 -1 -1 -1 0 
833 1 357 103 146 375 -1 -1 -1 0 
834 1 361 96 153 383 -1 -1 -1 0 
835 1 369 102 152 376 -1 -1 -1 0 
836 1 378 102 153 377 -1 -1 -1 0 
837 1 382 109 161 370 -1 -1 -1 0 
838 1 394 111 156 368 -1 -1 -1 0 
839 1 407 109 146 370 -1 -1 -1 0 
840 1 412 108 146 371 -1 -1 -1 0 
841 1 418 104 145 373 -1 -1 -1 0 
842 1 420 103 145 374 -1 -1 -1 0 
843 1 418 94 155 385 -1 -1 -1 0 
844 1 420 94 154 385 -1 -1 -1 0 
845 1 421 94 154 385 -1 -1 -1 0 
846 1 421 92 154 387 -1 -1 -1 0 
847 1 421 92 153 387 -1 -1 -1 0 
848 1 423 92 151 387 -1 -1 -1 0 
849 1 423 93 151 386 -1 -1 -1 0 
850 1 424 92 150 387 -1 -1 -1 0 
851 1 424 92 151 387 -1 -1 -1 0 
852 1 424 92 151 387 -1 -1 -1 0 
853 1 425 93 150 386 -1 -1 -1 0 
854 1 426 93 149 386 -1 -1 -1 0 
855 1 426 93 149 386 -1 -1 -1 0 
856 1 426 93 149 386 -1 -1 -1 0 
857 1 426 93 150 386 -1 -1 -1 0 
858 1 426 94 150 385 -1 -1 -1 0 
859 1 425 94 151 385 -1 -1 -1 0 
860 1 425 94 151 385 -1 -1 -1 0 
861 1 427 106 146 373 -1 -1 -1 0 
862 1 425 94 150 385 -1 -1 -1 0 
863 1 425 93 151 386 -1 -1 -1 0 
864 1 426 93 151 386 -1 -1 -1 0 
865 1 425 94 153 385 -1 -1 -1 0 
866 1 426 95 151 384 -1 -1 -1 0 
867 1 426 94 151 385 -1 -1 -1 0 
868 1 426 95 151 384 -1 -1 -1 0 
869 1 426 95 151 384 -1 -1 -1 0 
870 1 426 95 150 384 -1 -1 -1 0 
871 1 426 96 150 383 -1 -1 -1 0 
872 1 426 96 151 383 -1 -1 -1 0 
873 1 429 105 144 374 -1 -1 -1 0 
874 1 426 97 149 382 -1 -1 -1 0 
875 1 429 106 144 373 -1 -1 -1 0 
876 1 430 106 143 373 -1 -1 -1 0 
877 1 430 106 143 373 -1 -1 -1 0 
878 1 430 106 142 373 -1 -1 -1 0 
879 1 429 106 144 373 -1 -1 -1 0 
880 1 430 107 143 372 -1 -1 -1 0 
881 1 430 106 143 373 -1 -1 -1 0 
882 1 427 95 150 384 -1 -1 -1 0 
883 1 427 94 149 385 -1 -1 -1 0 
884 1 429 105 144 374 -1 -1 -1 0 
885 1 427 95 148 384 -1 -1 -1 0 
886 1 429 105 144 374 -1 -1 -1 0 
887 1 430 106 142 373 -1 -1 -1 0 
888 1 427 95 149 384 -1 -1 -1 0 
889 1 427 94 149 385 -1 -1 -1 0 
890 1 426 95 151 384 -1 -1 -1 0 
891 1 427 95 150 384 -1 -1 -1 0 
892 1 426 95 151 384 -1 -1 -1 0 
893 1 426 95 150 384 -1 -1 -1 0 
894 1 426 93 152 386 -1 -1 -1 0 
895 1 426 94 151 385 -1 -1 -1 0 
896 1 425 94 152 385 -1 -1 -1 0 
897 1 426 94 151 385 -1 -1 -1 0 
898 1 426 94 152 385 -1 -1 -1 0 
899 1 426 95 151 384 -1 -1 -1 0 
900 1 426 94 150 385 -1 -1 -1 0 
901 1 425 93 152 386 -1 -1 -1 0 
902 1 425 95 152 384 -1 -1 -1 0 
903 1 426 94 151 385 -1 -1 -1 0 
904 1 426 94 151 385 -1 -1 -1 0 
905 1 426 94 150 385 -1 -1 -1 0 
906 1 425 93 151 386 -1 -1 -1 0 
907 1 425 94 152 385 -1 -1 -1 0 
908 1 427 93 150 386 -1 -1 -1 0 
909 1 426 93 152 386 -1 -1 -1 0 
910 1 427 93 150 386 -1 -1 -1 0 
911 1 426 92 152 387 -1 -1 -1 0 
912 1 428 92 150 387 -1 -1 -1 0 
913 1 427 92 151 387 -1 -1 -1 0 
914 1 427 93 152 386 -1 -1 -1 0 
915 1 430 104 145 375 -1 -1 -1 0 
916 1 430 105 144 374 -1 -1 -1 0 
917 1 430 105 144 374 -1 -1 -1 0 
918 1 430 106 144 373 -1 -1 -1 0 
919 1 431 105 143 374 -1 -1 -1 0 
920 1 432 104 142 375 -1 -1 -1 0 
921 1 431 104 143 375 -1 -1 -1 0 
922 1 431 104 144 375 -1 -1 -1 0 
923 1 432 104 143 375 -1 -1 -1 0 
924 1 432 104 143 375 -1 -1 -1 0 
925 1 431 104 143 375 -1 -1 -1 0 
926 1 431 104 144 375 -1 -1 -1 0 
927 1 431 105 143 374 -1 -1 -1 0 
928 1 428 92 150 387 -1 -1 -1 0 
929 1 426 90 153 389 -1 -1 -1 0 
930 1 424 89 156 390 -1 -1 -1 0 
931 1 424 92 153 387 -1 -1 -1 0 
932 1 422 93 153 386 -1 -1 -1 0 
933 1 420 93 154 386 -1 -1 -1 0 
934 1 418 94 157 385 -1 -1 -1 0 
935 1 418 99 156 380 -1 -1 -1 0 
936 1 421 110 149 369 -1 -1 -1 0 
937 1 417 97 156 382 -1 -1 -1 0 
938 1 416 97 157 382 -1 -1 -1 0 
939 1 416 101 156 378 -1 -1 -1 0 
940 1 417 109 149 369 -1 -1 -1 0 
941 1 417 110 148 369 -1 -1 -1 0 
942 1 417 110 148 369 -1 -1 -1 0 
943 1 416 110 149 369 -1 -1 -1 0 
944 1 416 110 149 369 -1 -1 -1 0 
945 1 415 110 151 369 -1 -1 -1 0 
946 1 416 111 149 368 -1 -1 -1 0 
947 1 415 111 151 368 -1 -1 -1 0 
948 1 416 111 149 367 -1 -1 -1 0 
949 1 417 111 149 367 -1 -1 -1 0 
950 1 417 111 149 368 -1 -1 -1 0 
951 1 418 112 149 367 -1 -1 -1 0 
952 1 417 101 157 378 -1 -1 -1 0 
953 1 419 97 156 382 -1 -1 -1 0 
954 1 424 108 148 370 -1 -1 -1 0 
955 1 424 99 151 380 -1 -1 -1 0 
956 1 430 110 145 367 -1 -1 -1 0 
957 1 437 109 142 369 -1 -1 -1 0 
958 1 440 107 142 370 -1 -1 -1 0 
959 1 445 107 141 371 -1 -1 -1 0 
960 1 445 99 150 380 -1 -1 -1 0 
961 1 451 111 141 366 -1 -1 -1 0 
962 1 455 112 138 366 -1 -1 -1 0 
963 1 458 109 137 370 -1 -1 -1 0 
964 1 460 108 138 371 -1 -1 -1 0 
965 1 462 110 142 368 -1 -1 -1 0 
966 1 464 109 142 369 -1 -1 -1 0 
967 1 465 108 143 370 -1 -1 -1 0 
968 1 466 108 142 370 -1 -1 -1 0 
969 1 466 107 143 372 -1 -1 -1 0 
970 1 465 107 143 371 -1 -1 -1 0 
971 1 464 107 143 371 -1 -1 -1 0 
972 1 464 106 143 372 -1 -1 -1 0 
973 1 464 105 143 373 -1 -1 -1 0 
974 1 464 105 143 374 -1 -1 -1 0 
975 1 463 105 143 374 -1 -1 -1 0 
976 1 462 106 144 372 -1 -1 -1 0 
977 1 463 106 142 373 -1 -1 -1 0 
978 1 462 105 143 373 -1 -1 -1 0 
979 1 461 107 145 371 -1 -1 -1 0 
980 1 462 107 143 372 -1 -1 -1 0 
981 1 462 107 144 371 -1 -1 -1 0 
982 1 462 106 143 373 -1 -1 -1 0 
983 1 462 106 144 372 -1 -1 -1 0 
984 1 462 107 144 370 -1 -1 -1 0 
985 1 462 108 143 370 -1 -1 -1 0 
986 1 462 107 143 371 -1 -1 -1 0 
987 1 461 107 145 370 -1 -1 -1 0 
988 1 462 108 143 370 -1 -1 -1 0 
989 1 462 108 144 370 -1 -1 -1 0 
990 1 462 108 143 369 -1 -1 -1 0 
991 1 463 108 142 368 -1 -1 -1 0 
992 1 463 107 142 370 -1 -1 -1 0 
993 1 462 108 144 369 -1 -1 -1 0 
994 1 463 107 143 370 -1 -1 -1 0 
995 1 462 108 145 368 -1 -1 -1 0 
996 1 463 109 144 367 -1 -1 -1 0 
997 1 465 106 141 370 -1 -1 -1 0 
998 1 465 105 141 371 -1 -1 -1 0 
999 1 464 108 144 367 -1 -1 -1 0 
1000 1 464 109 145 365 -1 -1 -1 0 
1001 1 465 110 143 363 -1 -1 -1 0 
1002 1 465 109 141 364 -1 -1 -1 0 
1003 1 464 108 140 365 -1 -1 -1 0 
1004 1 464 105 136 370 -1 -1 -1 0 
1005 1 462 106 134 370 -1 -1 -1 0 
1006 1 459 106 135 370 -1 -1 -1 0 
1007 1 451 103 142 372 -1 -1 -1 0 
1008 1 452 110 133 365 -1 -1 -1 0 
1009 1 448 111 134 363 -1 -1 -1 0 
1010 1 437 101 134 377 -1 -1 -1 0 
1011 1 433 106 132 373 -1 -1 -1 0 
1012 1 425 115 129 358 -1 -1 -1 0 
1013 1 423 116 125 357 -1 -1 -1 0 
1014 1 422 114 121 362 -1 -1 -1 0 
1015 1 418 111 121 366 -1 -1 -1 0 
1016 1 414 105 121 373 -1 -1 -1 0 
1017 1 408 109 115 367 -1 -1 -1 0 
1018 1 405 110 109 363 -1 -1 -1 0 
1019 1 400 105 110 372 -1 -1 -1 0 
1020 1 400 110 102 364 -1 -1 -1 0 
1021 1 399 111 98 363 -1 -1 -1 0 
1022 1 393 111 98 363 -1 -1 -1 0 
1023 1 386 111 101 364 -1 -1 -1 0 
1024 1 367 112 106 362 -1 -1 -1 0 
1025 1 353 115 119 360 -1 -1 -1 0 
1026 1 343 114 123 362 -1 -1 -1 0 
1027 1 343 110 118 366 -1 -1 -1 0 
1028 1 339 109 119 366 -1 -1 -1 0 
1029 1 338 103 115 374 -1 -1 -1 0 
1030 1 330 103 115 370 -1 -1 -1 0 
1031 1 327 102 105 372 -1 -1 -1 0 
1032 1 321 101 96 378 -1 -1 -1 0 
1033 1 311 98 93 375 -1 -1 -1 0 
1034 1 297 96 100 377 -1 -1 -1 0 
1035 1 289 96 101 382 -1 -1 -1 0 
1036 1 280 95 104 382 -1 -1 -1 0 
1037 1 250 99 115 377 -1 -1 -1 0 
1038 1 248 100 112 376 -1 -1 -1 0 
1039 1 239 108 113 366 -1 -1 -1 0 
1040 1 229 107 119 367 -1 -1 -1 0 
1041 1 227 108 118 364 -1 -1 -1 0 
1042 1 224 102 115 371 -1 -1 -1 0 
1043 1 221 103 114 370 -1 -1 -1 0 
1044 1 220 104 109 369 -1 -1 -1 0 
1045 1 217 105 110 368 -1 -1 -1 0 
1046 1 213 105 115 367 -1 -1 -1 0 
1047 1 211 103 116 370 -1 -1 -1 0 
1048 1 208 107 113 366 -1 -1 -1 0 
1049 1 206 108 113 365 -1 -1 -1 0 
1050 1 205 109 111 364 -1 -1 -1 0 
1051 1 200 110 115 362 -1 -1 -1 0 
1052 1 193 106 118 366 -1 -1 -1 0 
1053 1 186 105 125 368 -1 -1 -1 0 
1054 1 184 111 138 362 -1 -1 -1 0 
1055 1 180 114 153 360 -1 -1 -1 0 
1056 1 180 115 153 360 -1 -1 -1 0 
1057 1 180 114 159 362 -1 -1 -1 0 
1058 1 179 114 162 362 -1 -1 -1 0 
1059 1 181 115 165 359 -1 -1 -1 0 
1060 1 182 113 167 361 -1 -1 -1 0 
1061 1 184 112 170 362 -1 -1 -1 0 
1062 1 190 112 165 363 -1 -1 -1 0 
1063 1 192 112 164 361 -1 -1 -1 0 
1064 1 195 112 161 360 -1 -1 -1 0 
1065 1 200 113 157 360 -1 -1 -1 0 
1066 1 203 116 156 357 -1 -1 -1 0 
1067 1 207 109 158 370 -1 -1 -1 0 
1068 1 225 111 149 362 -1 -1 -1 0 
1069 1 230 112 155 362 -1 -1 -1 0 
1070 1 247 109 150 367 -1 -1 -1 0 
1071 1 250 109 155 367 -1 -1 -1 0 
1072 1 250 109 159 367 -1 -1 -1 0 
1073 1 263 107 148 370 -1 -1 -1 0 
1074 1 264 106 148 371 -1 -1 -1 0 
1075 1 272 108 144 366 -1 -1 -1 0 
1076 1 273 107 144 366 -1 -1 -1 0 
1077 1 279 102 141 374 -1 -1 -1 0 
1078 1 284 108 136 364 -1 -1 -1 0 
1079 1 290 106 129 364 -1 -1 -1 0 
1080 1 292 105 131 365 -1 -1 -1 0 
1081 1 297 105 129 366 -1 -1 -1 0 
1082 1 302 105 125 367 -1 -1 -1 0 
1083 1 309 101 119 373 -1 -1 -1 0 
1084 1 313 100 118 374 -1 -1 -1 0 
1085 1 317 98 113 376 -1 -1 -1 0 
1086 1 323 97 110 378 -1 -1 -1 0 
1087 1 331 97 107 379 -1 -1 -1 0 
1088 1 336 96 110 379 -1 -1 -1 0 
1089 1 339 97 113 376 -1 -1 -1 0 
1090 1 348 99 116 374 -1 -1 -1 0 
1091 1 351 101 121 373 -1 -1 -1 0 
1092 1 356 100 128 376 -1 -1 -1 0 
1093 1 359 100 132 376 -1 -1 -1 0 
1094 1 361 97 136 380 -1 -1 -1 0 
1095 1 368 94 132 384 -1 -1 -1 0 
1096 1 377 96 139 381 -1 -1 -1 0 
1097 1 379 99 144 377 -1 -1 -1 0 
1098 1 384 102 141 375 -1 -1 -1 0 
1099 1 390 102 139 374 -1 -1 -1 0 
1100 1 401 103 131 376 -1 -1 -1 0 
1101 1 403 106 137 373 -1 -1 -1 0 
1102 1 404 107 143 372 -1 -1 -1 0 
1103 1 406 107 145 372 -1 -1 -1 0 
1104 1 417 110 140 366 -1 -1 -1 0 
1105 1 432 101 134 375 -1 -1 -1 0 
1106 1 435 100 135 375 -1 -1 -1 0 
1107 1 438 99 137 377 -1 -1 -1 0 
1108 1 438 100 139 377 -1 -1 -1 0 
1109 1 438 101 142 375 -1 -1 -1 0 
1110 1 438 99 142 378 -1 -1 -1 0 
1111 1 438 97 139 382 -1 -1 -1 0 
1112 1 441 113 131 365 -1 -1 -1 0 
1113 1 442 114 130 364 -1 -1 -1 0 
1114 1 441 113 129 364 -1 -1 -1 0 
1115 1 441 113 128 364 -1 -1 -1 0 
1116 1 441 113 127 365 -1 -1 -1 0 
1117 1 440 113 128 365 -1 -1 -1 0 
1118 1 437 96 132 383 -1 -1 -1 0 
1119 1 436 95 134 384 -1 -1 -1 0 
1120 1 435 95 136 384 -1 -1 -1 0 
1121 1 436 96 135 383 -1 -1 -1 0 
1122 1 437 97 134 382 -1 -1 -1 0 
1123 1 436 97 136 382 -1 -1 -1 0 
1124 1 436 99 137 380 -1 -1 -1 0 
1125 1 436 99 138 380 -1 -1 -1 0 
1126 1 435 99 141 380 -1 -1 -1 0 
1127 1 436 98 140 381 -1 -1 -1 0 
1128 1 436 100 141 379 -1 -1 -1 0 
1129 1 437 101 141 378 -1 -1 -1 0 
1130 1 437 101 141 378 -1 -1 -1 0 
1131 1 437 101 142 378 -1 -1 -1 0 
1132 1 437 103 142 375 -1 -1 -1 0 
1133 1 438 105 141 372 -1 -1 -1 0 
1134 1 438 106 141 370 -1 -1 -1 0 
1135 1 439 108 141 367 -1 -1 -1 0 
1136 1 439 108 141 366 -1 -1 -1 0 
1137 1 440 108 140 365 -1 -1 -1 0 
1138 1 439 109 142 364 -1 -1 -1 0 
1139 1 440 110 141 364 -1 -1 -1 0 
1140 1 442 114 136 362 -1 -1 -1 0 
1141 1 443 114 134 363 -1 -1 -1 0 
1142 1 443 114 134 363 -1 -1 -1 0 
1143 1 444 114 132 363 -1 -1 -1 0 
1144 1 444 114 132 364 -1 -1 -1 0 
1145 1 446 111 131 367 -1 -1 -1 0 
1146 1 446 111 131 367 -1 -1 -1 0 
1147 1 447 110 131 368 -1 -1 -1 0 
1148 1 446 109 132 369 -1 -1 -1 0 
1149 1 446 109 133 368 -1 -1 -1 0 
1150 1 445 107 135 370 -1 -1 -1 0 
1151 1 445 107 136 370 -1 -1 -1 0 
1152 1 444 106 137 371 -1 -1 -1 0 
1153 1 443 108 135 369 -1 -1 -1 0 
1154 1 442 106 133 372 -1 -1 -1 0 
1155 1 437 103 136 374 -1 -1 -1 0 
1156 1 432 92 136 385 -1 -1 -1 0 
1157 1 429 89 141 387 -1 -1 -1 0 
1158 1 426 88 146 387 -1 -1 -1 0 
1159 1 426 86 146 386 -1 -1 -1 0 
1160 1 423 79 151 394 -1 -1 -1 0 
1161 1 422 76 151 398 -1 -1 -1 0 
1162 1 422 74 152 401 -1 -1 -1 0 
1163 1 425 74 153 397 -1 -1 -1 0 
1164 1 426 67 156 407 -1 -1 -1 0 
1165 1 426 64 162 407 -1 -1 -1 0 
1166 1 429 56 161 414 -1 -1 -1 0 
1167 1 428 41 168 427 -1 -1 -1 0 
1168 1 426 33 172 436 -1 -1 -1 0 
1169 1 427 26 174 444 -1 -1 -1 0 
1170 1 427 18 176 451 -1 -1 -1 0 
1171 1 426 11 178 462 -1 -1 -1 0 
1172 1 422 14 180 459 -1 -1 -1 0 
1173 1 419 12 183 458 -1 -1 -1 0 
1174 1 409 1 192 472 -1 -1 -1 0 
1175 1 403 5 196 465 -1 -1 -1 0 
1176 1 396 4 194 466 -1 -1 -1 0 
1177 1 378 0 200 479 -1 -1 -1 0 
1178 1 355 0 219 472 -1 -1 -1 0 
1179 1 348 0 223 475 -1 -1 -1 0 
1180 1 341 0 227 479 -1 -1 -1 0 
1181 1 329 0 234 476 -1 -1 -1 0 
1182 1 323 0 239 476 -1 -1 -1 0 
1183 1 314 0 246 479 -1 -1 -1 0 
1184 1 311 0 250 479 -1 -1 -1 0 
1185 1 307 0 257 476 -1 -1 -1 0 
1186 1 299 0 268 475 -1 -1 -1 0 
1187 1 298 2 273 475 -1 -1 -1 0 
1188 1 292 3 281 470 -1 -1 -1 0 
1189 1 285 0 289 473 -1 -1 -1 0 
1190 1 279 0 297 472 -1 -1 -1 0 
1191 1 266 3 308 466 -1 -1 -1 0 
1192 1 261 3 309 467 -1 -1 -1 0 
1193 1 253 2 317 468 -1 -1 -1 0 
1194 1 243 3 323 466 -1 -1 -1 0 
1195 1 235 3 330 471 -1 -1 -1 0 
1196 1 216 6 344 467 -1 -1 -1 0 
1197 1 198 5 347 464 -1 -1 -1 0 
1198 1 183 3 349 470 -1 -1 -1 0 
1199 1 167 4 331 463 -1 -1 -1 0 
1200 1 142 3 352 467 -1 -1 -1 0 
1201 1 131 4 354 466 -1 -1 -1 0 
1202 1 119 3 338 463 -1 -1 -1 0 
1203 1 118 1 336 466 -1 -1 -1 0 
1204 1 101 0 356 468 -1 -1 -1 0 
1205 1 90 0 372 469 -1 -1 -1 0 
1206 1 90 0 368 466 -1 -1 -1 0 
1207 1 90 0 371 470 -1 -1 -1 0 
1208 1 92 0 367 468 -1 -1 -1 0 
1209 1 90 0 369 469 -1 -1 -1 0 
1210 1 90 0 370 470 -1 -1 -1 0 
1211 1 90 0 370 468 -1 -1 -1 0 
1212 1 89 0 395 468 -1 -1 -1 0 
1213 1 90 0 399 468 -1 -1 -1 0 
1214 1 95 0 398 467 -1 -1 -1 0 
1215 1 95 0 397 467 -1 -1 -1 0 
1216 1 97 0 398 468 -1 -1 -1 0 
1217 1 97 0 405 467 -1 -1 -1 0 
1218 1 109 0 383 469 -1 -1 -1 0 
1219 1 110 0 387 471 -1 -1 -1 0 
1220 1 111 1 385 470 -1 -1 -1 0 
1221 1 110 2 389 469 -1 -1 -1 0 
1222 1 112 3 390 467 -1 -1 -1 0 
1223 1 119 2 388 468 -1 -1 -1 0 
1224 1 117 3 397 466 -1 -1 -1 0 
1225 1 126 1 396 469 -1 -1 -1 0 
1226 1 134 1 395 468 -1 -1 -1 0 
1227 1 148 2 392 468 -1 -1 -1 0 
1228 1 162 4 382 469 -1 -1 -1 0 
1229 1 178 5 369 465 -1 -1 -1 0 
1230 1 211 1 369 478 -1 -1 -1 0 
1231 1 232 0 342 473 -1 -1 -1 0 
1232 1 253 1 340 476 -1 -1 -1 0 
1233 1 283 0 326 474 -1 -1 -1 0 
1234 1 295 0 318 474 -1 -1 -1 0 
1235 1 319 6 315 467 -1 -1 -1 0 
1236 1 347 0 290 474 -1 -1 -1 0 
1237 1 363 0 273 474 -1 -1 -1 0 
1238 1 387 1 252 467 -1 -1 -1 0 
1239 1 403 1 234 466 -1 -1 -1 0 
1240 1 425 3 212 471 -1 -1 -1 0 
1241 1 432 1 205 477 -1 -1 -1 0 
1242 1 444 6 194 467 -1 -1 -1 0 
1243 1 450 4 188 468 -1 -1 -1 0 
1244 1 453 2 184 469 -1 -1 -1 0 
1245 1 454 3 183 469 -1 -1 -1 0 
1246 1 456 3 180 472 -1 -1 -1 0 
1247 1 458 6 179 466 -1 -1 -1 0 
1248 1 459 6 178 467 -1 -1 -1 0 
1249 1 460 6 175 469 -1 -1 -1 0 
1250 1 460 6 176 469 -1 -1 -1 0 
1251 1 460 5 176 471 -1 -1 -1 0 
1252 1 459 5 177 473 -1 -1 -1 0 
1253 1 459 5 177 471 -1 -1 -1 0 
1254 1 459 5 177 468 -1 -1 -1 0 
1255 1 459 4 177 470 -1 -1 -1 0 
1256 1 459 5 177 467 -1 -1 -1 0 
1257 1 459 5 177 467 -1 -1 -1 0 
1258 1 459 5 176 467 -1 -1 -1 0 
1259 1 458 5 178 467 -1 -1 -1 0 
1260 1 457 4 179 468 -1 -1 -1 0 
1261 1 456 4 180 469 -1 -1 -1 0 
1262 1 454 4 182 469 -1 -1 -1 0 
1263 1 454 3 181 471 -1 -1 -1 0 
1264 1 453 2 183 471 -1 -1 -1 0 
1265 1 453 2 182 472 -1 -1 -1 0 
1266 1 451 2 185 470 -1 -1 -1 0 
1267 1 450 3 186 468 -1 -1 -1 0 
1268 1 451 2 184 470 -1 -1 -1 0 
1269 1 450 3 186 468 -1 -1 -1 0 
1270 1 450 2 186 468 -1 -1 -1 0 
1271 1 449 2 186 468 -1 -1 -1 0 
1272 1 450 4 186 465 -1 -1 -1 0 
1273 1 451 3 184 468 -1 -1 -1 0 
1274 1 450 4 186 467 -1 -1 -1 0 
1275 1 450 4 186 466 -1 -1 -1 0 
1276 1 451 3 184 468 -1 -1 -1 0 
1277 1 450 4 185 468 -1 -1 -1 0 
1278 1 450 4 185 468 -1 -1 -1 0 
1279 1 450 4 186 467 -1 -1 -1 0 
1280 1 451 3 184 468 -1 -1 -1 0 
1281 1 450 3 186 469 -1 -1 -1 0 
1282 1 450 3 185 469 -1 -1 -1 0 
1283 1 449 3 187 467 -1 -1 -1 0 
1284 1 450 2 185 469 -1 -1 -1 0 
1285 1 449 2 186 469 -1 -1 -1 0 
1286 1 450 2 185 469 -1 -1 -1 0 
1287 1 450 2 186 469 -1 -1 -1 0 
1288 1 449 3 187 468 -1 -1 -1 0 
1289 1 449 2 186 468 -1 -1 -1 0 
1290 1 449 2 186 470 -1 -1 -1 0 
1291 1 448 3 187 470 -1 -1 -1 0 
1292 1 448 4 188 469 -1 -1 -1 0 
1293 1 447 4 189 470 -1 -1 -1 0 
1294 1 447 5 189 470 -1 -1 -1 0 
1295 1 446 5 190 470 -1 -1 -1 0 
1296 1 446 4 189 471 -1 -1 -1 0 
1297 1 446 4 190 472 -1 -1 -1 0 
1298 1 447 4 190 472 -1 -1 -1 0 
1299 1 447 4 189 474 -1 -1 -1 0 
1300 1 446 4 191 472 -1 -1 -1 0 
1301 1 447 3 190 473 -1 -1 -1 0 
1302 1 447 4 189 473 -1 -1 -1 0 
1303 1 448 3 189 474 -1 -1 -1 0 
1304 1 447 4 190 472 -1 -1 -1 0 
1305 1 448 4 188 474 -1 -1 -1 0 
1306 1 448 4 188 474 -1 -1 -1 0 
1307 1 448 4 189 473 -1 -1 -1 0 
1308 1 449 3 187 476 -1 -1 -1 0 
1309 1 448 4 189 474 -1 -1 -1 0 
1310 1 448 4 189 474 -1 -1 -1 0 
1311 1 449 3 187 475 -1 -1 -1 0 
1312 1 448 3 188 475 -1 -1 -1 0 
1313 1 447 4 190 473 -1 -1 -1 0 
1314 1 448 3 188 475 -1 -1 -1 0 
1315 1 447 4 190 474 -1 -1 -1 0 
1316 1 447 3 190 475 -1 -1 -1 0 
1317 1 446 3 191 473 -1 -1 -1 0 
1318 1 447 2 189 476 -1 -1 -1 0 
1319 1 446 3 191 474 -1 -1 -1 0 
1320 1 447 2 189 475 -1 -1 -1 0 
1321 1 446 2 191 475 -1 -1 -1 0 
1322 1 446 2 191 475 -1 -1 -1 0 
1323 1 445 1 191 475 -1 -1 -1 0 
1324 1 446 1 190 475 -1 -1 -1 0 
1325 1 446 1 190 477 -1 -1 -1 0 
1326 1 445 2 193 473 -1 -1 -1 0 
1327 1 446 2 191 474 -1 -1 -1 0 
1328 1 446 2 191 474 -1 -1 -1 0 
1329 1 443 3 194 475 -1 -1 -1 0 
1330 1 444 3 194 475 -1 -1 -1 0 
1331 1 440 3 198 476 -1 -1 -1 0 
1332 1 439 3 199 476 -1 -1 -1 0 
1333 1 438 3 201 476 -1 -1 -1 0 
1334 1 434 1 204 478 -1 -1 -1 0 
1335 1 434 0 205 479 -1 -1 -1 0 
1336 1 426 1 213 477 -1 -1 -1 0 
1337 1 427 1 212 478 -1 -1 -1 0 
1338 1 420 2 217 474 -1 -1 -1 0 
1339 1 419 0 217 476 -1 -1 -1 0 
1340 1 417 0 219 474 -1 -1 -1 0 
1341 1 415 0 221 475 -1 -1 -1 0 
1342 1 411 0 224 472 -1 -1 -1 0 
1343 1 412 0 224 471 -1 -1 -1 0 
1344 1 405 0 231 471 -1 -1 -1 0 
1345 1 395 0 242 468 -1 -1 -1 0 
1346 1 396 0 241 467 -1 -1 -1 0 
1347 1 392 0 240 467 -1 -1 -1 0 
1348 1 392 0 240 467 -1 -1 -1 0 
1349 1 387 0 244 467 -1 -1 -1 0 
1350 1 360 3 277 469 -1 -1 -1 0 
1351 1 361 4 277 469 -1 -1 -1 0 
1352 1 331 1 291 471 -1 -1 -1 0 
1353 1 331 1 292 472 -1 -1 -1 0 
1354 1 315 1 301 474 -1 -1 -1 0 
1355 1 289 4 302 471 -1 -1 -1 0 
1356 1 288 5 302 471 -1 -1 -1 0 
1357 1 272 4 302 473 -1 -1 -1 0 
1358 1 238 2 302 472 -1 -1 -1 0 
1359 1 237 3 302 472 -1 -1 -1 0 
1360 1 224 0 305 479 -1 -1 -1 0 
1361 1 211 5 297 472 -1 -1 -1 0 
1362 1 210 6 297 471 -1 -1 -1 0 
1363 1 195 2 297 472 -1 -1 -1 0 
1364 1 194 2 297 472 -1 -1 -1 0 
1365 1 176 0 302 477 -1 -1 -1 0 
1366 1 169 6 303 472 -1 -1 -1 0 
1367 1 169 7 303 472 -1 -1 -1 0 
1368 1 125 4 308 470 -1 -1 -1 0 
1369 1 119 6 304 465 -1 -1 -1 0 
1370 1 119 6 304 465 -1 -1 -1 0 
1371 1 111 4 304 462 -1 -1 -1 0 
1372 1 111 4 304 462 -1 -1 -1 0 
1373 1 111 4 304 462 -1 -1 -1 0 
1374 1 111 4 304 462 -1 -1 -1 0 
1375 1 111 4 304 462 -1 -1 -1 0 
1376 1 111 4 304 462 -1 -1 -1 0 
1377 1 107 4 304 461 -1 -1 -1 0 
1378 1 109 3 304 464 -1 -1 -1 0 
1379 1 110 4 304 464 -1 -1 -1 0 
1380 1 110 4 305 464 -1 -1 -1 0 
1381 1 110 4 305 464 -1 -1 -1 0 
1382 1 110 4 305 464 -1 -1 -1 0 
1383 1 111 5 303 463 -1 -1 -1 0 
1384 1 111 4 303 465 -1 -1 -1 0 
1385 1 112 4 302 466 -1 -1 -1 0 
1386 1 112 4 302 467 -1 -1 -1 0 
1387 1 112 5 303 466 -1 -1 -1 0 
1388 1 114 5 303 466 -1 -1 -1 0 
1389 1 114 5 305 466 -1 -1 -1 0 
1390 1 114 4 310 468 -1 -1 -1 0 
1391 1 119 5 310 467 -1 -1 -1 0 
1392 1 122 6 313 466 -1 -1 -1 0 
1393 1 124 7 318 465 -1 -1 -1 0 
1394 1 125 8 319 462 -1 -1 -1 0 
1395 1 131 5 319 462 -1 -1 -1 0 
1396 1 135 5 315 462 -1 -1 -1 0 
1397 1 140 6 314 463 -1 -1 -1 0 
1398 1 146 10 309 463 -1 -1 -1 0 
1399 1 150 6 309 467 -1 -1 -1 0 
1400 1 149 5 313 469 -1 -1 -1 0 
1401 1 150 5 315 468 -1 -1 -1 0 
1402 1 154 5 319 470 -1 -1 -1 0 
1403 1 158 4 317 472 -1 -1 -1 0 
1404 1 158 4 318 472 -1 -1 -1 0 
1405 1 164 7 317 465 -1 -1 -1 0 
1406 1 166 6 316 465 -1 -1 -1 0 
1407 1 168 6 317 465 -1 -1 -1 0 
1408 1 170 6 316 464 -1 -1 -1 0 
1409 1 170 6 319 463 -1 -1 -1 0 
1410 1 171 5 318 463 -1 -1 -1 0 
1411 1 172 4 320 465 -1 -1 -1 0 
1412 1 173 4 319 465 -1 -1 -1 0 
1413 1 173 6 321 462 -1 -1 -1 0 
1414 1 175 6 320 465 -1 -1 -1 0 
1415 1 176 7 319 464 -1 -1 -1 0 
1416 1 177 8 319 466 -1 -1 -1 0 
1417 1 177 9 319 465 -1 -1 -1 0 
1418 1 179 9 317 465 -1 -1 -1 0 
1419 1 179 8 315 464 -1 -1 -1 0 
1420 1 179 9 320 463 -1 -1 -1 0 
1421 1 180 10 319 462 -1 -1 -1 0 
1422 1 180 9 318 464 -1 -1 -1 0 
1423 1 179 9 319 465 -1 -1 -1 0 
1424 1 180 7 320 468 -1 -1 -1 0 
1425 1 180 7 322 467 -1 -1 -1 0 
1426 1 182 6 319 468 -1 -1 -1 0 
1427 1 181 6 322 467 -1 -1 -1 0 
1428 1 184 6 316 466 -1 -1 -1 0 
1429 1 184 7 316 465 -1 -1 -1 0 
1430 1 184 6 317 465 -1 -1 -1 0 
1431 1 185 6 315 466 -1 -1 -1 0 
1432 1 186 6 315 467 -1 -1 -1 0 
1433 1 185 6 318 468 -1 -1 -1 0 
1434 1 186 6 317 466 -1 -1 -1 0 
1435 1 187 6 316 466 -1 -1 -1 0 
1436 1 187 6 315 467 -1 -1 -1 0 
1437 1 185 6 318 467 -1 -1 -1 0 
1438 1 185 6 318 467 -1 -1 -1 0 
1439 1 184 6 321 467 -1 -1 -1 0 
1440 1 185 5 320 469 -1 -1 -1 0 
1441 1 185 6 320 467 -1 -1 -1 0 
1442 1 185 5 319 468 -1 -1 -1 0 
1443 1 184 4 318 468 -1 -1 -1 0 
1444 1 182 4 320 468 -1 -1 -1 0 
1445 1 179 5 326 467 -1 -1 -1 0 
1446 1 178 5 326 467 -1 -1 -1 0 
1447 1 178 6 325 466 -1 -1 -1 0 
1448 1 175 6 327 466 -1 -1 -1 0 
1449 1 177 5 319 468 -1 -1 -1 0 
1450 1 175 6 321 466 -1 -1 -1 0 
1451 1 175 7 320 464 -1 -1 -1 0 
1452 1 176 7 318 464 -1 -1 -1 0 
1453 1 183 4 313 469 -1 -1 -1 0 
1454 1 187 5 316 464 -1 -1 -1 0 
1455 1 190 4 313 464 -1 -1 -1 0 
1456 1 192 2 315 466 -1 -1 -1 0 
1457 1 197 3 309 463 -1 -1 -1 0 
1458 1 207 6 300 459 -1 -1 -1 0 
1459 1 214 6 301 462 -1 -1 -1 0 
1460 1 225 2 291 470 -1 -1 -1 0 
1461 1 230 6 291 462 -1 -1 -1 0 
1462 1 248 3 277 469 -1 -1 -1 0 
1463 1 257 4 270 469 -1 -1 -1 0 
1464 1 273 6 264 467 -1 -1 -1 0 
1465 1 285 7 263 462 -1 -1 -1 0 
1466 1 295 6 254 467 -1 -1 -1 0 
1467 1 298 7 253 467 -1 -1 -1 0 
1468 1 302 11 263 462 -1 -1 -1 0 
1469 1 305 13 262 459 -1 -1 -1 0 
1470 1 307 12 264 458 -1 -1 -1 0 
1471 1 310 11 268 455 -1 -1 -1 0 
1472 1 319 6 268 461 -1 -1 -1 0 
1473 1 325 8 264 462 -1 -1 -1 0 
1474 1 334 6 280 458 -1 -1 -1 0 
1475 1 345 9 284 455 -1 -1 -1 0 
1476 1 368 6 263 463 -1 -1 -1 0 
1477 1 373 5 264 464 -1 -1 -1 0 
1478 1 380 5 253 461 -1 -1 -1 0 
1479 1 393 5 244 459 -1 -1 -1 0 
1480 1 402 6 234 460 -1 -1 -1 0 
1481 1 414 6 224 460 -1 -1 -1 0 
1482 1 419 7 220 461 -1 -1 -1 0 
1483 1 425 5 214 464 -1 -1 -1 0 
1484 1 428 3 211 466 -1 -1 -1 0 
1485 1 428 3 211 465 -1 -1 -1 0 
1486 1 430 3 209 464 -1 -1 -1 0 
1487 1 432 2 206 467 -1 -1 -1 0 
1488 1 435 3 204 465 -1 -1 -1 0 
1489 1 436 2 203 464 -1 -1 -1 0 
1490 1 436 3 203 465 -1 -1 -1 0 
1491 1 435 3 204 464 -1 -1 -1 0 
1492 1 433 2 206 464 -1 -1 -1 0 
1493 1 433 1 206 465 -1 -1 -1 0 
1494 1 430 3 209 462 -1 -1 -1 0 
1495 1 427 4 211 461 -1 -1 -1 0 
1496 1 426 4 211 462 -1 -1 -1 0 
1497 1 423 4 214 461 -1 -1 -1 0 
1498 1 422 4 214 461 -1 -1 -1 0 
1499 1 420 4 215 462 -1 -1 -1 0 
1500 1 417 5 218 462 -1 -1 -1 0 
1501 1 417 6 218 462 -1 -1 -1 0 
1502 1 414 4 222 464 -1 -1 -1 0 
1503 1 410 3 229 462 -1 -1 -1 0 
1504 1 409 2 229 463 -1 -1 -1 0 
1505 1 407 3 231 462 -1 -1 -1 0 
1506 1 403 4 234 459 -1 -1 -1 0 
1507 1 402 4 235 459 -1 -1 -1 0 
1508 1 401 3 236 461 -1 -1 -1 0 
1509 1 400 5 237 458 -1 -1 -1 0 
1510 1 398 5 239 459 -1 -1 -1 0 
1511 1 396 6 241 459 -1 -1 -1 0 
1512 1 396 5 240 460 -1 -1 -1 0 
1513 1 394 5 242 460 -1 -1 -1 0 
1514 1 394 4 242 461 -1 -1 -1 0 
1515 1 392 4 244 460 -1 -1 -1 0 
1516 1 392 3 244 460 -1 -1 -1 0 
1517 1 391 3 246 460 -1 -1 -1 0 
1518 1 390 3 246 460 -1 -1 -1 0 
1519 1 389 2 247 461 -1 -1 -1 0 
1520 1 388 2 249 461 -1 -1 -1 0 
1521 1 389 2 248 461 -1 -1 -1 0 
1522 1 388 3 247 461 -1 -1 -1 0 
1523 1 389 4 246 460 -1 -1 -1 0 
1524 1 390 4 246 460 -1 -1 -1 0 
1525 1 388 3 249 463 -1 -1 -1 0 
1526 1 387 4 249 463 -1 -1 -1 0 
1527 1 386 4 250 462 -1 -1 -1 0 
1528 1 386 5 249 461 -1 -1 -1 0 
1529 1 386 5 249 461 -1 -1 -1 0 
1530 1 385 6 250 460 -1 -1 -1 0 
1531 1 386 5 248 462 -1 -1 -1 0 
1532 1 386 5 249 462 -1 -1 -1 0 
1533 1 386 5 248 462 -1 -1 -1 0 
1534 1 387 5 248 462 -1 -1 -1 0 
1535 1 387 5 248 461 -1 -1 -1 0 
1536 1 389 5 245 460 -1 -1 -1 0 
1537 1 391 3 242 460 -1 -1 -1 0 
1538 1 392 2 232 461 -1 -1 -1 0 
1539 1 390 4 231 458 -1 -1 -1 0 
1540 1 390 4 220 460 -1 -1 -1 0 
1541 1 386 5 222 460 -1 -1 -1 0 
1542 1 385 5 216 460 -1 -1 -1 0 
1543 1 381 4 207 461 -1 -1 -1 0 
1544 1 372 2 197 465 -1 -1 -1 0 
1545 1 365 0 194 470 -1 -1 -1 0 
1546 1 353 0 189 474 -1 -1 -1 0 
1547 1 345 2 193 475 -1 -1 -1 0 
1548 1 335 1 196 475 -1 -1 -1 0 
1549 1 324 2 201 473 -1 -1 -1 0 
1550 1 312 0 204 477 -1 -1 -1 0 
1551 1 304 0 213 479 -1 -1 -1 0 
1552 1 297 0 219 479 -1 -1 -1 0 
1553 1 287 0 225 479 -1 -1 -1 0 
1554 1 282 0 225 478 -1 -1 -1 0 
1555 1 276 2 223 472 -1 -1 -1 0 
1556 1 273 0 223 476 -1 -1 -1 0 
1557 1 267 0 218 479 -1 -1 -1 0 
1558 1 260 0 220 479 -1 -1 -1 0 
1559 1 249 0 212 479 -1 -1 -1 0 
1560 1 244 0 209 479 -1 -1 -1 0 
1561 1 235 3 213 467 -1 -1 -1 0 
1562 1 233 1 210 478 -1 -1 -1 0 
1563 1 230 6 209 473 -1 -1 -1 0 
1564 1 226 12 205 463 -1 -1 -1 0 
1565 1 225 18 203 454 -1 -1 -1 0 
1566 1 226 22 199 448 -1 -1 -1 0 
1567 1 225 31 198 436 -1 -1 -1 0 
1568 1 227 50 190 421 -1 -1 -1 0 
1569 1 230 57 184 413 -1 -1 -1 0 
1570 1 233 58 183 411 -1 -1 -1 0 
1571 1 243 62 177 407 -1 -1 -1 0 
1572 1 249 58 171 414 -1 -1 -1 0 
1573 1 253 67 166 403 -1 -1 -1 0 
1574 1 255 70 163 405 -1 -1 -1 0 
1575 1 256 74 160 401 -1 -1 -1 0 
1576 1 258 79 154 399 -1 -1 -1 0 
1577 1 257 84 157 392 -1 -1 -1 0 
1578 1 258 88 155 388 -1 -1 -1 0 
1579 1 258 91 152 388 -1 -1 -1 0 
1580 1 257 94 152 383 -1 -1 -1 0 
1581 1 253 101 149 377 -1 -1 -1 0 
1582 1 251 103 148 376 -1 -1 -1 0 
1583 1 250 103 144 376 -1 -1 -1 0 
1584 1 246 102 139 377 -1 -1 -1 0 
1585 1 244 101 136 376 -1 -1 -1 0 
1586 1 243 100 133 376 -1 -1 -1 0 
1587 1 244 100 126 376 -1 -1 -1 0 
1588 1 245 102 121 373 -1 -1 -1 0 
1589 1 247 103 115 372 -1 -1 -1 0 
1590 1 248 110 110 367 -1 -1 -1 0 
1591 1 248 114 106 362 -1 -1 -1 0 
1592 1 252 119 95 354 -1 -1 -1 0 
1593 1 253 121 91 353 -1 -1 -1 0 
1594 1 253 124 89 350 -1 -1 -1 0 
1595 1 255 129 83 343 -1 -1 -1 0 
1596 1 254 133 81 339 -1 -1 -1 0 
1597 1 256 131 81 343 -1 -1 -1 0 
1598 1 256 131 86 348 -1 -1 -1 0 
1599 1 256 132 87 346 -1 -1 -1 0 
1600 1 257 134 86 338 -1 -1 -1 0 
1601 1 258 135 86 336 -1 -1 -1 0 
1602 1 258 136 87 337 -1 -1 -1 0 
1603 1 257 136 90 336 -1 -1 -1 0 
1604 1 257 136 94 338 -1 -1 -1 0 
1605 1 257 134 101 342 -1 -1 -1 0 
1606 1 258 135 105 340 -1 -1 -1 0 
1607 1 259 135 106 338 -1 -1 -1 0 
1608 1 263 135 108 342 -1 -1 -1 0 
1609 1 265 136 108 341 -1 -1 -1 0 
1610 1 268 137 106 340 -1 -1 -1 0 
1611 1 272 138 105 339 -1 -1 -1 0 
1612 1 275 139 103 339 -1 -1 -1 0 
1613 1 280 138 100 332 -1 -1 -1 0 
1614 1 285 138 95 336 -1 -1 -1 0 
1615 1 287 138 97 337 -1 -1 -1 0 
1616 1 290 139 96 336 -1 -1 -1 0 
1617 1 294 141 95 334 -1 -1 -1 0 
1618 1 295 141 97 337 -1 -1 -1 0 
1619 1 295 143 100 334 -1 -1 -1 0 
1620 1 297 144 101 334 -1 -1 -1 0 
1621 1 306 145 92 325 -1 -1 -1 0 
1622 1 307 145 93 324 -1 -1 -1 0 
1623 1 309 145 92 324 -1 -1 -1 0 
1624 1 310 145 90 323 -1 -1 -1 0 
1625 1 312 145 89 320 -1 -1 -1 0 
1626 1 315 146 86 318 -1 -1 -1 0 
1627 1 316 142 85 336 -1 -1 -1 0 
1628 1 317 150 84 317 -1 -1 -1 0 
1629 1 318 150 83 318 -1 -1 -1 0 
1630 1 317 150 85 320 -1 -1 -1 0 
1631 1 316 150 87 320 -1 -1 -1 0 
1632 1 316 151 87 319 -1 -1 -1 0 
1633 1 316 151 90 319 -1 -1 -1 0 
1634 1 318 150 89 326 -1 -1 -1 0 
1635 1 319 149 93 323 -1 -1 -1 0 
1636 1 323 148 91 324 -1 -1 -1 0 
1637 1 324 147 92 324 -1 -1 -1 0 
1638 1 327 145 90 325 -1 -1 -1 0 
1639 1 329 145 89 323 -1 -1 -1 0 
1640 1 332 146 95 324 -1 -1 -1 0 
1641 1 333 146 107 324 -1 -1 -1 0 
1642 1 334 145 114 327 -1 -1 -1 0 
1643 1 338 144 112 332 -1 -1 -1 0 
1644 1 338 144 118 329 -1 -1 -1 0 
1645 1 342 148 117 322 -1 -1 -1 0 
1646 1 346 151 112 316 -1 -1 -1 0 
1647 1 343 152 119 320 -1 -1 -1 0 
1648 1 333 150 136 324 -1 -1 -1 0 
1649 1 331 151 140 323 -1 -1 -1 0 
1650 1 334 153 138 320 -1 -1 -1 0 
1651 1 347 156 131 315 -1 -1 -1 0 
1652 1 356 153 126 319 -1 -1 -1 0 
1653 1 377 153 113 320 -1 -1 -1 0 
1654 1 384 149 110 320 -1 -1 -1 0 
1655 1 390 148 108 319 -1 -1 -1 0 
1656 1 399 148 104 319 -1 -1 -1 0 
1657 1 405 141 99 327 -1 -1 -1 0 
1658 1 411 145 95 325 -1 -1 -1 0 
1659 1 416 144 92 329 -1 -1 -1 0 
1660 1 419 148 90 324 -1 -1 -1 0 
1661 1 421 149 88 323 -1 -1 -1 0 
1662 1 424 150 87 323 -1 -1 -1 0 
1663 1 426 151 87 323 -1 -1 -1 0 
1664 1 427 152 87 322 -1 -1 -1 0 
1665 1 431 151 84 321 -1 -1 -1 0 
1666 1 432 150 83 322 -1 -1 -1 0 
1667 1 436 152 80 317 -1 -1 -1 0 
1668 1 438 153 78 312 -1 -1 -1 0 
1669 1 441 152 77 313 -1 -1 -1 0 
1670 1 442 151 78 314 -1 -1 -1 0 
1671 1 442 149 82 318 -1 -1 -1 0 
1672 1 443 148 83 320 -1 -1 -1 0 
1673 1 445 151 85 317 -1 -1 -1 0 
1674 1 449 149 83 320 -1 -1 -1 0 
1675 1 450 149 85 321 -1 -1 -1 0 
1676 1 454 146 83 323 -1 -1 -1 0 
1677 1 456 145 82 323 -1 -1 -1 0 
1678 1 457 144 83 324 -1 -1 -1 0 
1679 1 458 144 84 325 -1 -1 -1 0 
1680 1 459 142 84 326 -1 -1 -1 0 
1681 1 458 144 86 324 -1 -1 -1 0 
1682 1 459 144 85 325 -1 -1 -1 0 
1683 1 457 143 88 326 -1 -1 -1 0 
1684 1 457 144 89 325 -1 -1 -1 0 
1685 1 458 146 88 323 -1 -1 -1 0 
1686 1 458 147 88 322 -1 -1 -1 0 
1687 1 458 147 88 323 -1 -1 -1 0 
1688 1 458 147 89 324 -1 -1 -1 0 
1689 1 458 147 89 324 -1 -1 -1 0 
1690 1 458 147 89 323 -1 -1 -1 0 
1691 1 459 148 88 322 -1 -1 -1 0 
1692 1 459 148 88 322 -1 -1 -1 0 
1693 1 459 148 87 322 -1 -1 -1 0 
1694 1 459 147 87 322 -1 -1 -1 0 
1695 1 459 148 88 321 -1 -1 -1 0 
1696 1 459 147 87 322 -1 -1 -1 0 
1697 1 459 147 88 323 -1 -1 -1 0 
1698 1 459 147 88 323 -1 -1 -1 0 
1699 1 458 147 89 323 -1 -1 -1 0 
1700 1 459 147 87 323 -1 -1 -1 0 
1701 1 459 146 87 324 -1 -1 -1 0 
1702 1 458 147 89 323 -1 -1 -1 0 
1703 1 459 147 87 323 -1 -1 -1 0 
1704 1 458 146 89 323 -1 -1 -1 0 
1705 1 458 146 88 324 -1 -1 -1 0 
1706 1 459 146 87 324 -1 -1 -1 0 
1707 1 459 147 88 324 -1 -1 -1 0 
1708 1 458 146 89 324 -1 -1 -1 0 
1709 1 458 147 89 324 -1 -1 -1 0 
1710 1 458 146 88 325 -1 -1 -1 0 
1711 1 458 146 89 324 -1 -1 -1 0 
1712 1 461 145 85 326 -1 -1 -1 0 
1713 1 459 145 88 326 -1 -1 -1 0 
1714 1 461 145 85 326 -1 -1 -1 0 
1715 1 459 146 88 324 -1 -1 -1 0 
1716 1 458 147 89 323 -1 -1 -1 0 
1717 1 461 145 84 326 -1 -1 -1 0 
1718 1 459 146 88 324 -1 -1 -1 0 
1719 1 458 147 89 323 -1 -1 -1 0 
1720 1 458 146 88 325 -1 -1 -1 0 
1721 1 461 145 85 326 -1 -1 -1 0 
1722 1 461 144 86 326 -1 -1 -1 0 
1723 1 459 146 88 324 -1 -1 -1 0 
1724 1 460 144 86 327 -1 -1 -1 0 
1725 1 459 146 88 324 -1 -1 -1 0 
1726 1 457 147 90 323 -1 -1 -1 0 
1727 1 458 146 88 324 -1 -1 -1 0 
1728 1 458 146 89 324 -1 -1 -1 0 
1729 1 457 147 90 323 -1 -1 -1 0 
1730 1 461 145 84 325 -1 -1 -1 0 
1731 1 458 146 89 324 -1 -1 -1 0 
1732 1 458 146 89 323 -1 -1 -1 0 
1733 1 458 147 88 322 -1 -1 -1 0 
1734 1 458 147 89 322 -1 -1 -1 0 
1735 1 457 147 89 323 -1 -1 -1 0 
1736 1 458 146 88 324 -1 -1 -1 0 
1737 1 457 147 89 324 -1 -1 -1 0 
1738 1 458 147 88 324 -1 -1 -1 0 
1739 1 457 147 89 323 -1 -1 -1 0 
1740 1 458 147 88 322 -1 -1 -1 0 
1741 1 457 147 89 323 -1 -1 -1 0 
1742 1 458 147 88 322 -1 -1 -1 0 
1743 1 457 147 90 323 -1 -1 -1 0 
1744 1 457 146 89 325 -1 -1 -1 0 
1745 1 457 147 89 323 -1 -1 -1 0 
1746 1 458 147 87 322 -1 -1 -1 0 
1747 1 458 147 88 323 -1 -1 -1 0 
1748 1 458 147 88 322 -1 -1 -1 0 
1749 1 458 147 87 323 -1 -1 -1 0 
1750 1 458 146 88 323 -1 -1 -1 0 
1751 1 457 147 89 323 -1 -1 -1 0 
1752 1 457 147 88 323 -1 -1 -1 0 
1753 1 457 147 89 322 -1 -1 -1 0 
1754 1 457 147 89 323 -1 -1 -1 0 
1755 1 457 147 88 323 -1 -1 -1 0 
1756 1 457 146 88 323 -1 -1 -1 0 
1757 1 457 147 89 323 -1 -1 -1 0 
1758 1 456 148 90 323 -1 -1 -1 0 
1759 1 457 148 89 322 -1 -1 -1 0 
1760 1 458 148 89 321 -1 -1 -1 0 
1761 1 458 148 88 322 -1 -1 -1 0 
1762 1 457 147 89 323 -1 -1 -1 0 
1763 1 457 147 89 323 -1 -1 -1 0 
1764 1 457 147 90 323 -1 -1 -1 0 
1765 1 458 147 88 323 -1 -1 -1 0 
1766 1 457 147 89 323 -1 -1 -1 0 
1767 1 457 146 88 323 -1 -1 -1 0 
1768 1 457 146 89 324 -1 -1 -1 0 
1769 1 457 147 89 324 -1 -1 -1 0 
1770 1 457 146 88 325 -1 -1 -1 0 
1771 1 457 146 89 324 -1 -1 -1 0 
1772 1 457 147 89 323 -1 -1 -1 0 
1773 1 458 148 87 321 -1 -1 -1 0 
1774 1 458 147 87 323 -1 -1 -1 0 
1775 1 457 146 89 324 -1 -1 -1 0 
1776 1 457 146 89 324 -1 -1 -1 0 
1777 1 456 147 90 323 -1 -1 -1 0 
1778 1 457 147 88 323 -1 -1 -1 0 
1779 1 456 147 89 324 -1 -1 -1 0 
1780 1 456 146 90 325 -1 -1 -1 0 
1781 1 456 146 90 324 -1 -1 -1 0 
1782 1 456 146 90 324 -1 -1 -1 0 
1783 1 455 146 90 325 -1 -1 -1 0 
1784 1 456 146 89 324 -1 -1 -1 0 
1785 1 457 146 89 323 -1 -1 -1 0 
1786 1 457 147 89 323 -1 -1 -1 0 
1787 1 457 147 88 323 -1 -1 -1 0 
1788 1 456 147 90 323 -1 -1 -1 0 
1789 1 456 146 90 324 -1 -1 -1 0 
1790 1 456 146 90 324 -1 -1 -1 0 
1791 1 456 146 90 323 -1 -1 -1 0 
1792 1 455 146 91 324 -1 -1 -1 0 
1793 1 456 146 90 324 -1 -1 -1 0 
1794 1 456 145 89 325 -1 -1 -1 0 
1795 1 456 146 90 324 -1 -1 -1 0 
1796 1 456 146 90 324 -1 -1 -1 0 
1797 1 456 146 91 325 -1 -1 -1 0 
1798 1 456 147 90 324 -1 -1 -1 0 
1799 1 457 146 90 324 -1 -1 -1 0 
1800 1 457 146 89 324 -1 -1 -1 0 
1801 1 457 147 88 323 -1 -1 -1 0 
1802 1 457 146 88 324 -1 -1 -1 0 
1803 1 457 146 89 325 -1 -1 -1 0 
1804 1 456 147 89 324 -1 -1 -1 0 
1805 1 457 146 89 324 -1 -1 -1 0 
1806 1 456 146 90 324 -1 -1 -1 0 
1807 1 456 147 90 324 -1 -1 -1 0 
1808 1 456 147 89 324 -1 -1 -1 0 
1809 1 456 147 89 324 -1 -1 -1 0 
1810 1 456 147 90 324 -1 -1 -1 0 
1811 1 456 146 89 325 -1 -1 -1 0 
1812 1 456 146 90 324 -1 -1 -1 0 
1813 1 456 147 90 323 -1 -1 -1 0 
1814 1 457 147 89 323 -1 -1 -1 0 
1815 1 457 147 88 323 -1 -1 -1 0 
1816 1 457 146 88 324 -1 -1 -1 0 
1817 1 456 147 90 324 -1 -1 -1 0 
1818 1 457 147 89 324 -1 -1 -1 0 
1819 1 457 146 88 325 -1 -1 -1 0 
1820 1 456 146 90 324 -1 -1 -1 0 
1821 1 456 146 90 323 -1 -1 -1 0 
1822 1 455 146 90 324 -1 -1 -1 0 
1823 1 455 145 90 325 -1 -1 -1 0 
1824 1 456 145 89 325 -1 -1 -1 0 
1825 1 456 145 90 325 -1 -1 -1 0 
1826 1 455 145 90 325 -1 -1 -1 0 
1827 1 455 145 91 325 -1 -1 -1 0 
1828 1 455 145 91 325 -1 -1 -1 0 
1829 1 455 145 91 326 -1 -1 -1 0 
1830 1 455 145 90 327 -1 -1 -1 0 
1831 1 454 144 92 328 -1 -1 -1 0 
1832 1 453 147 93 326 -1 -1 -1 0 
1833 1 453 146 91 327 -1 -1 -1 0 
1834 1 453 145 91 327 -1 -1 -1 0 
1835 1 454 145 90 327 -1 -1 -1 0 
1836 1 453 144 91 333 -1 -1 -1 0 
1837 1 452 148 92 329 -1 -1 -1 0 
1838 1 452 149 91 328 -1 -1 -1 0 
1839 1 452 149 91 324 -1 -1 -1 0 
1840 1 451 150 92 322 -1 -1 -1 0 
1841 1 451 150 91 321 -1 -1 -1 0 
1842 1 451 150 90 320 -1 -1 -1 0 
1843 1 452 150 88 319 -1 -1 -1 0 
1844 1 453 151 87 318 -1 -1 -1 0 
1845 1 452 151 87 318 -1 -1 -1 0 
1846 1 453 151 85 319 -1 -1 -1 0 
1847 1 453 151 85 320 -1 -1 -1 0 
1848 1 452 151 85 321 -1 -1 -1 0 
1849 1 451 148 84 327 -1 -1 -1 0 
1850 1 450 147 84 329 -1 -1 -1 0 
1851 1 450 147 84 328 -1 -1 -1 0 
1852 1 449 146 84 329 -1 -1 -1 0 
1853 1 446 150 87 325 -1 -1 -1 0 
1854 1 447 151 84 324 -1 -1 -1 0 
1855 1 446 152 84 323 -1 -1 -1 0 
1856 1 446 150 83 321 -1 -1 -1 0 
1857 1 445 150 82 320 -1 -1 -1 0 
1858 1 444 151 83 319 -1 -1 -1 0 
1859 1 444 152 81 321 -1 -1 -1 0 
1860 1 444 153 79 319 -1 -1 -1 0 
1861 1 443 150 77 321 -1 -1 -1 0 
1862 1 442 150 76 321 -1 -1 -1 0 
1863 1 440 149 78 322 -1 -1 -1 0 
1864 1 440 149 77 322 -1 -1 -1 0 
1865 1 439 148 77 323 -1 -1 -1 0 
1866 1 439 148 76 324 -1 -1 -1 0 
1867 1 439 148 76 324 -1 -1 -1 0 
1868 1 438 148 77 325 -1 -1 -1 0 
1869 1 438 148 77 324 -1 -1 -1 0 
1870 1 438 147 77 325 -1 -1 -1 0 
1871 1 437 147 77 324 -1 -1 -1 0 
1872 1 437 147 77 323 -1 -1 -1 0 
1873 1 436 154 80 315 -1 -1 -1 0 
1874 1 438 148 75 323 -1 -1 -1 0 
1875 1 437 148 77 323 -1 -1 -1 0 
1876 1 437 148 77 322 -1 -1 -1 0 
1877 1 435 155 81 314 -1 -1 -1 0 
1878 1 438 148 75 323 -1 -1 -1 0 
1879 1 435 154 82 315 -1 -1 -1 0 
1880 1 436 155 80 314 -1 -1 -1 0 
1881 1 437 149 76 322 -1 -1 -1 0 
1882 1 436 155 81 313 -1 -1 -1 0 
1883 1 437 155 79 314 -1 -1 -1 0 
1884 1 436 155 81 314 -1 -1 -1 0 
1885 1 436 156 80 312 -1 -1 -1 0 
1886 1 437 156 79 313 -1 -1 -1 0 
1887 1 437 156 79 313 -1 -1 -1 0 
1888 1 438 154 79 315 -1 -1 -1 0 
1889 1 439 148 76 323 -1 -1 -1 0 
1890 1 438 148 78 323 -1 -1 -1 0 
1891 1 438 148 78 323 -1 -1 -1 0 
1892 1 439 148 77 323 -1 -1 -1 0 
1893 1 438 147 78 324 -1 -1 -1 0 
1894 1 438 147 78 323 -1 -1 -1 0 
1895 1 439 148 77 322 -1 -1 -1 0 
1896 1 439 148 77 323 -1 -1 -1 0 
1897 1 439 148 78 323 -1 -1 -1 0 
1898 1 439 149 78 321 -1 -1 -1 0 
1899 1 440 149 76 320 -1 -1 -1 0 
1900 1 439 148 78 322 -1 -1 -1 0 
1901 1 439 149 79 322 -1 -1 -1 0 
1902 1 440 149 77 322 -1 -1 -1 0 
1903 1 439 148 79 322 -1 -1 -1 0 
1904 1 440 149 77 321 -1 -1 -1 0 
1905 1 439 149 79 322 -1 -1 -1 0 
1906 1 440 150 78 321 -1 -1 -1 0 
1907 1 439 150 78 321 -1 -1 -1 0 
1908 1 439 152 80 319 -1 -1 -1 0 
1909 1 439 152 80 320 -1 -1 -1 0 
1910 1 437 152 84 320 -1 -1 -1 0 
1911 1 437 152 83 320 -1 -1 -1 0 
1912 1 435 149 86 325 -1 -1 -1 0 
1913 1 434 148 87 328 -1 -1 -1 0 
1914 1 433 146 90 330 -1 -1 -1 0 
1915 1 434 144 90 332 -1 -1 -1 0 
1916 1 432 140 94 335 -1 -1 -1 0 
1917 1 432 137 95 339 -1 -1 -1 0 
1918 1 432 135 96 341 -1 -1 -1 0 
1919 1 433 136 96 340 -1 -1 -1 0 
1920 1 432 140 99 337 -1 -1 -1 0 
1921 1 427 134 107 345 -1 -1 -1 0 
1922 1 424 130 112 349 -1 -1 -1 0 
1923 1 424 132 115 347 -1 -1 -1 0 
1924 1 424 132 116 347 -1 -1 -1 0 
1925 1 423 132 118 346 -1 -1 -1 0 
1926 1 424 131 116 347 -1 -1 -1 0 
1927 1 424 132 115 346 -1 -1 -1 0 
1928 1 424 131 114 347 -1 -1 -1 0 
1929 1 418 129 118 350 -1 -1 -1 0 
1930 1 414 128 121 350 -1 -1 -1 0 
1931 1 408 126 122 352 -1 -1 -1 0 
1932 1 403 127 125 352 -1 -1 -1 0 
1933 1 397 121 127 356 -1 -1 -1 0 
1934 1 394 117 129 360 -1 -1 -1 0 
1935 1 390 115 134 363 -1 -1 -1 0 
1936 1 388 107 133 370 -1 -1 -1 0 
1937 1 385 103 136 373 -1 -1 -1 0 
1938 1 382 101 140 374 -1 -1 -1 0 
1939 1 380 99 142 376 -1 -1 -1 0 
1940 1 380 98 144 378 -1 -1 -1 0 
1941 1 380 96 146 379 -1 -1 -1 0 
1942 1 380 95 146 380 -1 -1 -1 0 
1943 1 382 88 149 387 -1 -1 -1 0 
1944 1 383 84 149 389 -1 -1 -1 0 
1945 1 381 79 157 393 -1 -1 -1 0 
1946 1 379 72 161 400 -1 -1 -1 0 
1947 1 382 67 162 402 -1 -1 -1 0 
1948 1 386 65 159 408 -1 -1 -1 0 
1949 1 385 62 163 411 -1 -1 -1 0 
1950 1 385 58 165 414 -1 -1 -1 0 
1951 1 385 56 167 414 -1 -1 -1 0 
1952 1 384 53 168 417 -1 -1 -1 0 
1953 1 380 52 172 418 -1 -1 -1 0 
1954 1 374 44 173 423 -1 -1 -1 0 
1955 1 367 35 178 431 -1 -1 -1 0 
1956 1 360 26 185 440 -1 -1 -1 0 
1957 1 353 19 190 454 -1 -1 -1 0 
1958 1 346 11 198 464 -1 -1 -1 0 
1959 1 348 1 191 477 -1 -1 -1 0 
1960 1 342 0 199 479 -1 -1 -1 0 
1961 1 339 0 202 478 -1 -1 -1 0 
1962 1 337 0 203 475 -1 -1 -1 0 
1963 1 334 0 217 478 -1 -1 -1 0 
1964 1 334 0 223 478 -1 -1 -1 0 
1965 1 334 0 232 476 -1 -1 -1 0 
1966 1 336 0 238 475 -1 -1 -1 0 
1967 1 336 0 252 471 -1 -1 -1 0 
1968 1 337 0 254 471 -1 -1 -1 0 
1969 1 340 0 260 471 -1 -1 -1 0 
1970 1 342 0 268 479 -1 -1 -1 0 
1971 1 339 0 274 478 -1 -1 -1 0 
1972 1 335 0 280 475 -1 -1 -1 0 
1973 1 324 1 293 475 -1 -1 -1 0 
1974 1 312 2 310 473 -1 -1 -1 0 
1975 1 294 1 324 469 -1 -1 -1 0 
1976 1 284 4 328 466 -1 -1 -1 0 
1977 1 248 6 348 467 -1 -1 -1 0 
1978 1 242 7 343 465 -1 -1 -1 0 
1979 1 224 1 343 470 -1 -1 -1 0 
1980 1 209 4 361 474 -1 -1 -1 0 
1981 1 205 2 337 470 -1 -1 -1 0 
1982 1 190 6 358 467 -1 -1 -1 0 
1983 1 181 8 358 467 -1 -1 -1 0 
1984 1 166 4 368 470 -1 -1 -1 0 
1985 1 165 3 371 470 -1 -1 -1 0 
1986 1 163 0 352 476 -1 -1 -1 0 
1987 1 159 4 336 474 -1 -1 -1 0 
1988 1 115 2 348 474 -1 -1 -1 0 
1989 1 101 0 346 475 -1 -1 -1 0 
1990 1 55 7 367 470 -1 -1 -1 0 
1991 1 39 3 376 470 -1 -1 -1 0 
1992 1 31 0 385 471 -1 -1 -1 0 
1993 1 13 0 406 470 -1 -1 -1 0 
1994 1 9 1 419 472 -1 -1 -1 0 
1995 1 10 1 417 471 -1 -1 -1 0 
1996 1 14 5 431 465 -1 -1 -1 0 
1997 1 16 3 443 465 -1 -1 -1 0 
1998 1 22 0 453 470 -1 -1 -1 0 
1999 1 36 2 463 459 -1 -1 -1 0 
2000 1 44 0 478 463 -1 -1 -1 0 
2001 1 59 0 505 465 -1 -1 -1 0 
2002 1 67 3 503 465 -1 -1 -1 0 
2003 1 63 3 541 464 -1 -1 -1 0 
2004 1 66 3 548 466 -1 -1 -1 0 
2005 1 96 2 536 466 -1 -1 -1 0 
2006 1 82 2 555 471 -1 -1 -1 0 
2007 1 79 2 557 476 -1 -1 -1 0 
2021 1 168 121 398 358 -1 -1 -1 0 
2024 2 233 23 403 451 -1 -1 -1 0 
2025 2 280 6 358 467 -1 -1 -1 0 
2026 2 278 0 359 474 -1 -1 -1 0 
2030 2 459 0 176 470 -1 -1 -1 0 
2031 2 513 0 124 471 -1 -1 -1 0 
2032 2 536 0 102 476 -1 -1 -1 0 
2060 2 462 0 177 459 -1 -1 -1 0 
2061 2 439 2 200 462 -1 -1 -1 0 
2062 2 398 2 241 463 -1 -1 -1 0 
2063 2 383 0 256 466 -1 -1 -1 0 
2064 2 382 0 257 463 -1 -1 -1 0 
2065 2 373 0 266 468 -1 -1 -1 0 
2066 2 349 0 290 468 -1 -1 -1 0 
2067 2 345 0 294 469 -1 -1 -1 0 
2068 2 346 0 291 469 -1 -1 -1 0 
2069 2 348 0 291 470 -1 -1 -1 0 
2070 2 345 0 290 474 -1 -1 -1 0 
2071 2 349 0 285 475 -1 -1 -1 0 
2072 2 346 0 290 477 -1 -1 -1 0 
2073 2 344 0 291 479 -1 -1 -1 0 
2074 2 344 0 292 479 -1 -1 -1 0 
2075 2 345 0 290 479 -1 -1 -1 0 
2076 2 348 0 288 479 -1 -1 -1 0 
2077 2 342 0 296 477 -1 -1 -1 0 
2078 2 347 0 291 475 -1 -1 -1 0 
2079 2 347 0 292 472 -1 -1 -1 0 
2080 2 348 0 291 471 -1 -1 -1 0 
2081 2 362 0 276 474 -1 -1 -1 0 
2082 2 369 0 270 475 -1 -1 -1 0 
2083 2 369 0 270 475 -1 -1 -1 0 
2084 2 383 0 256 475 -1 -1 -1 0 
2085 2 426 3 210 469 -1 -1 -1 0 
2086 2 413 5 225 470 -1 -1 -1 0 
2087 2 424 7 214 468 -1 -1 -1 0 
2088 2 423 6 216 467 -1 -1 -1 0 
2089 2 422 6 217 467 -1 -1 -1 0 
2090 2 420 5 219 465 -1 -1 -1 0 
2091 2 426 5 211 465 -1 -1 -1 0 
2092 2 425 5 213 466 -1 -1 -1 0 
2093 2 420 4 218 467 -1 -1 -1 0 
2094 2 428 4 209 467 -1 -1 -1 0 
2095 2 425 4 213 468 -1 -1 -1 0 
2096 2 432 4 205 467 -1 -1 -1 0 
2097 2 434 5 203 466 -1 -1 -1 0 
2098 2 435 5 203 466 -1 -1 -1 0 
2099 2 430 5 208 465 -1 -1 -1 0 
2100 2 430 5 208 465 -1 -1 -1 0 
2101 2 433 5 204 466 -1 -1 -1 0 
2102 2 434 5 204 465 -1 -1 -1 0 
2103 2 429 5 209 466 -1 -1 -1 0 
2104 2 430 5 207 467 -1 -1 -1 0 
2105 2 427 4 211 468 -1 -1 -1 0 
2106 2 426 5 212 466 -1 -1 -1 0 
2107 2 419 4 219 467 -1 -1 -1 0 
2108 2 423 4 214 467 -1 -1 -1 0 
2109 2 416 3 222 469 -1 -1 -1 0 
2110 2 415 3 223 469 -1 -1 -1 0 
2111 2 419 4 218 468 -1 -1 -1 0 
2112 2 420 4 217 467 -1 -1 -1 0 
2113 2 423 5 214 466 -1 -1 -1 0 
2114 2 422 4 216 467 -1 -1 -1 0 
2115 2 423 3 214 468 -1 -1 -1 0 
2116 2 420 4 218 466 -1 -1 -1 0 
2117 2 419 4 219 466 -1 -1 -1 0 
2118 2 416 4 222 466 -1 -1 -1 0 
2119 2 414 4 225 465 -1 -1 -1 0 
2120 2 415 4 222 465 -1 -1 -1 0 
2121 2 412 3 226 466 -1 -1 -1 0 
2122 2 411 3 227 465 -1 -1 -1 0 
2123 2 414 3 223 466 -1 -1 -1 0 
2124 2 413 3 225 467 -1 -1 -1 0 
2125 2 415 3 222 468 -1 -1 -1 0 
2126 2 415 3 222 468 -1 -1 -1 0 
2127 2 417 4 220 467 -1 -1 -1 0 
2128 2 429 6 208 466 -1 -1 -1 0 
2129 2 429 7 209 464 -1 -1 -1 0 
2130 2 433 7 204 463 -1 -1 -1 0 
2131 2 436 7 201 462 -1 -1 -1 0 
2132 2 437 7 201 462 -1 -1 -1 0 
2133 2 442 7 195 462 -1 -1 -1 0 
2134 2 446 7 191 461 -1 -1 -1 0 
2135 2 447 6 191 462 -1 -1 -1 0 
2136 2 447 4 191 466 -1 -1 -1 0 
2137 2 453 4 184 467 -1 -1 -1 0 
2138 2 459 5 178 468 -1 -1 -1 0 
2139 2 463 3 174 470 -1 -1 -1 0 
2140 2 464 4 175 468 -1 -1 -1 0 
2141 2 464 6 174 465 -1 -1 -1 0 
2142 2 468 10 170 461 -1 -1 -1 0 
2143 2 470 14 167 461 -1 -1 -1 0 
2144 2 481 26 157 445 -1 -1 -1 0 
2145 2 488 9 149 465 -1 -1 -1 0 
2146 2 488 13 150 460 -1 -1 -1 0 
2147 2 488 9 150 463 -1 -1 -1 0 
2149 2 489 10 149 462 -1 -1 -1 0 
2150 2 490 9 148 460 -1 -1 -1 0 
2193 2 491 7 145 462 -1 -1 -1 0 
2194 2 460 10 178 454 -1 -1 -1 0 
2195 2 448 5 189 457 -1 -1 -1 0 
2196 2 395 1 244 469 -1 -1 -1 0 
2197 2 383 0 252 470 -1 -1 -1 0 
2199 2 335 0 299 472 -1 -1 -1 0 
2200 2 296 0 341 471 -1 -1 -1 0 
2201 2 253 0 386 467 -1 -1 -1 0 
2202 2 190 0 447 471 -1 -1 -1 0 
2203 2 189 0 443 468 -1 -1 -1 0 
2204 2 188 0 449 465 -1 -1 -1 0 
2205 2 185 0 447 469 -1 -1 -1 0 
2206 2 188 0 445 468 -1 -1 -1 0 
2207 2 90 0 549 468 -1 -1 -1 0 
2208 2 96 0 531 469 -1 -1 -1 0 
2210 2 105 1 516 468 -1 -1 -1 0 
2211 2 121 2 485 465 -1 -1 -1 0 
2213 2 103 4 492 462 -1 -1 -1 0 
2222 2 8 0 475 479 -1 -1 -1 0 
2231 4 0 0 368 476 -1 -1 -1 0 
2245 4 7 0 363 474 -1 -1 -1 0 
2246 4 7 1 367 475 -1 -1 -1 0 
2264 2 145 0 446 465 -1 -1 -1 0 
2264 4 205 0 370 452 -1 -1 -1 0 
2267 2 196 1 421 468 -1 -1 -1 0 
2268 2 210 1 412 469 -1 -1 -1 0 
2269 2 241 0 398 467 -1 -1 -1 0 
2270 2 255 4 384 468 -1 -1 -1 0 
2271 2 260 6 378 466 -1 -1 -1 0 
2272 2 285 3 354 466 -1 -1 -1 0 
2273 2 305 2 332 465 -1 -1 -1 0 
2274 2 322 2 314 471 -1 -1 -1 0 
2275 2 345 2 290 472 -1 -1 -1 0 
2276 2 365 4 272 470 -1 -1 -1 0 
2277 2 387 6 247 467 -1 -1 -1 0 
2278 2 408 10 227 459 -1 -1 -1 0 
2279 2 417 20 220 448 -1 -1 -1 0 
2280 2 424 8 212 461 -1 -1 -1 0 
2281 2 429 5 208 462 -1 -1 -1 0 
2282 2 435 9 202 461 -1 -1 -1 0 
2283 2 440 2 196 470 -1 -1 -1 0 
2284 2 440 2 196 470 -1 -1 -1 0 
2285 2 442 0 194 470 -1 -1 -1 0 
2286 2 443 0 192 471 -1 -1 -1 0 
2287 2 442 0 194 471 -1 -1 -1 0 
2288 2 441 0 195 471 -1 -1 -1 0 
2289 2 440 0 197 470 -1 -1 -1 0 
2290 2 441 0 196 470 -1 -1 -1 0 
2291 2 440 0 197 469 -1 -1 -1 0 
2292 2 439 0 197 469 -1 -1 -1 0 
2293 2 437 0 199 469 -1 -1 -1 0 
2294 2 434 0 202 470 -1 -1 -1 0 
2295 2 431 4 206 464 -1 -1 -1 0 
2296 2 430 8 207 462 -1 -1 -1 0 
2297 2 427 11 210 457 -1 -1 -1 0 
2298 2 418 10 218 453 -1 -1 -1 0 
2299 2 414 13 220 451 -1 -1 -1 0 
2300 2 401 7 234 459 -1 -1 -1 0 
2302 2 372 0 260 466 -1 -1 -1 0 
2303 2 361 2 271 467 -1 -1 -1 0 
2304 2 339 0 292 469 -1 -1 -1 0 
2305 2 316 1 320 475 -1 -1 -1 0 
2306 2 308 0 328 477 -1 -1 -1 0 
2307 2 292 6 345 465 -1 -1 -1 0 
2308 2 288 2 347 470 -1 -1 -1 0 
2309 2 277 3 361 471 -1 -1 -1 0 
2310 2 265 5 374 468 -1 -1 -1 0 
2311 2 259 0 377 469 -1 -1 -1 0 
2312 2 248 0 390 467 -1 -1 -1 0 
2313 2 247 2 391 472 -1 -1 -1 0 
2314 2 238 1 401 467 -1 -1 -1 0 
2315 2 235 5 404 466 -1 -1 -1 0 
2316 2 231 1 408 469 -1 -1 -1 0 
2317 2 232 4 407 467 -1 -1 -1 0 
2318 2 235 3 403 469 -1 -1 -1 0 
2319 2 239 4 399 471 -1 -1 -1 0 
2320 2 242 5 397 467 -1 -1 -1 0 
2321 2 245 2 394 464 -1 -1 -1 0 
2322 2 249 1 388 464 -1 -1 -1 0 
2323 2 254 2 381 466 -1 -1 -1 0 
2324 2 258 0 376 467 -1 -1 -1 0 
2325 2 259 0 378 466 -1 -1 -1 0 
2326 2 267 5 367 462 -1 -1 -1 0 
2327 2 271 1 359 463 -1 -1 -1 0 
2328 2 274 0 355 465 -1 -1 -1 0 
2329 2 279 2 352 464 -1 -1 -1 0 
2330 2 280 0 349 468 -1 -1 -1 0 
2331 2 278 0 352 468 -1 -1 -1 0 
2332 2 265 0 366 464 -1 -1 -1 0 
2333 2 261 0 375 466 -1 -1 -1 0 
2334 2 237 0 399 470 -1 -1 -1 0 
2336 2 205 2 433 470 -1 -1 -1 0 
2337 2 187 1 450 468 -1 -1 -1 0 
2338 2 181 1 454 470 -1 -1 -1 0 
2339 2 168 2 459 472 -1 -1 -1 0 
2340 2 142 1 477 474 -1 -1 -1 0 
2341 2 128 3 494 469 -1 -1 -1 0 
2342 2 121 0 497 470 -1 -1 -1 0 
2343 2 121 0 497 469 -1 -1 -1 0 
2344 2 117 1 499 473 -1 -1 -1 0 
2345 2 118 2 493 468 -1 -1 -1 0 
2346 2 122 0 482 474 -1 -1 -1 0 
2347 2 118 0 471 472 -1 -1 -1 0 
2348 2 118 0 471 471 -1 -1 -1 0 
2349 2 78 0 498 471 -1 -1 -1 0 
2350 2 77 0 498 470 -1 -1 -1 0 
2351 2 76 2 492 470 -1 -1 -1 0 
2352 2 76 2 492 470 -1 -1 -1 0 
2353 2 75 2 493 470 -1 -1 -1 0 
2354 2 75 2 493 470 -1 -1 -1 0 
2355 2 75 2 493 470 -1 -1 -1 0 
2356 2 111 0 478 470 -1 -1 -1 0 
2357 2 112 2 476 469 -1 -1 -1 0 
2358 2 141 4 471 467 -1 -1 -1 0 
2359 2 140 5 471 467 -1 -1 -1 0 
2360 2 165 6 467 469 -1 -1 -1 0 
2361 2 175 2 462 464 -1 -1 -1 0 
2362 2 182 2 456 465 -1 -1 -1 0 
2363 2 216 3 420 467 -1 -1 -1 0 
2364 2 235 4 398 467 -1 -1 -1 0 
2365 2 234 4 398 467 -1 -1 -1 0 
2366 2 246 4 384 468 -1 -1 -1 0 
2367 2 270 0 361 469 -1 -1 -1 0 
2368 2 269 0 361 468 -1 -1 -1 0 
2369 2 288 1 346 473 -1 -1 -1 0 
2370 2 284 7 355 467 -1 -1 -1 0 
2371 2 284 8 354 465 -1 -1 -1 0 
2372 2 324 7 313 467 -1 -1 -1 0 
2373 2 321 8 313 466 -1 -1 -1 0 
2374 2 321 8 313 466 -1 -1 -1 0 
2375 2 321 8 313 466 -1 -1 -1 0 
2376 2 321 8 313 466 -1 -1 -1 0 
2377 2 321 8 313 466 -1 -1 -1 0 
2378 2 321 8 313 466 -1 -1 -1 0 
2379 2 353 7 283 470 -1 -1 -1 0 
2380 2 428 5 206 472 -1 -1 -1 0 
2381 2 429 2 206 470 -1 -1 -1 0 
2382 2 430 1 205 471 -1 -1 -1 0 
2383 2 430 1 205 471 -1 -1 -1 0 
2384 2 430 1 205 471 -1 -1 -1 0 
2385 2 430 1 205 471 -1 -1 -1 0 
2386 2 443 0 193 471 -1 -1 -1 0 
2387 2 449 0 187 471 -1 -1 -1 0 
2388 2 449 0 187 471 -1 -1 -1 0 
2389 2 459 0 179 474 -1 -1 -1 0 
2390 2 459 0 179 473 -1 -1 -1 0 
2391 2 459 0 179 473 -1 -1 -1 0 
2392 2 454 0 184 472 -1 -1 -1 0 
2393 2 447 0 190 473 -1 -1 -1 0 
2394 2 447 0 190 474 -1 -1 -1 0 
2395 2 443 0 195 471 -1 -1 -1 0 
2396 2 440 0 196 472 -1 -1 -1 0 
2397 2 441 0 195 472 -1 -1 -1 0 
2398 2 431 0 205 468 -1 -1 -1 0 
2399 2 428 0 207 471 -1 -1 -1 0 
2400 2 413 0 224 470 -1 -1 -1 0 
2403 2 358 0 279 459 -1 -1 -1 0 
2404 2 309 0 326 466 -1 -1 -1 0 
2405 2 248 9 386 458 -1 -1 -1 0 
2406 2 237 12 398 455 -1 -1 -1 0 
2407 2 234 12 405 456 -1 -1 -1 0 
2408 2 197 8 441 460 -1 -1 -1 0 
2409 2 198 8 439 461 -1 -1 -1 0 
2410 2 184 5 454 462 -1 -1 -1 0 
2411 2 176 6 462 462 -1 -1 -1 0 
2412 2 141 12 498 455 -1 -1 -1 0 
2413 2 138 13 501 456 -1 -1 -1 0 
2414 2 110 4 522 467 -1 -1 -1 0 
2415 2 97 2 532 468 -1 -1 -1 0 
2416 2 91 3 540 467 -1 -1 -1 0 
2417 2 86 8 534 467 -1 -1 -1 0 
2418 2 53 4 556 465 -1 -1 -1 0 
2419 2 48 6 554 462 -1 -1 -1 0 
2420 2 60 4 515 475 -1 -1 -1 0 
2421 2 55 7 517 463 -1 -1 -1 0 
2422 2 49 6 474 463 -1 -1 -1 0 
2423 2 49 5 453 467 -1 -1 -1 0 
2424 2 41 4 459 467 -1 -1 -1 0 
2425 2 38 0 445 474 -1 -1 -1 0 
2426 2 24 4 443 468 -1 -1 -1 0 
2427 2 24 4 440 469 -1 -1 -1 0 
2428 2 18 2 441 474 -1 -1 -1 0 
2429 2 18 3 441 471 -1 -1 -1 0 
2430 2 18 2 425 476 -1 -1 -1 0 
2431 2 15 3 428 475 -1 -1 -1 0 
2432 2 12 3 431 475 -1 -1 -1 0 
2433 2 13 0 415 477 -1 -1 -1 0 
2434 2 9 0 419 476 -1 -1 -1 0 
2442 2 0 0 392 472 -1 -1 -1 0 
2443 2 6 3 378 470 -1 -1 -1 0 
2451 2 5 5 376 471 -1 -1 -1 0 
2456 2 11 7 375 472 -1 -1 -1 0 
2457 2 10 4 390 472 -1 -1 -1 0 
2458 2 12 4 396 471 -1 -1 -1 0 
2459 2 12 1 419 476 -1 -1 -1 0 
2460 2 23 3 454 472 -1 -1 -1 0 
2461 2 27 2 480 473 -1 -1 -1 0 
2462 2 31 1 489 475 -1 -1 -1 0 
2463 2 41 3 477 472 -1 -1 -1 0 
2464 2 60 4 515 468 -1 -1 -1 0 
2465 2 91 11 513 457 -1 -1 -1 0 
2466 2 113 8 500 460 -1 -1 -1 0 
2467 2 142 8 482 461 -1 -1 -1 0 
2468 2 179 5 454 460 -1 -1 -1 0 
2469 2 201 6 431 465 -1 -1 -1 0 
2470 2 230 5 404 465 -1 -1 -1 0 
2471 2 240 6 393 465 -1 -1 -1 0 
2472 2 253 0 378 464 -1 -1 -1 0 
2473 2 274 0 355 466 -1 -1 -1 0 
2474 2 287 0 346 469 -1 -1 -1 0 
2475 2 296 0 337 467 -1 -1 -1 0 
2476 2 316 0 318 469 -1 -1 -1 0 
2477 2 326 0 305 471 -1 -1 -1 0 
2478 2 328 0 303 470 -1 -1 -1 0 
2479 2 332 0 299 468 -1 -1 -1 0 
2480 2 335 0 296 469 -1 -1 -1 0 
2481 2 335 0 295 469 -1 -1 -1 0 
2482 2 334 0 296 466 -1 -1 -1 0 
2483 2 327 0 305 469 -1 -1 -1 0 
2484 2 321 0 311 470 -1 -1 -1 0 
2485 2 305 1 326 467 -1 -1 -1 0 
2486 2 293 0 335 469 -1 -1 -1 0 
2487 2 290 0 339 469 -1 -1 -1 0 
2488 2 277 0 357 474 -1 -1 -1 0 
2489 2 270 0 366 468 -1 -1 -1 0 
2490 2 259 3 378 465 -1 -1 -1 0 
2491 2 243 4 395 464 -1 -1 -1 0 
2492 2 222 10 415 460 -1 -1 -1 0 
2493 2 209 4 423 465 -1 -1 -1 0 
2494 2 197 2 437 468 -1 -1 -1 0 
2495 2 163 12 473 460 -1 -1 -1 0 
2496 2 151 14 488 455 -1 -1 -1 0 
2497 2 121 10 507 460 -1 -1 -1 0 
2498 2 115 7 513 467 -1 -1 -1 0 
2499 2 116 7 502 468 -1 -1 -1 0 
2500 2 121 4 491 469 -1 -1 -1 0 
2501 2 105 0 513 472 -1 -1 -1 0 
2502 2 109 2 502 468 -1 -1 -1 0 
2503 2 108 0 487 470 -1 -1 -1 0 
2504 2 80 1 502 469 -1 -1 -1 0 
2505 2 80 1 494 469 -1 -1 -1 0 
2506 2 76 0 468 472 -1 -1 -1 0 
2507 2 74 2 421 469 -1 -1 -1 0 
2508 2 69 2 413 469 -1 -1 -1 0 
2509 2 64 2 413 472 -1 -1 -1 0 
2510 2 60 2 412 474 -1 -1 -1 0 
2511 2 61 3 400 473 -1 -1 -1 0 
2512 2 50 5 395 468 -1 -1 -1 0 
2513 2 45 8 391 465 -1 -1 -1 0 
2514 2 42 8 390 463 -1 -1 -1 0 
2515 2 37 6 388 469 -1 -1 -1 0 
2516 2 36 4 386 473 -1 -1 -1 0 
2517 2 34 5 383 473 -1 -1 -1 0 
2518 2 37 6 375 472 -1 -1 -1 0 
2519 2 37 5 373 472 -1 -1 -1 0 
2520 2 39 8 373 467 -1 -1 -1 0 
2522 2 28 4 390 473 -1 -1 -1 0 
2523 2 27 3 390 473 -1 -1 -1 0 
2524 2 40 4 388 471 -1 -1 -1 0 
2525 2 42 5 391 471 -1 -1 -1 0 
2526 2 37 2 404 474 -1 -1 -1 0 
2527 2 35 5 414 470 -1 -1 -1 0 
2528 2 38 4 403 475 -1 -1 -1 0 
2529 2 42 5 387 472 -1 -1 -1 0 
2530 2 39 4 371 472 -1 -1 -1 0 
2531 2 34 2 369 474 -1 -1 -1 0 
2532 2 35 5 359 472 -1 -1 -1 0 
2533 2 25 6 372 467 -1 -1 -1 0 
2534 2 26 7 366 464 -1 -1 -1 0 
2547 2 32 5 361 466 -1 -1 -1 0 
2552 2 34 4 362 466 -1 -1 -1 0 
2554 2 36 3 358 467 -1 -1 -1 0 
2555 2 35 3 360 467 -1 -1 -1 0 
2556 2 35 4 361 466 -1 -1 -1 0 
2557 2 36 4 360 466 -1 -1 -1 0 
2558 2 36 5 359 465 -1 -1 -1 0 
2559 2 36 5 359 465 -1 -1 -1 0 
2560 2 36 5 359 464 -1 -1 -1 0 
2561 2 36 6 358 464 -1 -1 -1 0 
2562 2 36 5 357 465 -1 -1 -1 0 
2563 2 36 5 357 464 -1 -1 -1 0 
2564 2 36 5 357 464 -1 -1 -1 0 
2565 2 37 6 356 463 -1 -1 -1 0 
2566 2 37 6 356 464 -1 -1 -1 0 
2567 2 37 6 356 464 -1 -1 -1 0 
2568 2 37 5 356 464 -1 -1 -1 0 
2569 2 38 5 355 464 -1 -1 -1 0 
2570 2 37 5 355 464 -1 -1 -1 0 
2571 2 38 5 354 464 -1 -1 -1 0 
2572 2 38 5 353 464 -1 -1 -1 0 
2573 2 36 5 356 464 -1 -1 -1 0 
2574 2 37 5 355 465 -1 -1 -1 0 
2575 2 36 4 356 465 -1 -1 -1 0 
2576 2 37 4 355 464 -1 -1 -1 0 
2577 2 37 4 354 465 -1 -1 -1 0 
2578 2 38 4 352 465 -1 -1 -1 0 
2579 2 37 5 353 464 -1 -1 -1 0 
2580 2 38 4 351 465 -1 -1 -1 0 
2581 2 39 3 349 466 -1 -1 -1 0 
2582 2 39 3 349 466 -1 -1 -1 0 
2583 2 39 3 349 466 -1 -1 -1 0 
2584 2 38 3 351 467 -1 -1 -1 0 
2585 2 38 4 352 466 -1 -1 -1 0 
2586 2 37 4 353 466 -1 -1 -1 0 
2587 2 37 4 354 466 -1 -1 -1 0 
2588 2 37 3 356 467 -1 -1 -1 0 
2589 2 37 4 356 466 -1 -1 -1 0 
2590 2 38 4 355 466 -1 -1 -1 0 
2591 2 37 4 356 466 -1 -1 -1 0 
2592 2 37 3 355 467 -1 -1 -1 0 
2593 2 37 4 356 466 -1 -1 -1 0 
2594 2 37 4 357 466 -1 -1 -1 0 
2595 2 37 3 356 467 -1 -1 -1 0 
2596 2 38 3 354 466 -1 -1 -1 0 
2597 2 37 3 355 467 -1 -1 -1 0 
2598 2 37 3 356 466 -1 -1 -1 0 
2599 2 37 3 356 466 -1 -1 -1 0 
2600 2 35 3 358 466 -1 -1 -1 0 
2602 2 37 3 356 466 -1 -1 -1 0 
2639 2 38 3 353 467 -1 -1 -1 0 
2644 2 38 3 353 467 -1 -1 -1 0 
2646 2 37 3 354 466 -1 -1 -1 0 
2649 2 37 4 354 465 -1 -1 -1 0 
2650 2 37 3 355 467 -1 -1 -1 0 
2654 2 38 3 353 467 -1 -1 -1 0 
2655 2 36 2 357 468 -1 -1 -1 0 
2656 2 37 1 355 469 -1 -1 -1 0 
2657 2 36 1 357 469 -1 -1 -1 0 
2658 2 37 1 355 469 -1 -1 -1 0 
2659 2 37 1 355 469 -1 -1 -1 0 
2660 2 38 1 351 470 -1 -1 -1 0 
2661 2 37 1 353 470 -1 -1 -1 0 
2662 2 37 1 352 470 -1 -1 -1 0 
2663 2 38 1 350 470 -1 -1 -1 0 
2664 2 37 1 350 470 -1 -1 -1 0 
2665 2 37 1 352 468 -1 -1 -1 0 
2666 2 36 1 354 468 -1 -1 -1 0 
2667 2 37 1 353 467 -1 -1 -1 0 
2668 2 37 1 353 468 -1 -1 -1 0 
2669 2 37 0 352 469 -1 -1 -1 0 
2670 2 36 0 353 468 -1 -1 -1 0 
2671 2 36 1 354 467 -1 -1 -1 0 
2672 2 37 1 352 467 -1 -1 -1 0 
2673 2 36 1 354 468 -1 -1 -1 0 
2674 2 37 1 353 467 -1 -1 -1 0 
2675 2 37 1 352 467 -1 -1 -1 0 
2676 2 37 1 351 468 -1 -1 -1 0 
2677 2 36 0 352 469 -1 -1 -1 0 
2678 2 36 0 352 470 -1 -1 -1 0 
2679 2 37 1 351 469 -1 -1 -1 0 
2680 2 36 1 352 468 -1 -1 -1 0 
2681 2 35 0 353 469 -1 -1 -1 0 
2682 2 36 0 352 469 -1 -1 -1 0 
2683 2 36 0 352 469 -1 -1 -1 0 
2684 2 36 0 351 469 -1 -1 -1 0 
2685 2 36 0 352 470 -1 -1 -1 0 
2686 2 36 0 353 470 -1 -1 -1 0 
2687 2 37 0 351 470 -1 -1 -1 0 
2688 2 37 0 350 470 -1 -1 -1 0 
2689 2 36 0 351 470 -1 -1 -1 0 
2690 2 36 0 353 469 -1 -1 -1 0 
2691 2 36 0 352 470 -1 -1 -1 0 
2692 2 36 0 351 470 -1 -1 -1 0 
2693 2 36 0 353 471 -1 -1 -1 0 
2694 2 36 0 352 471 -1 -1 -1 0 
2695 2 36 0 352 470 -1 -1 -1 0 
2696 2 36 0 352 469 -1 -1 -1 0 
2697 2 37 0 350 469 -1 -1 -1 0 
2698 2 38 0 349 469 -1 -1 -1 0 
2699 2 37 0 350 469 -1 -1 -1 0 
2700 2 36 0 351 469 -1 -1 -1 0 
2701 2 37 0 349 469 -1 -1 -1 0 
2702 2 37 0 350 469 -1 -1 -1 0 
2703 2 37 0 350 469 -1 -1 -1 0 
2704 2 37 0 348 469 -1 -1 -1 0 
2705 2 37 0 348 470 -1 -1 -1 0 
2706 2 30 3 363 465 -1 -1 -1 0 
2707 2 37 0 350 470 -1 -1 -1 0 
2708 2 35 1 354 470 -1 -1 -1 0 
2709 2 24 6 371 464 -1 -1 -1 0 
2710 2 19 8 366 464 -1 -1 -1 0 
2711 2 12 9 358 466 -1 -1 -1 0 
2712 2 1 9 366 468 -1 -1 -1 0 
2744 2 12 5 368 466 -1 -1 -1 0 
2746 2 22 2 373 465 -1 -1 -1 0 
2747 2 35 2 365 469 -1 -1 -1 0 
2748 2 36 3 371 468 -1 -1 -1 0 
2749 2 44 4 378 468 -1 -1 -1 0 
2750 2 47 5 379 470 -1 -1 -1 0 
2751 2 52 6 388 468 -1 -1 -1 0 
2752 2 55 5 390 467 -1 -1 -1 0 
2753 2 67 5 398 469 -1 -1 -1 0 
2754 2 66 5 407 467 -1 -1 -1 0 
2755 2 66 4 410 467 -1 -1 -1 0 
2756 2 42 0 475 471 -1 -1 -1 0 
2757 2 19 0 570 473 -1 -1 -1 0 
2758 2 43 0 563 460 -1 -1 -1 0 
2759 2 10 8 622 459 -1 -1 -1 0 
2760 2 7 5 632 462 -1 -1 -1 0 
2761 2 63 4 572 470 -1 -1 -1 0 
2762 2 76 11 563 456 -1 -1 -1 0 
2763 2 75 14 564 455 -1 -1 -1 0 
2764 2 153 5 484 465 -1 -1 -1 0 
2765 2 166 2 473 465 -1 -1 -1 0 
2766 2 185 7 454 462 -1 -1 -1 0 
2770 2 32 5 607 474 -1 -1 -1 0 
2771 2 23 2 616 477 -1 -1 -1 0 
2772 2 6 15 633 464 -1 -1 -1 0 
2774 2 144 0 487 478 -1 -1 -1 0 
2776 2 248 1 391 460 -1 -1 -1 0 
2777 2 297 11 338 461 -1 -1 -1 0 
2778 2 316 9 322 461 -1 -1 -1 0 
2779 2 339 11 298 463 -1 -1 -1 0 
2780 2 347 14 291 458 -1 -1 -1 0 
2781 2 370 37 268 425 -1 -1 -1 0 
2782 2 373 82 265 382 -1 -1 -1 0 
2783 2 373 113 264 346 -1 -1 -1 0 
2784 2 371 95 267 364 -1 -1 -1 0 
2785 2 374 61 262 403 -1 -1 -1 0 
2786 2 373 32 265 440 -1 -1 -1 0 
2787 2 373 8 266 466 -1 -1 -1 0 
2788 2 371 4 266 468 -1 -1 -1 0 
2789 2 370 7 267 463 -1 -1 -1 0 
2790 2 366 1 273 471 -1 -1 -1 0 
2791 2 365 2 273 473 -1 -1 -1 0 
2792 2 363 0 274 476 -1 -1 -1 0 
2793 2 355 7 284 472 -1 -1 -1 0 
2794 2 345 2 290 477 -1 -1 -1 0 
2795 2 340 5 297 469 -1 -1 -1 0 
2796 2 327 18 309 454 -1 -1 -1 0 
2797 2 320 21 313 453 -1 -1 -1 0 
2798 2 306 14 326 461 -1 -1 -1 0 
2799 2 293 17 339 458 -1 -1 -1 0 
2800 2 274 16 360 457 -1 -1 -1 0 
2801 2 266 10 369 463 -1 -1 -1 0 
2802 2 254 7 377 466 -1 -1 -1 0 
2803 2 226 0 404 476 -1 -1 -1 0 
2804 2 203 11 427 465 -1 -1 -1 0 
2805 2 178 10 456 467 -1 -1 -1 0 
2806 2 142 0 497 478 -1 -1 -1 0 
2807 2 114 5 524 471 -1 -1 -1 0 
2808 2 91 0 548 479 -1 -1 -1 0 
2809 2 71 3 568 476 -1 -1 -1 0 
2810 2 58 0 581 479 -1 -1 -1 0 
2811 2 30 0 609 479 -1 -1 -1 0 
2812 2 23 4 616 475 -1 -1 -1 0 
2813 2 11 0 613 479 -1 -1 -1 0 
2814 2 5 11 620 461 -1 -1 -1 0 
2815 2 13 12 604 460 -1 -1 -1 0 
2816 2 15 7 600 464 -1 -1 -1 0 
2817 2 14 5 595 456 -1 -1 -1 0 
2818 2 16 1 592 462 -1 -1 -1 0 
2819 2 15 4 590 462 -1 -1 -1 0 
2820 2 15 1 586 466 -1 -1 -1 0 
2821 2 14 1 583 462 -1 -1 -1 0 
2822 2 16 0 584 467 -1 -1 -1 0 
2823 2 13 0 589 467 -1 -1 -1 0 
2824 2 15 0 580 467 -1 -1 -1 0 
2825 2 14 0 577 468 -1 -1 -1 0 
2826 2 17 2 576 466 -1 -1 -1 0 
2827 2 8 2 587 467 -1 -1 -1 0 
2828 2 13 2 581 468 -1 -1 -1 0 
2829 2 8 0 567 472 -1 -1 -1 0 
2830 2 5 0 556 471 -1 -1 -1 0 
2831 2 5 0 551 470 -1 -1 -1 0 
2832 2 10 0 546 470 -1 -1 -1 0 
2833 2 9 0 554 467 -1 -1 -1 0 
2834 2 8 0 556 466 -1 -1 -1 0 
2835 2 8 0 558 467 -1 -1 -1 0 
2836 2 9 0 557 468 -1 -1 -1 0 
2837 2 6 0 556 469 -1 -1 -1 0 
2838 2 7 0 566 468 -1 -1 -1 0 
2839 2 14 0 572 469 -1 -1 -1 0 
2840 2 18 0 569 467 -1 -1 -1 0 
2841 2 18 0 569 467 -1 -1 -1 0 
2842 2 11 0 562 467 -1 -1 -1 0 
2843 2 8 0 566 468 -1 -1 -1 0 
2844 2 19 0 562 468 -1 -1 -1 0 
2845 2 20 0 562 468 -1 -1 -1 0 
2846 2 21 0 561 470 -1 -1 -1 0 
2847 2 20 0 562 469 -1 -1 -1 0 
2848 2 19 0 564 468 -1 -1 -1 0 
2849 2 21 0 561 469 -1 -1 -1 0 
2850 2 19 0 562 469 -1 -1 -1 0 
2851 2 11 0 558 470 -1 -1 -1 0 
2852 2 11 0 558 469 -1 -1 -1 0 
2853 2 10 0 560 466 -1 -1 -1 0 
2854 2 11 0 554 466 -1 -1 -1 0 
2855 2 7 0 562 467 -1 -1 -1 0 
2856 2 8 0 560 466 -1 -1 -1 0 
2857 2 14 0 567 465 -1 -1 -1 0 
2858 2 13 0 571 464 -1 -1 -1 0 
2859 2 11 0 557 465 -1 -1 -1 0 
2860 2 10 0 554 465 -1 -1 -1 0 
2861 2 8 0 558 465 -1 -1 -1 0 
2862 2 8 0 557 464 -1 -1 -1 0 
2863 2 8 0 558 463 -1 -1 -1 0 
2864 2 7 0 560 463 -1 -1 -1 0 
2865 2 7 0 561 463 -1 -1 -1 0 
2866 2 6 0 562 467 -1 -1 -1 0 
2867 2 5 0 561 465 -1 -1 -1 0 
2868 2 5 0 561 464 -1 -1 -1 0 
2869 2 8 0 558 463 -1 -1 -1 0 
2870 2 7 0 560 464 -1 -1 -1 0 
2871 2 7 0 559 464 -1 -1 -1 0 
2872 2 7 0 556 464 -1 -1 -1 0 
2873 2 7 0 559 464 -1 -1 -1 0 
2874 2 11 0 555 462 -1 -1 -1 0 
2875 2 8 0 560 465 -1 -1 -1 0 
2876 2 9 0 558 466 -1 -1 -1 0 
2877 2 8 0 558 468 -1 -1 -1 0 
2878 2 9 0 558 468 -1 -1 -1 0 
2879 2 10 0 553 469 -1 -1 -1 0 
2880 2 8 0 552 468 -1 -1 -1 0 
2881 2 7 0 556 468 -1 -1 -1 0 
2882 2 9 0 553 468 -1 -1 -1 0 
2883 2 9 0 553 468 -1 -1 -1 0 
2884 2 12 0 548 467 -1 -1 -1 0 
2885 2 13 0 550 466 -1 -1 -1 0 
2886 2 13 0 550 467 -1 -1 -1 0 
2887 2 13 0 553 468 -1 -1 -1 0 
2888 2 14 0 551 467 -1 -1 -1 0 
2889 2 14 0 550 466 -1 -1 -1 0 
2890 2 14 0 550 465 -1 -1 -1 0 
2891 2 14 0 553 464 -1 -1 -1 0 
2892 2 14 0 554 465 -1 -1 -1 0 
2893 2 14 0 554 465 -1 -1 -1 0 
2894 2 14 0 555 464 -1 -1 -1 0 
2895 2 14 0 553 464 -1 -1 -1 0 
2896 2 14 0 552 464 -1 -1 -1 0 
2897 2 16 0 549 465 -1 -1 -1 0 
2898 2 16 0 550 466 -1 -1 -1 0 
2899 2 17 0 550 467 -1 -1 -1 0 
2900 2 16 0 551 467 -1 -1 -1 0 
2901 2 16 0 551 466 -1 -1 -1 0 
2902 2 12 0 558 468 -1 -1 -1 0 
2903 2 13 0 556 468 -1 -1 -1 0 
2904 2 12 0 557 468 -1 -1 -1 0 
2905 2 12 0 557 469 -1 -1 -1 0 
2906 2 15 0 552 465 -1 -1 -1 0 
2907 2 15 0 552 466 -1 -1 -1 0 
2908 2 14 0 554 466 -1 -1 -1 0 
2909 2 15 0 552 466 -1 -1 -1 0 
2910 2 15 0 552 466 -1 -1 -1 0 
2911 2 14 0 553 466 -1 -1 -1 0 
2912 2 15 0 551 466 -1 -1 -1 0 
2913 2 15 0 551 466 -1 -1 -1 0 
2914 2 14 0 552 466 -1 -1 -1 0 
2915 2 14 0 554 465 -1 -1 -1 0 
2916 2 13 0 556 465 -1 -1 -1 0 
2917 2 15 0 552 465 -1 -1 -1 0 
2918 2 14 0 553 465 -1 -1 -1 0 
2919 2 14 0 553 465 -1 -1 -1 0 
2920 2 14 0 554 465 -1 -1 -1 0 
2921 2 13 0 555 464 -1 -1 -1 0 
2922 2 14 0 555 465 -1 -1 -1 0 
2923 2 14 0 553 465 -1 -1 -1 0 
2924 2 14 0 552 465 -1 -1 -1 0 
2925 2 14 0 553 466 -1 -1 -1 0 
2926 2 15 0 552 467 -1 -1 -1 0 
2927 2 14 0 555 466 -1 -1 -1 0 
2928 2 15 0 552 466 -1 -1 -1 0 
2929 2 13 0 555 466 -1 -1 -1 0 
2930 2 14 0 554 466 -1 -1 -1 0 
2931 2 14 0 555 466 -1 -1 -1 0 
2932 2 15 0 554 466 -1 -1 -1 0 
2933 2 9 0 578 468 -1 -1 -1 0 
2934 2 9 0 580 469 -1 -1 -1 0 
2935 2 15 0 552 466 -1 -1 -1 0 
2936 2 16 0 551 466 -1 -1 -1 0 
2937 2 16 0 550 465 -1 -1 -1 0 
2938 2 9 0 578 467 -1 -1 -1 0 
2939 2 16 0 551 466 -1 -1 -1 0 
2940 2 14 0 555 466 -1 -1 -1 0 
2941 2 8 0 580 468 -1 -1 -1 0 
2942 2 9 0 579 468 -1 -1 -1 0 
2943 2 15 0 553 467 -1 -1 -1 0 
2944 2 15 0 553 466 -1 -1 -1 0 
2945 2 15 0 553 465 -1 -1 -1 0 
2946 2 15 0 552 465 -1 -1 -1 0 
2947 2 8 0 580 468 -1 -1 -1 0 
2948 2 14 0 555 467 -1 -1 -1 0 
2949 2 15 0 553 467 -1 -1 -1 0 
2950 2 13 0 557 466 -1 -1 -1 0 
2951 2 8 0 581 466 -1 -1 -1 0 
2952 2 7 0 584 466 -1 -1 -1 0 
2953 2 8 0 584 466 -1 -1 -1 0 
2954 2 8 0 582 467 -1 -1 -1 0 
2955 2 9 0 580 467 -1 -1 -1 0 
2956 2 14 0 559 465 -1 -1 -1 0 
2957 2 14 0 559 465 -1 -1 -1 0 
2958 2 9 0 580 467 -1 -1 -1 0 
2959 2 11 0 576 468 -1 -1 -1 0 
2960 2 14 0 570 468 -1 -1 -1 0 
2961 2 12 0 574 468 -1 -1 -1 0 
2962 2 11 0 576 468 -1 -1 -1 0 
2963 2 10 0 579 468 -1 -1 -1 0 
2964 2 13 0 562 465 -1 -1 -1 0 
2965 2 8 0 579 466 -1 -1 -1 0 
2966 2 9 0 578 467 -1 -1 -1 0 
2967 2 9 0 579 467 -1 -1 -1 0 
2968 2 9 0 579 467 -1 -1 -1 0 
2969 2 6 0 585 467 -1 -1 -1 0 
2970 2 9 0 579 467 -1 -1 -1 0 
2971 2 10 0 578 469 -1 -1 -1 0 
2972 2 9 0 580 468 -1 -1 -1 0 
2973 2 10 0 578 468 -1 -1 -1 0 
2974 2 12 0 575 468 -1 -1 -1 0 
2975 2 10 0 579 468 -1 -1 -1 0 
2976 2 10 0 579 469 -1 -1 -1 0 
2977 2 9 0 582 469 -1 -1 -1 0 
2978 2 9 0 581 468 -1 -1 -1 0 
2979 2 8 0 583 468 -1 -1 -1 0 
2980 2 13 0 559 465 -1 -1 -1 0 
2981 2 7 0 582 467 -1 -1 -1 0 
2982 2 8 0 582 467 -1 -1 -1 0 
2983 2 15 0 556 465 -1 -1 -1 0 
2984 2 7 0 581 468 -1 -1 -1 0 
2985 2 7 0 583 467 -1 -1 -1 0 
2986 2 8 0 580 468 -1 -1 -1 0 
2987 2 6 0 585 468 -1 -1 -1 0 
2988 2 9 0 580 468 -1 -1 -1 0 
2989 2 7 0 582 467 -1 -1 -1 0 
2990 2 7 0 582 468 -1 -1 -1 0 
2991 2 14 0 558 465 -1 -1 -1 0 
2992 2 5 0 585 466 -1 -1 -1 0 
2993 2 15 0 557 465 -1 -1 -1 0 
2994 2 6 0 583 466 -1 -1 -1 0 
2995 2 5 0 585 466 -1 -1 -1 0 
2996 2 15 0 556 464 -1 -1 -1 0 
2997 2 13 0 558 463 -1 -1 -1 0 
2998 2 5 0 584 465 -1 -1 -1 0 
2999 2 6 0 584 466 -1 -1 -1 0 
3000 2 4 0 588 466 -1 -1 -1 0 
3001 2 8 0 580 467 -1 -1 -1 0 
3002 2 9 0 579 468 -1 -1 -1 0 
3003 2 9 0 579 468 -1 -1 -1 0 
3004 2 9 0 578 468 -1 -1 -1 0 
3005 2 8 0 580 468 -1 -1 -1 0 
3006 2 16 0 553 467 -1 -1 -1 0 
3007 2 7 0 581 468 -1 -1 -1 0 
3008 2 16 0 554 467 -1 -1 -1 0 
3009 2 15 0 555 465 -1 -1 -1 0 
3010 2 7 0 580 467 -1 -1 -1 0 
3011 2 8 0 578 467 -1 -1 -1 0 
3012 2 9 0 578 467 -1 -1 -1 0 
3013 2 15 0 554 466 -1 -1 -1 0 
3014 2 15 0 553 466 -1 -1 -1 0 
3015 2 8 0 578 467 -1 -1 -1 0 
3016 2 8 0 578 467 -1 -1 -1 0 
3017 2 17 0 551 465 -1 -1 -1 0 
3018 2 9 0 577 467 -1 -1 -1 0 
3019 2 7 0 582 468 -1 -1 -1 0 
3020 2 16 0 551 466 -1 -1 -1 0 
3021 2 11 0 560 469 -1 -1 -1 0 
3022 2 13 0 556 467 -1 -1 -1 0 
3023 2 8 0 579 467 -1 -1 -1 0 
3024 2 8 0 580 467 -1 -1 -1 0 
3025 2 10 0 578 467 -1 -1 -1 0 
3026 2 15 0 554 465 -1 -1 -1 0 
3027 2 9 0 579 467 -1 -1 -1 0 
3028 2 8 0 582 467 -1 -1 -1 0 
3029 2 9 0 579 467 -1 -1 -1 0 
3030 2 9 0 579 468 -1 -1 -1 0 
3031 2 15 0 554 467 -1 -1 -1 0 
3032 2 8 0 580 467 -1 -1 -1 0 
3033 2 8 0 580 467 -1 -1 -1 0 
3034 2 9 0 579 467 -1 -1 -1 0 
3035 2 8 0 580 467 -1 -1 -1 0 
3036 2 16 0 551 465 -1 -1 -1 0 
3037 2 7 0 581 467 -1 -1 -1 0 
3038 2 15 0 553 466 -1 -1 -1 0 
3039 2 6 0 583 466 -1 -1 -1 0 
3040 2 16 0 553 465 -1 -1 -1 0 
3041 2 16 0 550 464 -1 -1 -1 0 
3042 2 7 0 581 465 -1 -1 -1 0 
3043 2 15 0 554 465 -1 -1 -1 0 
3044 2 7 0 581 466 -1 -1 -1 0 
3045 2 7 0 581 466 -1 -1 -1 0 
3046 2 16 0 552 466 -1 -1 -1 0 
3047 2 17 0 548 466 -1 -1 -1 0 
3048 2 16 0 551 466 -1 -1 -1 0 
3049 2 8 0 578 466 -1 -1 -1 0 
3050 2 8 0 578 465 -1 -1 -1 0 
3051 2 7 0 580 465 -1 -1 -1 0 
3052 2 9 0 578 466 -1 -1 -1 0 
3053 2 16 0 552 466 -1 -1 -1 0 
3054 2 16 0 551 466 -1 -1 -1 0 
3055 2 8 0 580 465 -1 -1 -1 0 
3056 2 9 0 577 466 -1 -1 -1 0 
3057 2 16 0 551 466 -1 -1 -1 0 
3058 2 8 0 579 466 -1 -1 -1 0 
3059 2 8 0 580 467 -1 -1 -1 0 
3060 2 11 0 576 468 -1 -1 -1 0 
3061 2 10 0 577 468 -1 -1 -1 0 
3062 2 12 0 573 469 -1 -1 -1 0 
3063 2 10 0 577 468 -1 -1 -1 0 
3064 2 9 0 577 467 -1 -1 -1 0 
3065 2 17 0 549 467 -1 -1 -1 0 
3066 2 16 0 552 467 -1 -1 -1 0 
3067 2 6 0 582 467 -1 -1 -1 0 
3068 2 16 0 550 465 -1 -1 -1 0 
3069 2 7 0 582 467 -1 -1 -1 0 
3070 2 17 0 549 467 -1 -1 -1 0 
3071 2 17 0 547 466 -1 -1 -1 0 
3072 2 8 0 580 466 -1 -1 -1 0 
3073 2 16 0 551 466 -1 -1 -1 0 
3074 2 16 0 551 466 -1 -1 -1 0 
3075 2 11 0 573 468 -1 -1 -1 0 
3076 2 12 0 573 468 -1 -1 -1 0 
3077 2 15 0 568 467 -1 -1 -1 0 
3078 2 13 0 572 467 -1 -1 -1 0 
3079 2 12 0 574 467 -1 -1 -1 0 
3080 2 12 0 576 468 -1 -1 -1 0 
3081 2 13 0 574 468 -1 -1 -1 0 
3082 2 12 0 574 467 -1 -1 -1 0 
3083 2 12 0 574 467 -1 -1 -1 0 
3084 2 11 0 575 468 -1 -1 -1 0 
3085 2 14 0 555 469 -1 -1 -1 0 
3086 2 17 0 547 466 -1 -1 -1 0 
3087 2 11 0 573 467 -1 -1 -1 0 
3088 2 9 0 579 468 -1 -1 -1 0 
3089 2 10 0 576 468 -1 -1 -1 0 
3090 2 10 0 576 467 -1 -1 -1 0 
3091 2 17 0 550 466 -1 -1 -1 0 
3092 2 17 0 547 465 -1 -1 -1 0 
3093 2 16 0 547 465 -1 -1 -1 0 
3094 2 15 0 551 466 -1 -1 -1 0 
3095 2 17 0 547 466 -1 -1 -1 0 
3096 2 16 0 549 466 -1 -1 -1 0 
3097 2 17 0 547 467 -1 -1 -1 0 
3098 2 17 0 547 467 -1 -1 -1 0 
3099 2 17 0 549 467 -1 -1 -1 0 
3100 2 9 0 578 467 -1 -1 -1 0 
3101 2 10 0 575 467 -1 -1 -1 0 
3102 2 10 0 577 467 -1 -1 -1 0 
3103 2 12 0 574 467 -1 -1 -1 0 
3104 2 16 0 551 468 -1 -1 -1 0 
3105 2 11 0 560 470 -1 -1 -1 0 
3106 2 18 0 546 467 -1 -1 -1 0 
3107 2 8 0 578 465 -1 -1 -1 0 
3108 2 10 0 577 464 -1 -1 -1 0 
3109 2 10 0 577 464 -1 -1 -1 0 
3110 2 11 0 575 464 -1 -1 -1 0 
3111 2 12 0 574 465 -1 -1 -1 0 
3112 2 9 0 581 464 -1 -1 -1 0 
3113 2 9 0 578 465 -1 -1 -1 0 
3114 2 8 0 578 465 -1 -1 -1 0 
3115 2 9 0 577 466 -1 -1 -1 0 
3116 2 10 0 575 465 -1 -1 -1 0 
3117 2 12 0 558 467 -1 -1 -1 0 
3118 2 13 0 555 465 -1 -1 -1 0 
3119 2 12 0 555 466 -1 -1 -1 0 
3120 2 11 0 550 467 -1 -1 -1 0 
3121 2 11 0 546 467 -1 -1 -1 0 
3122 2 11 0 544 465 -1 -1 -1 0 
3123 2 11 0 546 467 -1 -1 -1 0 
3124 2 10 0 545 468 -1 -1 -1 0 
3125 2 9 0 549 468 -1 -1 -1 0 
3126 2 10 0 550 468 -1 -1 -1 0 
3127 2 12 0 542 468 -1 -1 -1 0 
3128 2 12 0 542 468 -1 -1 -1 0 
3129 2 12 0 543 467 -1 -1 -1 0 
3130 2 11 0 544 467 -1 -1 -1 0 
3131 2 10 0 548 468 -1 -1 -1 0 
3132 2 12 0 544 467 -1 -1 -1 0 
3133 2 9 0 552 467 -1 -1 -1 0 
3134 2 12 0 547 467 -1 -1 -1 0 
3135 2 12 0 549 467 -1 -1 -1 0 
3136 2 12 0 550 466 -1 -1 -1 0 
3137 2 10 0 552 469 -1 -1 -1 0 
3138 2 10 0 552 469 -1 -1 -1 0 
3139 2 10 0 553 469 -1 -1 -1 0 
3140 2 10 0 554 470 -1 -1 -1 0 
3141 2 12 0 552 470 -1 -1 -1 0 
3142 2 8 0 557 470 -1 -1 -1 0 
3143 2 6 0 582 473 -1 -1 -1 0 
3144 2 15 0 554 470 -1 -1 -1 0 
3145 2 15 0 551 470 -1 -1 -1 0 
3146 2 13 0 552 470 -1 -1 -1 0 
3147 2 13 0 553 471 -1 -1 -1 0 
3148 2 15 0 550 471 -1 -1 -1 0 
3149 2 14 0 552 471 -1 -1 -1 0 
3150 2 14 0 552 471 -1 -1 -1 0 
3151 2 13 0 556 471 -1 -1 -1 0 
3152 2 13 0 554 471 -1 -1 -1 0 
3153 2 16 0 549 471 -1 -1 -1 0 
3154 2 16 0 549 470 -1 -1 -1 0 
3155 2 15 0 550 471 -1 -1 -1 0 
3156 2 13 0 553 472 -1 -1 -1 0 
3157 2 12 0 555 473 -1 -1 -1 0 
3158 2 13 0 556 473 -1 -1 -1 0 
3159 2 10 0 563 472 -1 -1 -1 0 
3160 2 11 0 560 472 -1 -1 -1 0 
3161 2 10 0 562 471 -1 -1 -1 0 
3162 2 12 0 555 471 -1 -1 -1 0 
3163 2 12 0 555 471 -1 -1 -1 0 
3164 2 11 0 557 471 -1 -1 -1 0 
3165 2 10 0 559 471 -1 -1 -1 0 
3166 2 10 0 560 470 -1 -1 -1 0 
3167 2 11 0 559 469 -1 -1 -1 0 
3168 2 12 0 556 470 -1 -1 -1 0 
3169 2 12 0 556 470 -1 -1 -1 0 
3170 2 12 0 557 468 -1 -1 -1 0 
3171 2 13 0 555 468 -1 -1 -1 0 
3172 2 13 0 555 468 -1 -1 -1 0 
3173 2 13 0 556 467 -1 -1 -1 0 
3174 2 13 0 555 469 -1 -1 -1 0 
3175 2 13 0 554 469 -1 -1 -1 0 
3176 2 12 0 552 469 -1 -1 -1 0 
3177 2 12 0 551 469 -1 -1 -1 0 
3178 2 10 0 555 470 -1 -1 -1 0 
3179 2 9 0 557 468 -1 -1 -1 0 
3180 2 11 0 553 467 -1 -1 -1 0 
3181 2 13 0 550 468 -1 -1 -1 0 
3182 2 13 0 550 468 -1 -1 -1 0 
3183 2 12 0 551 470 -1 -1 -1 0 
3184 2 11 0 553 471 -1 -1 -1 0 
3185 2 12 0 552 471 -1 -1 -1 0 
3186 2 11 0 555 471 -1 -1 -1 0 
3187 2 12 0 553 472 -1 -1 -1 0 
3188 2 12 0 551 473 -1 -1 -1 0 
3189 2 11 0 554 474 -1 -1 -1 0 
3190 2 12 0 554 472 -1 -1 -1 0 
3191 2 11 0 558 473 -1 -1 -1 0 
3192 2 9 0 561 474 -1 -1 -1 0 
3193 2 12 0 555 473 -1 -1 -1 0 
3194 2 12 0 557 474 -1 -1 -1 0 
3195 2 12 0 558 473 -1 -1 -1 0 
3196 2 13 0 553 473 -1 -1 -1 0 
3197 2 16 0 571 473 -1 -1 -1 0 
3198 2 18 0 569 473 -1 -1 -1 0 
3199 2 13 0 553 472 -1 -1 -1 0 
3200 2 11 0 556 469 -1 -1 -1 0 
3201 2 12 0 582 472 -1 -1 -1 0 
3202 2 14 0 581 472 -1 -1 -1 0 
3203 2 11 0 586 473 -1 -1 -1 0 
3204 2 11 0 587 473 -1 -1 -1 0 
3205 2 11 0 586 472 -1 -1 -1 0 
3206 2 12 0 582 473 -1 -1 -1 0 
3207 2 14 0 577 472 -1 -1 -1 0 
3208 2 14 0 577 472 -1 -1 -1 0 
3209 2 13 0 580 472 -1 -1 -1 0 
3210 2 13 0 580 471 -1 -1 -1 0 
3211 2 14 0 580 471 -1 -1 -1 0 
3212 2 14 0 582 471 -1 -1 -1 0 
3213 2 13 0 583 471 -1 -1 -1 0 
