3 1 0 4 631 475 -1 -1 -1 0 
4 1 0 5 632 474 -1 -1 -1 0 
5 1 0 7 632 472 -1 -1 -1 0 
6 1 0 8 632 471 -1 -1 -1 0 
7 1 0 9 631 470 -1 -1 -1 0 
8 1 0 10 631 469 -1 -1 -1 0 
9 1 0 11 631 468 -1 -1 -1 0 
10 1 0 9 630 470 -1 -1 -1 0 
11 1 0 11 631 468 -1 -1 -1 0 
12 1 1 17 629 462 -1 -1 -1 0 
13 1 0 13 631 466 -1 -1 -1 0 
14 1 0 14 632 465 -1 -1 -1 0 
15 1 0 8 632 471 -1 -1 -1 0 
16 1 0 7 632 472 -1 -1 -1 0 
17 1 0 6 632 473 -1 -1 -1 0 
18 1 1 6 630 473 -1 -1 -1 0 
19 1 0 5 632 474 -1 -1 -1 0 
20 1 0 5 632 474 -1 -1 -1 0 
21 1 0 6 632 473 -1 -1 -1 0 
22 1 0 7 632 472 -1 -1 -1 0 
23 1 0 7 631 472 -1 -1 -1 0 
24 1 0 6 631 473 -1 -1 -1 0 
25 1 0 7 633 472 -1 -1 -1 0 
26 1 0 6 632 473 -1 -1 -1 0 
27 1 2 4 631 475 -1 -1 -1 0 
28 1 1 6 631 473 -1 -1 -1 0 
29 1 2 7 628 472 -1 -1 -1 0 
30 1 4 9 624 470 -1 -1 -1 0 
31 1 2 12 629 467 -1 -1 -1 0 
32 1 4 4 621 475 -1 -1 -1 0 
33 1 5 1 623 478 -1 -1 -1 0 
34 1 6 0 623 479 -1 -1 -1 0 
35 1 0 0 629 479 -1 -1 -1 0 
36 1 0 0 624 479 -1 -1 -1 0 
37 1 0 0 609 474 -1 -1 -1 0 
38 1 0 0 609 474 -1 -1 -1 0 
39 1 0 0 603 477 -1 -1 -1 0 
40 1 7 0 573 478 -1 -1 -1 0 
41 1 4 0 547 478 -1 -1 -1 0 
42 1 0 1 548 477 -1 -1 -1 0 
43 1 5 0 538 479 -1 -1 -1 0 
44 1 0 0 574 477 -1 -1 -1 0 
45 1 8 0 555 468 -1 -1 -1 0 
46 1 6 1 564 463 -1 -1 -1 0 
47 1 58 0 509 473 -1 -1 -1 0 
48 1 99 0 459 479 -1 -1 -1 0 
49 1 144 1 405 478 -1 -1 -1 0 
50 1 162 1 379 477 -1 -1 -1 0 
51 1 180 2 365 472 -1 -1 -1 0 
52 1 195 3 350 475 -1 -1 -1 0 
53 1 203 1 358 475 -1 -1 -1 0 
54 1 209 2 357 472 -1 -1 -1 0 
55 1 209 2 357 471 -1 -1 -1 0 
56 1 212 1 359 475 -1 -1 -1 0 
57 1 221 2 356 476 -1 -1 -1 0 
58 1 221 2 357 476 -1 -1 -1 0 
59 1 222 1 353 475 -1 -1 -1 0 
60 1 222 1 353 475 -1 -1 -1 0 
61 1 223 0 350 477 -1 -1 -1 0 
62 1 223 0 350 478 -1 -1 -1 0 
63 1 228 2 331 473 -1 -1 -1 0 
64 1 228 2 331 473 -1 -1 -1 0 
65 1 230 0 319 478 -1 -1 -1 0 
66 1 222 0 304 475 -1 -1 -1 0 
67 1 219 0 302 473 -1 -1 -1 0 
68 1 218 0 302 472 -1 -1 -1 0 
69 1 218 0 302 472 -1 -1 -1 0 
70 1 269 1 237 474 -1 -1 -1 0 
71 1 270 1 236 474 -1 -1 -1 0 
72 1 287 1 202 477 -1 -1 -1 0 
73 1 288 2 202 477 -1 -1 -1 0 
74 1 284 0 203 479 -1 -1 -1 0 
75 1 278 0 206 479 -1 -1 -1 0 
76 1 269 0 212 473 -1 -1 -1 0 
77 1 269 0 211 472 -1 -1 -1 0 
78 1 269 0 211 472 -1 -1 -1 0 
79 1 284 6 205 467 -1 -1 -1 0 
80 1 285 6 205 467 -1 -1 -1 0 
81 1 296 8 197 462 -1 -1 -1 0 
82 1 307 17 188 448 -1 -1 -1 0 
83 1 312 21 182 448 -1 -1 -1 0 
84 1 313 34 180 437 -1 -1 -1 0 
85 1 314 35 179 437 -1 -1 -1 0 
86 1 315 39 177 434 -1 -1 -1 0 
87 1 315 45 176 428 -1 -1 -1 0 
88 1 315 46 176 428 -1 -1 -1 0 
89 1 310 70 168 402 -1 -1 -1 0 
90 1 310 71 167 402 -1 -1 -1 0 
91 1 310 71 167 402 -1 -1 -1 0 
92 1 307 75 167 395 -1 -1 -1 0 
93 1 307 75 166 395 -1 -1 -1 0 
94 1 307 78 165 393 -1 -1 -1 0 
95 1 306 80 165 392 -1 -1 -1 0 
96 1 306 80 165 392 -1 -1 -1 0 
97 1 306 85 164 389 -1 -1 -1 0 
98 1 307 88 160 391 -1 -1 -1 0 
99 1 307 88 160 391 -1 -1 -1 0 
100 1 308 95 159 383 -1 -1 -1 0 
101 1 314 110 152 368 -1 -1 -1 0 
102 1 315 111 150 368 -1 -1 -1 0 
103 1 319 115 147 364 -1 -1 -1 0 
104 1 324 121 140 357 -1 -1 -1 0 
105 1 325 122 139 356 -1 -1 -1 0 
106 1 331 131 129 346 -1 -1 -1 0 
107 1 332 132 127 345 -1 -1 -1 0 
108 1 332 132 127 345 -1 -1 -1 0 
109 1 331 141 125 335 -1 -1 -1 0 
110 1 331 142 124 333 -1 -1 -1 0 
111 1 329 142 126 334 -1 -1 -1 0 
112 1 330 141 118 338 -1 -1 -1 0 
113 1 326 146 116 324 -1 -1 -1 0 
114 1 320 152 118 315 -1 -1 -1 0 
115 1 319 156 117 313 -1 -1 -1 0 
116 1 317 162 116 307 -1 -1 -1 0 
117 1 318 165 114 305 -1 -1 -1 0 
118 1 319 168 111 301 -1 -1 -1 0 
119 1 320 169 108 298 -1 -1 -1 0 
120 1 318 165 105 311 -1 -1 -1 0 
121 1 320 169 103 305 -1 -1 -1 0 
122 1 319 170 103 300 -1 -1 -1 0 
123 1 319 171 101 287 -1 -1 -1 0 
124 1 318 172 101 279 -1 -1 -1 0 
125 1 319 176 96 274 -1 -1 -1 0 
126 1 319 180 93 269 -1 -1 -1 0 
127 1 318 183 92 263 -1 -1 -1 0 
128 1 318 184 90 262 -1 -1 -1 0 
129 1 315 183 90 283 -1 -1 -1 0 
130 1 313 183 91 277 -1 -1 -1 0 
131 1 309 184 93 264 -1 -1 -1 0 
132 1 307 185 95 261 -1 -1 -1 0 
133 1 304 186 98 263 -1 -1 -1 0 
134 1 303 187 99 262 -1 -1 -1 0 
135 1 303 190 99 249 -1 -1 -1 0 
136 1 305 192 95 248 -1 -1 -1 0 
137 1 306 193 93 249 -1 -1 -1 0 
138 1 307 196 93 244 -1 -1 -1 0 
139 1 310 196 90 264 -1 -1 -1 0 
140 1 311 197 90 267 -1 -1 -1 0 
141 1 313 198 92 273 -1 -1 -1 0 
142 1 314 196 92 269 -1 -1 -1 0 
143 1 315 196 91 270 -1 -1 -1 0 
144 1 315 196 93 267 -1 -1 -1 0 
145 1 318 199 92 231 -1 -1 -1 0 
146 1 320 199 86 249 -1 -1 -1 0 
147 1 321 200 85 251 -1 -1 -1 0 
148 1 322 204 86 238 -1 -1 -1 0 
149 1 324 202 80 262 -1 -1 -1 0 
150 1 323 201 81 260 -1 -1 -1 0 
151 1 324 204 80 230 -1 -1 -1 0 
152 1 326 205 76 237 -1 -1 -1 0 
153 1 327 204 76 240 -1 -1 -1 0 
154 1 328 203 75 244 -1 -1 -1 0 
155 1 328 202 76 232 -1 -1 -1 0 
156 1 328 202 77 227 -1 -1 -1 0 
157 1 329 203 76 229 -1 -1 -1 0 
158 1 329 203 76 228 -1 -1 -1 0 
159 1 330 203 77 225 -1 -1 -1 0 
160 1 331 204 76 222 -1 -1 -1 0 
161 1 333 205 75 220 -1 -1 -1 0 
162 1 334 206 76 218 -1 -1 -1 0 
163 1 335 207 74 218 -1 -1 -1 0 
164 1 335 206 75 219 -1 -1 -1 0 
165 1 336 206 74 219 -1 -1 -1 0 
166 1 338 206 71 221 -1 -1 -1 0 
167 1 338 206 72 221 -1 -1 -1 0 
168 1 339 206 70 221 -1 -1 -1 0 
169 1 339 205 70 222 -1 -1 -1 0 
170 1 339 206 69 221 -1 -1 -1 0 
171 1 338 205 71 222 -1 -1 -1 0 
172 1 339 205 70 222 -1 -1 -1 0 
173 1 339 204 71 223 -1 -1 -1 0 
174 1 338 205 72 223 -1 -1 -1 0 
175 1 339 205 70 222 -1 -1 -1 0 
176 1 339 204 71 223 -1 -1 -1 0 
177 1 339 204 71 223 -1 -1 -1 0 
178 1 340 205 71 222 -1 -1 -1 0 
179 1 339 204 72 223 -1 -1 -1 0 
180 1 340 204 70 223 -1 -1 -1 0 
181 1 339 204 72 224 -1 -1 -1 0 
182 1 338 205 73 222 -1 -1 -1 0 
183 1 338 205 73 221 -1 -1 -1 0 
184 1 340 205 70 222 -1 -1 -1 0 
185 1 339 204 72 223 -1 -1 -1 0 
186 1 340 205 70 222 -1 -1 -1 0 
187 1 339 204 72 223 -1 -1 -1 0 
188 1 339 205 71 222 -1 -1 -1 0 
189 1 338 204 72 223 -1 -1 -1 0 
190 1 339 205 70 222 -1 -1 -1 0 
191 1 338 204 72 223 -1 -1 -1 0 
192 1 338 205 71 222 -1 -1 -1 0 
193 1 338 206 70 220 -1 -1 -1 0 
194 1 339 206 69 220 -1 -1 -1 0 
195 1 338 205 70 221 -1 -1 -1 0 
196 1 338 206 68 220 -1 -1 -1 0 
197 1 337 205 69 221 -1 -1 -1 0 
198 1 336 205 69 220 -1 -1 -1 0 
199 1 335 206 69 219 -1 -1 -1 0 
200 1 335 205 69 220 -1 -1 -1 0 
201 1 334 206 69 219 -1 -1 -1 0 
202 1 333 206 70 221 -1 -1 -1 0 
203 1 332 205 71 221 -1 -1 -1 0 
204 1 332 206 70 222 -1 -1 -1 0 
205 1 331 205 72 223 -1 -1 -1 0 
206 1 332 206 70 222 -1 -1 -1 0 
207 1 330 207 74 221 -1 -1 -1 0 
208 1 331 209 73 215 -1 -1 -1 0 
209 1 331 209 73 213 -1 -1 -1 0 
210 1 332 210 73 211 -1 -1 -1 0 
211 1 333 211 74 211 -1 -1 -1 0 
212 1 333 212 75 211 -1 -1 -1 0 
213 1 335 213 74 209 -1 -1 -1 0 
214 1 337 213 73 208 -1 -1 -1 0 
215 1 338 214 71 208 -1 -1 -1 0 
216 1 339 212 71 210 -1 -1 -1 0 
217 1 340 212 73 204 -1 -1 -1 0 
218 1 341 214 71 202 -1 -1 -1 0 
219 1 342 214 72 203 -1 -1 -1 0 
220 1 346 212 69 206 -1 -1 -1 0 
221 1 344 213 72 203 -1 -1 -1 0 
222 1 344 214 72 199 -1 -1 -1 0 
223 1 345 215 69 196 -1 -1 -1 0 
224 1 345 216 69 193 -1 -1 -1 0 
225 1 343 218 72 191 -1 -1 -1 0 
226 1 344 219 70 190 -1 -1 -1 0 
227 1 345 217 65 194 -1 -1 -1 0 
228 1 345 217 64 196 -1 -1 -1 0 
229 1 347 216 56 196 -1 -1 -1 0 
230 1 347 217 52 193 -1 -1 -1 0 
231 1 348 217 47 189 -1 -1 -1 0 
232 1 350 217 42 188 -1 -1 -1 0 
233 1 348 217 42 191 -1 -1 -1 0 
234 1 347 217 42 191 -1 -1 -1 0 
235 1 346 216 44 190 -1 -1 -1 0 
236 1 345 217 47 190 -1 -1 -1 0 
237 1 342 215 53 188 -1 -1 -1 0 
238 1 341 215 56 188 -1 -1 -1 0 
239 1 340 215 59 190 -1 -1 -1 0 
240 1 339 216 62 190 -1 -1 -1 0 
241 1 338 217 63 191 -1 -1 -1 0 
242 1 335 217 65 195 -1 -1 -1 0 
243 1 333 217 67 196 -1 -1 -1 0 
244 1 332 216 67 199 -1 -1 -1 0 
245 1 328 214 70 200 -1 -1 -1 0 
246 1 325 216 75 193 -1 -1 -1 0 
247 1 325 213 73 201 -1 -1 -1 0 
248 1 323 212 76 201 -1 -1 -1 0 
249 1 323 212 76 200 -1 -1 -1 0 
250 1 324 213 78 201 -1 -1 -1 0 
251 1 324 212 80 202 -1 -1 -1 0 
252 1 327 212 77 202 -1 -1 -1 0 
253 1 330 213 75 207 -1 -1 -1 0 
254 1 330 212 77 208 -1 -1 -1 0 
255 1 333 210 73 225 -1 -1 -1 0 
256 1 333 208 75 232 -1 -1 -1 0 
257 1 333 207 80 223 -1 -1 -1 0 
258 1 332 207 84 221 -1 -1 -1 0 
259 1 332 206 86 221 -1 -1 -1 0 
260 1 332 206 90 223 -1 -1 -1 0 
261 1 333 205 90 226 -1 -1 -1 0 
262 1 334 203 91 226 -1 -1 -1 0 
263 1 335 203 89 227 -1 -1 -1 0 
264 1 335 203 88 229 -1 -1 -1 0 
265 1 336 203 87 230 -1 -1 -1 0 
266 1 334 201 87 238 -1 -1 -1 0 
267 1 331 197 86 249 -1 -1 -1 0 
268 1 325 193 89 276 -1 -1 -1 0 
269 1 321 191 92 275 -1 -1 -1 0 
270 1 319 194 92 247 -1 -1 -1 0 
271 1 316 195 94 244 -1 -1 -1 0 
272 1 315 195 95 241 -1 -1 -1 0 
273 1 315 196 95 248 -1 -1 -1 0 
274 1 313 195 98 246 -1 -1 -1 0 
275 1 314 194 96 252 -1 -1 -1 0 
276 1 314 193 96 257 -1 -1 -1 0 
277 1 313 191 98 256 -1 -1 -1 0 
278 1 314 185 99 261 -1 -1 -1 0 
279 1 312 186 104 253 -1 -1 -1 0 
280 1 312 182 105 261 -1 -1 -1 0 
281 1 310 180 109 267 -1 -1 -1 0 
282 1 309 178 111 270 -1 -1 -1 0 
283 1 308 178 114 277 -1 -1 -1 0 
284 1 308 178 115 271 -1 -1 -1 0 
285 1 309 177 113 271 -1 -1 -1 0 
286 1 309 177 113 272 -1 -1 -1 0 
287 1 309 175 113 286 -1 -1 -1 0 
288 1 306 171 117 284 -1 -1 -1 0 
289 1 305 169 119 283 -1 -1 -1 0 
290 1 301 159 124 307 -1 -1 -1 0 
291 1 299 157 129 307 -1 -1 -1 0 
292 1 301 155 129 315 -1 -1 -1 0 
293 1 302 154 128 319 -1 -1 -1 0 
294 1 304 154 126 320 -1 -1 -1 0 
295 1 307 156 123 323 -1 -1 -1 0 
296 1 311 155 121 321 -1 -1 -1 0 
297 1 312 155 123 321 -1 -1 -1 0 
298 1 314 152 121 322 -1 -1 -1 0 
299 1 315 144 127 329 -1 -1 -1 0 
300 1 316 141 134 332 -1 -1 -1 0 
301 1 317 139 136 334 -1 -1 -1 0 
302 1 316 138 141 341 -1 -1 -1 0 
303 1 316 137 145 342 -1 -1 -1 0 
304 1 318 137 149 341 -1 -1 -1 0 
305 1 319 136 152 341 -1 -1 -1 0 
306 1 320 135 152 341 -1 -1 -1 0 
307 1 318 130 155 346 -1 -1 -1 0 
308 1 316 128 157 347 -1 -1 -1 0 
309 1 310 116 159 363 -1 -1 -1 0 
310 1 309 110 160 369 -1 -1 -1 0 
311 1 309 103 159 376 -1 -1 -1 0 
312 1 312 108 155 371 -1 -1 -1 0 
313 1 312 91 154 388 -1 -1 -1 0 
314 1 311 92 155 387 -1 -1 -1 0 
315 1 309 100 155 379 -1 -1 -1 0 
316 1 308 99 156 380 -1 -1 -1 0 
317 1 308 97 157 382 -1 -1 -1 0 
318 1 308 94 160 385 -1 -1 -1 0 
319 1 306 86 167 391 -1 -1 -1 0 
320 1 302 72 175 407 -1 -1 -1 0 
321 1 297 73 183 403 -1 -1 -1 0 
322 1 295 70 187 407 -1 -1 -1 0 
323 1 294 62 195 417 -1 -1 -1 0 
324 1 294 59 199 420 -1 -1 -1 0 
325 1 295 57 204 420 -1 -1 -1 0 
326 1 298 57 204 418 -1 -1 -1 0 
327 1 299 55 205 417 -1 -1 -1 0 
328 1 300 51 204 420 -1 -1 -1 0 
329 1 298 43 205 429 -1 -1 -1 0 
330 1 296 38 206 435 -1 -1 -1 0 
331 1 288 24 216 452 -1 -1 -1 0 
332 1 285 20 220 455 -1 -1 -1 0 
333 1 280 11 227 466 -1 -1 -1 0 
334 1 278 9 231 468 -1 -1 -1 0 
335 1 277 6 234 472 -1 -1 -1 0 
336 1 277 0 240 478 -1 -1 -1 0 
337 1 283 0 241 479 -1 -1 -1 0 
338 1 287 0 244 479 -1 -1 -1 0 
339 1 294 0 251 479 -1 -1 -1 0 
340 1 303 0 255 479 -1 -1 -1 0 
341 1 312 0 263 479 -1 -1 -1 0 
342 1 314 0 276 479 -1 -1 -1 0 
343 1 317 0 304 475 -1 -1 -1 0 
344 1 320 0 306 478 -1 -1 -1 0 
345 1 320 0 319 477 -1 -1 -1 0 
346 1 322 0 317 477 -1 -1 -1 0 
347 1 319 0 320 479 -1 -1 -1 0 
348 1 317 0 322 479 -1 -1 -1 0 
349 1 311 0 304 478 -1 -1 -1 0 
350 1 307 0 301 477 -1 -1 -1 0 
351 1 296 0 326 479 -1 -1 -1 0 
352 1 292 0 329 479 -1 -1 -1 0 
353 1 281 0 331 474 -1 -1 -1 0 
354 1 268 0 341 475 -1 -1 -1 0 
355 1 249 0 355 477 -1 -1 -1 0 
356 1 235 0 359 476 -1 -1 -1 0 
357 1 211 1 376 471 -1 -1 -1 0 
358 1 202 4 383 470 -1 -1 -1 0 
359 1 194 3 378 473 -1 -1 -1 0 
360 1 192 2 385 470 -1 -1 -1 0 
361 1 192 1 376 475 -1 -1 -1 0 
362 1 192 0 366 476 -1 -1 -1 0 
363 1 195 0 352 478 -1 -1 -1 0 
364 1 192 0 344 479 -1 -1 -1 0 
365 1 184 0 339 479 -1 -1 -1 0 
366 1 171 0 352 479 -1 -1 -1 0 
367 1 149 0 343 479 -1 -1 -1 0 
368 1 113 0 358 479 -1 -1 -1 0 
369 1 94 0 379 479 -1 -1 -1 0 
370 1 71 0 402 476 -1 -1 -1 0 
371 1 59 1 421 474 -1 -1 -1 0 
372 1 45 4 454 472 -1 -1 -1 0 
373 1 39 2 466 477 -1 -1 -1 0 
374 1 35 1 481 478 -1 -1 -1 0 
375 1 26 3 504 474 -1 -1 -1 0 
376 1 20 7 521 470 -1 -1 -1 0 
377 1 41 11 523 466 -1 -1 -1 0 
378 1 22 4 533 471 -1 -1 -1 0 
379 1 20 2 536 477 -1 -1 -1 0 
380 1 30 8 547 471 -1 -1 -1 0 
381 1 30 10 552 469 -1 -1 -1 0 
382 1 51 2 523 477 -1 -1 -1 0 
383 1 43 7 538 469 -1 -1 -1 0 
384 1 37 11 560 466 -1 -1 -1 0 
385 1 41 13 553 466 -1 -1 -1 0 
386 1 40 10 574 469 -1 -1 -1 0 
387 1 37 12 579 467 -1 -1 -1 0 
388 1 35 4 568 475 -1 -1 -1 0 
389 1 33 4 569 475 -1 -1 -1 0 
390 1 32 0 568 479 -1 -1 -1 0 
391 1 22 0 580 479 -1 -1 -1 0 
392 1 22 1 582 478 -1 -1 -1 0 
393 1 8 5 604 472 -1 -1 -1 0 
394 1 8 5 605 469 -1 -1 -1 0 
395 1 2 2 611 472 -1 -1 -1 0 
396 1 0 2 624 477 -1 -1 -1 0 
397 1 0 7 618 472 -1 -1 -1 0 
398 1 0 6 614 473 -1 -1 -1 0 
399 1 0 5 615 474 -1 -1 -1 0 
400 1 0 7 611 472 -1 -1 -1 0 
401 1 0 5 605 474 -1 -1 -1 0 
402 1 12 1 547 478 -1 -1 -1 0 
403 1 9 0 547 479 -1 -1 -1 0 
404 1 10 0 551 479 -1 -1 -1 0 
405 1 10 0 549 479 -1 -1 -1 0 
406 1 0 7 603 472 -1 -1 -1 0 
407 1 0 9 606 470 -1 -1 -1 0 
408 1 0 7 606 472 -1 -1 -1 0 
409 1 0 9 608 470 -1 -1 -1 0 
410 1 0 3 612 473 -1 -1 -1 0 
411 1 0 3 614 473 -1 -1 -1 0 
412 1 0 2 612 474 -1 -1 -1 0 
413 1 0 4 614 475 -1 -1 -1 0 
414 1 0 6 614 473 -1 -1 -1 0 
415 1 0 8 615 471 -1 -1 -1 0 
416 1 0 8 615 471 -1 -1 -1 0 
417 1 1 6 614 473 -1 -1 -1 0 
418 1 0 7 615 472 -1 -1 -1 0 
419 1 4 2 610 474 -1 -1 -1 0 
420 1 4 0 611 475 -1 -1 -1 0 
421 1 3 0 612 476 -1 -1 -1 0 
422 1 3 1 613 475 -1 -1 -1 0 
423 1 2 0 612 476 -1 -1 -1 0 
424 1 1 0 615 476 -1 -1 -1 0 
425 1 3 0 611 476 -1 -1 -1 0 
426 1 5 1 608 474 -1 -1 -1 0 
427 1 3 1 613 475 -1 -1 -1 0 
428 1 4 0 610 476 -1 -1 -1 0 
429 1 4 0 610 477 -1 -1 -1 0 
430 1 1 0 615 476 -1 -1 -1 0 
431 1 1 0 615 475 -1 -1 -1 0 
432 1 1 0 615 475 -1 -1 -1 0 
433 1 3 0 612 475 -1 -1 -1 0 
434 1 2 0 614 475 -1 -1 -1 0 
435 1 2 0 613 474 -1 -1 -1 0 
436 1 0 0 617 473 -1 -1 -1 0 
437 1 2 0 611 474 -1 -1 -1 0 
438 1 0 0 614 473 -1 -1 -1 0 
439 1 1 0 612 474 -1 -1 -1 0 
440 1 0 0 615 474 -1 -1 -1 0 
441 1 0 0 616 474 -1 -1 -1 0 
442 1 4 0 611 473 -1 -1 -1 0 
443 1 3 0 611 473 -1 -1 -1 0 
444 1 0 0 616 473 -1 -1 -1 0 
445 1 0 0 617 472 -1 -1 -1 0 
446 1 1 0 617 473 -1 -1 -1 0 
447 1 0 0 620 474 -1 -1 -1 0 
448 1 0 0 620 474 -1 -1 -1 0 
449 1 0 0 620 473 -1 -1 -1 0 
450 1 3 0 615 474 -1 -1 -1 0 
451 1 2 0 617 474 -1 -1 -1 0 
452 1 2 0 617 473 -1 -1 -1 0 
453 1 0 0 620 473 -1 -1 -1 0 
454 1 0 0 621 472 -1 -1 -1 0 
455 1 0 0 620 468 -1 -1 -1 0 
456 1 0 0 620 468 -1 -1 -1 0 
457 1 0 0 620 468 -1 -1 -1 0 
458 1 0 0 618 468 -1 -1 -1 0 
459 1 0 0 616 468 -1 -1 -1 0 
460 1 0 0 612 467 -1 -1 -1 0 
461 1 0 0 615 467 -1 -1 -1 0 
462 1 0 0 614 468 -1 -1 -1 0 
463 1 0 0 613 468 -1 -1 -1 0 
464 1 0 0 614 469 -1 -1 -1 0 
465 1 0 0 613 469 -1 -1 -1 0 
466 1 0 0 613 469 -1 -1 -1 0 
467 1 0 0 613 469 -1 -1 -1 0 
468 1 0 0 612 469 -1 -1 -1 0 
469 1 0 0 612 469 -1 -1 -1 0 
470 1 0 0 613 469 -1 -1 -1 0 
471 1 0 0 615 470 -1 -1 -1 0 
472 1 0 0 614 470 -1 -1 -1 0 
473 1 0 0 614 470 -1 -1 -1 0 
474 1 0 0 613 470 -1 -1 -1 0 
475 1 0 0 614 469 -1 -1 -1 0 
476 1 0 0 615 469 -1 -1 -1 0 
477 1 0 0 615 471 -1 -1 -1 0 
478 1 6 0 610 469 -1 -1 -1 0 
479 1 3 0 612 469 -1 -1 -1 0 
480 1 6 0 605 469 -1 -1 -1 0 
481 1 20 0 584 471 -1 -1 -1 0 
482 1 31 0 570 473 -1 -1 -1 0 
483 1 54 0 547 472 -1 -1 -1 0 
484 1 56 0 542 472 -1 -1 -1 0 
485 1 56 3 541 470 -1 -1 -1 0 
486 1 49 5 552 466 -1 -1 -1 0 
487 1 48 3 558 467 -1 -1 -1 0 
488 1 51 0 550 473 -1 -1 -1 0 
489 1 49 4 557 467 -1 -1 -1 0 
490 1 52 1 552 472 -1 -1 -1 0 
491 1 47 1 556 472 -1 -1 -1 0 
492 1 49 1 552 473 -1 -1 -1 0 
493 1 49 4 552 470 -1 -1 -1 0 
494 1 50 6 553 468 -1 -1 -1 0 
495 1 51 7 551 468 -1 -1 -1 0 
496 1 51 6 550 469 -1 -1 -1 0 
497 1 51 0 547 475 -1 -1 -1 0 
498 1 46 0 552 474 -1 -1 -1 0 
499 1 47 0 547 473 -1 -1 -1 0 
500 1 51 0 546 475 -1 -1 -1 0 
501 1 45 0 557 474 -1 -1 -1 0 
502 1 46 0 556 473 -1 -1 -1 0 
503 1 43 0 560 473 -1 -1 -1 0 
504 1 43 0 559 472 -1 -1 -1 0 
505 1 48 0 551 475 -1 -1 -1 0 
506 1 47 0 550 475 -1 -1 -1 0 
507 1 48 0 550 474 -1 -1 -1 0 
508 1 47 0 553 475 -1 -1 -1 0 
509 1 47 0 552 476 -1 -1 -1 0 
510 1 46 0 553 475 -1 -1 -1 0 
511 1 46 0 553 475 -1 -1 -1 0 
512 1 48 0 550 476 -1 -1 -1 0 
513 1 47 0 552 476 -1 -1 -1 0 
514 1 47 0 553 476 -1 -1 -1 0 
515 1 50 0 549 476 -1 -1 -1 0 
516 1 48 0 553 475 -1 -1 -1 0 
517 1 51 0 549 475 -1 -1 -1 0 
518 1 50 0 551 474 -1 -1 -1 0 
519 1 49 2 551 471 -1 -1 -1 0 
520 1 48 0 551 474 -1 -1 -1 0 
521 1 50 1 547 473 -1 -1 -1 0 
522 1 49 2 551 471 -1 -1 -1 0 
523 1 48 2 551 471 -1 -1 -1 0 
524 1 49 1 550 472 -1 -1 -1 0 
525 1 49 2 551 471 -1 -1 -1 0 
526 1 51 3 548 470 -1 -1 -1 0 
527 1 49 3 552 469 -1 -1 -1 0 
528 1 47 3 555 470 -1 -1 -1 0 
529 1 48 2 554 472 -1 -1 -1 0 
530 1 50 2 550 472 -1 -1 -1 0 
531 1 49 1 554 473 -1 -1 -1 0 
532 1 50 2 552 472 -1 -1 -1 0 
533 1 51 1 550 474 -1 -1 -1 0 
534 1 49 2 556 471 -1 -1 -1 0 
535 1 50 0 553 474 -1 -1 -1 0 
536 1 50 1 554 474 -1 -1 -1 0 
537 1 51 1 552 475 -1 -1 -1 0 
538 1 50 0 554 475 -1 -1 -1 0 
539 1 50 0 553 475 -1 -1 -1 0 
540 1 47 1 559 473 -1 -1 -1 0 
541 1 47 0 558 475 -1 -1 -1 0 
542 1 49 0 554 475 -1 -1 -1 0 
543 1 48 0 556 475 -1 -1 -1 0 
544 1 48 1 557 474 -1 -1 -1 0 
545 1 51 1 552 475 -1 -1 -1 0 
546 1 51 0 552 476 -1 -1 -1 0 
547 1 50 1 555 474 -1 -1 -1 0 
548 1 48 4 556 470 -1 -1 -1 0 
549 1 51 2 551 473 -1 -1 -1 0 
550 1 50 1 554 474 -1 -1 -1 0 
551 1 50 1 553 474 -1 -1 -1 0 
552 1 49 1 555 473 -1 -1 -1 0 
553 1 50 1 556 472 -1 -1 -1 0 
554 1 50 1 557 472 -1 -1 -1 0 
555 1 49 0 558 475 -1 -1 -1 0 
556 1 49 2 557 472 -1 -1 -1 0 
557 1 50 0 555 474 -1 -1 -1 0 
558 1 49 0 557 474 -1 -1 -1 0 
559 1 49 0 556 474 -1 -1 -1 0 
560 1 49 1 555 474 -1 -1 -1 0 
561 1 48 2 556 474 -1 -1 -1 0 
562 1 50 1 554 474 -1 -1 -1 0 
563 1 51 0 553 475 -1 -1 -1 0 
564 1 49 0 557 475 -1 -1 -1 0 
565 1 50 0 555 475 -1 -1 -1 0 
566 1 50 0 556 475 -1 -1 -1 0 
567 1 51 0 555 474 -1 -1 -1 0 
568 1 49 2 557 474 -1 -1 -1 0 
569 1 50 3 555 472 -1 -1 -1 0 
570 1 50 1 555 474 -1 -1 -1 0 
571 1 49 2 557 472 -1 -1 -1 0 
572 1 50 1 556 474 -1 -1 -1 0 
573 1 49 3 556 472 -1 -1 -1 0 
574 1 49 2 555 474 -1 -1 -1 0 
575 1 49 2 555 474 -1 -1 -1 0 
576 1 48 0 557 475 -1 -1 -1 0 
577 1 50 0 554 475 -1 -1 -1 0 
578 1 48 3 558 471 -1 -1 -1 0 
579 1 50 1 553 474 -1 -1 -1 0 
580 1 49 1 555 474 -1 -1 -1 0 
581 1 50 0 554 475 -1 -1 -1 0 
582 1 50 0 555 474 -1 -1 -1 0 
583 1 51 1 553 474 -1 -1 -1 0 
584 1 49 2 556 473 -1 -1 -1 0 
585 1 51 2 551 474 -1 -1 -1 0 
586 1 50 2 554 473 -1 -1 -1 0 
587 1 48 5 558 470 -1 -1 -1 0 
588 1 50 0 554 475 -1 -1 -1 0 
589 1 49 1 557 475 -1 -1 -1 0 
590 1 50 1 554 474 -1 -1 -1 0 
591 1 49 0 555 475 -1 -1 -1 0 
592 1 48 0 556 476 -1 -1 -1 0 
593 1 50 0 553 476 -1 -1 -1 0 
594 1 47 0 558 476 -1 -1 -1 0 
595 1 47 0 556 475 -1 -1 -1 0 
596 1 47 0 557 475 -1 -1 -1 0 
597 1 49 0 554 476 -1 -1 -1 0 
598 1 48 1 557 475 -1 -1 -1 0 
599 1 49 0 554 475 -1 -1 -1 0 
600 1 48 0 554 474 -1 -1 -1 0 
601 1 49 0 554 474 -1 -1 -1 0 
602 1 47 0 559 474 -1 -1 -1 0 
603 1 49 0 555 474 -1 -1 -1 0 
604 1 49 0 555 474 -1 -1 -1 0 
605 1 47 0 558 474 -1 -1 -1 0 
606 1 48 0 558 474 -1 -1 -1 0 
607 1 49 0 557 474 -1 -1 -1 0 
608 1 49 0 556 473 -1 -1 -1 0 
609 1 47 0 559 473 -1 -1 -1 0 
610 1 48 0 558 474 -1 -1 -1 0 
611 1 48 0 559 475 -1 -1 -1 0 
612 1 50 0 555 475 -1 -1 -1 0 
613 1 48 0 558 474 -1 -1 -1 0 
614 1 48 0 558 474 -1 -1 -1 0 
615 1 50 0 555 475 -1 -1 -1 0 
616 1 49 0 557 476 -1 -1 -1 0 
617 1 46 0 560 474 -1 -1 -1 0 
618 1 46 0 561 474 -1 -1 -1 0 
619 1 46 0 562 474 -1 -1 -1 0 
620 1 48 0 558 473 -1 -1 -1 0 
621 1 48 0 558 473 -1 -1 -1 0 
622 1 49 0 557 472 -1 -1 -1 0 
623 1 48 0 559 474 -1 -1 -1 0 
624 1 48 0 559 473 -1 -1 -1 0 
625 1 49 0 558 473 -1 -1 -1 0 
626 1 47 0 562 474 -1 -1 -1 0 
627 1 48 0 560 475 -1 -1 -1 0 
628 1 46 0 562 473 -1 -1 -1 0 
629 1 45 0 563 473 -1 -1 -1 0 
630 1 47 0 558 473 -1 -1 -1 0 
631 1 45 0 563 473 -1 -1 -1 0 
632 1 47 0 559 473 -1 -1 -1 0 
633 1 45 0 563 474 -1 -1 -1 0 
634 1 48 0 559 474 -1 -1 -1 0 
635 1 48 0 560 473 -1 -1 -1 0 
636 1 49 0 558 473 -1 -1 -1 0 
637 1 50 0 558 472 -1 -1 -1 0 
638 1 51 0 556 472 -1 -1 -1 0 
639 1 49 0 559 472 -1 -1 -1 0 
640 1 50 0 557 473 -1 -1 -1 0 
641 1 49 0 557 473 -1 -1 -1 0 
642 1 50 0 556 472 -1 -1 -1 0 
643 1 50 0 556 473 -1 -1 -1 0 
644 1 50 0 556 473 -1 -1 -1 0 
645 1 50 0 556 472 -1 -1 -1 0 
646 1 49 0 558 472 -1 -1 -1 0 
647 1 45 0 563 471 -1 -1 -1 0 
648 1 47 0 558 471 -1 -1 -1 0 
649 1 48 0 555 473 -1 -1 -1 0 
650 1 48 0 554 473 -1 -1 -1 0 
651 1 50 0 550 474 -1 -1 -1 0 
652 1 47 0 556 475 -1 -1 -1 0 
653 1 47 0 557 475 -1 -1 -1 0 
654 1 47 0 555 474 -1 -1 -1 0 
655 1 46 0 556 474 -1 -1 -1 0 
656 1 46 0 557 475 -1 -1 -1 0 
657 1 46 0 556 475 -1 -1 -1 0 
658 1 45 0 557 473 -1 -1 -1 0 
659 1 45 0 557 473 -1 -1 -1 0 
660 1 46 0 554 473 -1 -1 -1 0 
661 1 46 0 555 473 -1 -1 -1 0 
662 1 47 0 554 473 -1 -1 -1 0 
663 1 48 0 555 472 -1 -1 -1 0 
664 1 49 0 554 474 -1 -1 -1 0 
665 1 48 0 557 475 -1 -1 -1 0 
666 1 47 0 556 473 -1 -1 -1 0 
667 1 45 0 559 473 -1 -1 -1 0 
668 1 43 0 564 473 -1 -1 -1 0 
669 1 46 0 559 472 -1 -1 -1 0 
670 1 45 0 564 472 -1 -1 -1 0 
671 1 46 0 561 472 -1 -1 -1 0 
672 1 45 0 562 472 -1 -1 -1 0 
673 1 44 0 563 472 -1 -1 -1 0 
674 1 47 0 560 473 -1 -1 -1 0 
675 1 47 0 560 473 -1 -1 -1 0 
676 1 47 0 559 474 -1 -1 -1 0 
677 1 47 0 559 474 -1 -1 -1 0 
678 1 47 0 561 473 -1 -1 -1 0 
679 1 49 0 556 473 -1 -1 -1 0 
680 1 48 0 557 474 -1 -1 -1 0 
681 1 46 0 557 473 -1 -1 -1 0 
682 1 48 0 554 473 -1 -1 -1 0 
683 1 46 0 561 473 -1 -1 -1 0 
684 1 50 0 554 473 -1 -1 -1 0 
685 1 49 0 556 473 -1 -1 -1 0 
686 1 48 0 557 473 -1 -1 -1 0 
687 1 46 0 560 473 -1 -1 -1 0 
688 1 46 0 560 472 -1 -1 -1 0 
689 1 49 0 554 473 -1 -1 -1 0 
690 1 48 0 554 471 -1 -1 -1 0 
691 1 50 0 550 471 -1 -1 -1 0 
692 1 50 0 551 473 -1 -1 -1 0 
693 1 48 0 555 473 -1 -1 -1 0 
694 1 49 0 555 473 -1 -1 -1 0 
695 1 50 0 555 472 -1 -1 -1 0 
696 1 47 0 553 472 -1 -1 -1 0 
697 1 47 0 557 473 -1 -1 -1 0 
698 1 48 0 556 472 -1 -1 -1 0 
699 1 50 0 552 472 -1 -1 -1 0 
700 1 49 0 553 472 -1 -1 -1 0 
701 1 47 0 556 472 -1 -1 -1 0 
702 1 47 0 558 473 -1 -1 -1 0 
703 1 46 0 557 474 -1 -1 -1 0 
704 1 48 0 554 473 -1 -1 -1 0 
705 1 46 1 560 473 -1 -1 -1 0 
706 1 45 0 562 474 -1 -1 -1 0 
707 1 45 0 560 473 -1 -1 -1 0 
708 1 48 0 554 473 -1 -1 -1 0 
709 1 47 0 557 474 -1 -1 -1 0 
710 1 46 1 559 472 -1 -1 -1 0 
711 1 47 1 558 473 -1 -1 -1 0 
712 1 48 0 558 473 -1 -1 -1 0 
713 1 47 0 559 473 -1 -1 -1 0 
714 1 47 0 559 472 -1 -1 -1 0 
715 1 46 0 561 473 -1 -1 -1 0 
716 1 46 0 562 473 -1 -1 -1 0 
717 1 47 0 558 474 -1 -1 -1 0 
718 1 46 0 560 474 -1 -1 -1 0 
719 1 45 0 561 473 -1 -1 -1 0 
720 1 44 0 562 472 -1 -1 -1 0 
721 1 46 0 557 472 -1 -1 -1 0 
722 1 46 0 557 472 -1 -1 -1 0 
723 1 47 0 555 472 -1 -1 -1 0 
724 1 48 0 554 472 -1 -1 -1 0 
725 1 46 0 556 473 -1 -1 -1 0 
726 1 47 0 553 472 -1 -1 -1 0 
727 1 45 0 557 473 -1 -1 -1 0 
728 1 41 0 561 474 -1 -1 -1 0 
729 1 39 0 562 473 -1 -1 -1 0 
730 1 36 0 566 472 -1 -1 -1 0 
731 1 39 0 561 472 -1 -1 -1 0 
732 1 39 0 564 474 -1 -1 -1 0 
733 1 39 0 564 475 -1 -1 -1 0 
734 1 40 0 563 474 -1 -1 -1 0 
735 1 43 0 557 474 -1 -1 -1 0 
736 1 43 0 557 474 -1 -1 -1 0 
737 1 44 0 556 474 -1 -1 -1 0 
738 1 44 0 556 474 -1 -1 -1 0 
739 1 46 0 553 473 -1 -1 -1 0 
740 1 46 0 552 473 -1 -1 -1 0 
741 1 45 0 554 473 -1 -1 -1 0 
742 1 45 0 556 474 -1 -1 -1 0 
743 1 45 0 555 473 -1 -1 -1 0 
744 1 45 0 558 474 -1 -1 -1 0 
745 1 45 0 557 473 -1 -1 -1 0 
746 1 45 0 555 473 -1 -1 -1 0 
747 1 46 0 552 473 -1 -1 -1 0 
748 1 45 0 554 473 -1 -1 -1 0 
749 1 47 0 551 473 -1 -1 -1 0 
750 1 45 0 555 473 -1 -1 -1 0 
751 1 45 0 554 473 -1 -1 -1 0 
752 1 45 0 555 474 -1 -1 -1 0 
753 1 45 0 554 473 -1 -1 -1 0 
754 1 44 0 556 473 -1 -1 -1 0 
755 1 45 0 555 473 -1 -1 -1 0 
756 1 45 0 556 473 -1 -1 -1 0 
757 1 45 0 555 473 -1 -1 -1 0 
758 1 46 0 553 473 -1 -1 -1 0 
759 1 44 0 556 472 -1 -1 -1 0 
760 1 44 0 556 472 -1 -1 -1 0 
761 1 45 0 554 473 -1 -1 -1 0 
762 1 46 0 553 473 -1 -1 -1 0 
763 1 44 0 557 473 -1 -1 -1 0 
764 1 44 0 557 474 -1 -1 -1 0 
765 1 46 0 555 473 -1 -1 -1 0 
766 1 44 0 559 472 -1 -1 -1 0 
767 1 46 0 554 473 -1 -1 -1 0 
768 1 43 0 558 474 -1 -1 -1 0 
769 1 43 0 560 475 -1 -1 -1 0 
770 1 46 0 554 474 -1 -1 -1 0 
771 1 44 0 557 473 -1 -1 -1 0 
772 1 46 0 554 472 -1 -1 -1 0 
773 1 48 0 551 472 -1 -1 -1 0 
774 1 48 0 551 474 -1 -1 -1 0 
775 1 43 0 561 474 -1 -1 -1 0 
776 1 42 0 562 475 -1 -1 -1 0 
777 1 44 1 563 472 -1 -1 -1 0 
778 1 45 0 560 474 -1 -1 -1 0 
779 1 45 0 560 473 -1 -1 -1 0 
780 1 44 0 561 473 -1 -1 -1 0 
781 1 46 0 557 473 -1 -1 -1 0 
782 1 43 0 562 473 -1 -1 -1 0 
783 1 45 0 560 473 -1 -1 -1 0 
784 1 45 0 558 473 -1 -1 -1 0 
785 1 44 0 559 473 -1 -1 -1 0 
786 1 45 0 556 473 -1 -1 -1 0 
787 1 43 0 563 475 -1 -1 -1 0 
788 1 46 0 555 474 -1 -1 -1 0 
789 1 44 0 559 472 -1 -1 -1 0 
790 1 46 0 555 472 -1 -1 -1 0 
791 1 47 0 553 472 -1 -1 -1 0 
792 1 45 0 559 473 -1 -1 -1 0 
793 1 46 0 556 471 -1 -1 -1 0 
794 1 46 0 555 471 -1 -1 -1 0 
795 1 46 0 556 472 -1 -1 -1 0 
796 1 45 0 559 472 -1 -1 -1 0 
