3 1 19 0 613 479 -1 -1 -1 0 
4 1 18 0 615 479 -1 -1 -1 0 
5 1 19 0 615 479 -1 -1 -1 0 
6 1 20 0 614 479 -1 -1 -1 0 
7 1 21 0 613 479 -1 -1 -1 0 
8 1 21 0 613 479 -1 -1 -1 0 
9 1 21 0 614 479 -1 -1 -1 0 
10 1 21 0 613 479 -1 -1 -1 0 
11 1 22 0 612 479 -1 -1 -1 0 
12 1 21 0 615 479 -1 -1 -1 0 
13 1 21 0 615 479 -1 -1 -1 0 
14 1 20 0 616 479 -1 -1 -1 0 
15 1 20 0 616 479 -1 -1 -1 0 
16 1 19 0 617 479 -1 -1 -1 0 
17 1 20 0 617 479 -1 -1 -1 0 
18 1 21 0 614 479 -1 -1 -1 0 
19 1 20 0 613 479 -1 -1 -1 0 
20 1 19 0 612 479 -1 -1 -1 0 
21 1 19 0 611 479 -1 -1 -1 0 
22 1 19 0 612 479 -1 -1 -1 0 
23 1 20 0 610 479 -1 -1 -1 0 
24 1 19 0 613 479 -1 -1 -1 0 
25 1 20 0 611 479 -1 -1 -1 0 
26 1 21 0 610 479 -1 -1 -1 0 
27 1 20 0 612 479 -1 -1 -1 0 
28 1 19 0 613 479 -1 -1 -1 0 
29 1 22 1 612 478 -1 -1 -1 0 
30 1 24 2 609 477 -1 -1 -1 0 
31 1 23 2 606 477 -1 -1 -1 0 
32 1 23 3 603 476 -1 -1 -1 0 
33 1 14 3 612 476 -1 -1 -1 0 
34 1 9 3 615 476 -1 -1 -1 0 
35 1 3 0 621 478 -1 -1 -1 0 
36 1 12 1 607 473 -1 -1 -1 0 
37 1 0 0 621 478 -1 -1 -1 0 
38 1 2 1 616 478 -1 -1 -1 0 
39 1 4 13 604 466 -1 -1 -1 0 
40 1 6 16 608 463 -1 -1 -1 0 
41 1 3 4 601 475 -1 -1 -1 0 
42 1 13 0 593 479 -1 -1 -1 0 
43 1 19 0 582 479 -1 -1 -1 0 
44 1 21 0 583 478 -1 -1 -1 0 
45 1 43 0 545 474 -1 -1 -1 0 
46 1 61 0 519 477 -1 -1 -1 0 
47 1 135 1 435 478 -1 -1 -1 0 
48 1 162 0 396 478 -1 -1 -1 0 
49 1 186 0 360 479 -1 -1 -1 0 
50 1 195 0 353 478 -1 -1 -1 0 
51 1 203 0 371 479 -1 -1 -1 0 
52 1 207 0 375 476 -1 -1 -1 0 
53 1 214 0 370 473 -1 -1 -1 0 
54 1 221 0 370 474 -1 -1 -1 0 
55 1 222 0 363 472 -1 -1 -1 0 
56 1 225 0 361 472 -1 -1 -1 0 
57 1 223 0 361 474 -1 -1 -1 0 
58 1 216 4 353 470 -1 -1 -1 0 
59 1 200 0 345 475 -1 -1 -1 0 
60 1 207 3 330 469 -1 -1 -1 0 
61 1 219 0 316 474 -1 -1 -1 0 
62 1 265 0 249 479 -1 -1 -1 0 
63 1 270 0 237 476 -1 -1 -1 0 
64 1 270 0 237 475 -1 -1 -1 0 
65 1 268 12 226 451 -1 -1 -1 0 
66 1 267 12 226 450 -1 -1 -1 0 
67 1 263 10 229 456 -1 -1 -1 0 
68 1 259 4 234 475 -1 -1 -1 0 
69 1 260 10 231 466 -1 -1 -1 0 
70 1 265 30 223 439 -1 -1 -1 0 
71 1 266 31 222 437 -1 -1 -1 0 
72 1 269 42 219 425 -1 -1 -1 0 
73 1 279 50 206 419 -1 -1 -1 0 
74 1 290 56 194 412 -1 -1 -1 0 
75 1 292 60 192 409 -1 -1 -1 0 
76 1 297 66 183 408 -1 -1 -1 0 
77 1 300 71 178 404 -1 -1 -1 0 
78 1 305 83 170 392 -1 -1 -1 0 
79 1 309 91 160 384 -1 -1 -1 0 
80 1 310 96 156 379 -1 -1 -1 0 
81 1 310 100 152 377 -1 -1 -1 0 
82 1 304 106 150 372 -1 -1 -1 0 
83 1 299 102 152 377 -1 -1 -1 0 
84 1 299 102 151 377 -1 -1 -1 0 
85 1 297 101 151 378 -1 -1 -1 0 
86 1 294 106 155 373 -1 -1 -1 0 
87 1 294 115 153 364 -1 -1 -1 0 
88 1 292 125 155 354 -1 -1 -1 0 
89 1 293 129 152 350 -1 -1 -1 0 
90 1 292 131 152 348 -1 -1 -1 0 
91 1 297 130 146 345 -1 -1 -1 0 
92 1 301 138 145 328 -1 -1 -1 0 
93 1 310 139 133 330 -1 -1 -1 0 
94 1 314 143 127 326 -1 -1 -1 0 
95 1 316 146 124 321 -1 -1 -1 0 
96 1 316 155 121 311 -1 -1 -1 0 
97 1 316 158 119 308 -1 -1 -1 0 
98 1 315 160 117 307 -1 -1 -1 0 
99 1 314 161 113 310 -1 -1 -1 0 
100 1 312 164 109 302 -1 -1 -1 0 
101 1 311 165 108 299 -1 -1 -1 0 
102 1 310 166 109 296 -1 -1 -1 0 
103 1 309 168 111 290 -1 -1 -1 0 
104 1 310 169 110 288 -1 -1 -1 0 
105 1 310 171 110 285 -1 -1 -1 0 
106 1 313 171 104 292 -1 -1 -1 0 
107 1 317 177 101 281 -1 -1 -1 0 
108 1 319 177 98 279 -1 -1 -1 0 
109 1 323 178 95 277 -1 -1 -1 0 
110 1 326 178 92 276 -1 -1 -1 0 
111 1 328 178 90 275 -1 -1 -1 0 
112 1 328 178 89 274 -1 -1 -1 0 
113 1 329 178 87 272 -1 -1 -1 0 
114 1 329 186 88 262 -1 -1 -1 0 
115 1 332 180 82 261 -1 -1 -1 0 
116 1 332 180 82 260 -1 -1 -1 0 
117 1 336 180 75 259 -1 -1 -1 0 
118 1 337 180 71 260 -1 -1 -1 0 
119 1 337 184 61 258 -1 -1 -1 0 
120 1 333 186 67 256 -1 -1 -1 0 
121 1 331 184 72 257 -1 -1 -1 0 
122 1 326 184 80 257 -1 -1 -1 0 
123 1 321 186 84 252 -1 -1 -1 0 
124 1 319 186 84 253 -1 -1 -1 0 
125 1 316 188 84 252 -1 -1 -1 0 
126 1 312 187 86 254 -1 -1 -1 0 
127 1 307 185 89 253 -1 -1 -1 0 
128 1 304 186 88 251 -1 -1 -1 0 
129 1 301 186 87 255 -1 -1 -1 0 
130 1 300 185 87 258 -1 -1 -1 0 
131 1 295 190 92 244 -1 -1 -1 0 
132 1 294 192 92 242 -1 -1 -1 0 
133 1 293 192 96 242 -1 -1 -1 0 
134 1 293 192 98 242 -1 -1 -1 0 
135 1 294 188 99 247 -1 -1 -1 0 
136 1 296 187 101 251 -1 -1 -1 0 
137 1 301 189 100 249 -1 -1 -1 0 
138 1 306 192 96 246 -1 -1 -1 0 
139 1 312 193 96 245 -1 -1 -1 0 
140 1 314 194 95 248 -1 -1 -1 0 
141 1 317 192 96 251 -1 -1 -1 0 
142 1 319 191 96 250 -1 -1 -1 0 
143 1 328 193 89 245 -1 -1 -1 0 
144 1 331 195 89 239 -1 -1 -1 0 
145 1 335 198 85 234 -1 -1 -1 0 
146 1 338 197 81 236 -1 -1 -1 0 
147 1 338 197 82 238 -1 -1 -1 0 
148 1 338 198 82 238 -1 -1 -1 0 
149 1 337 199 83 233 -1 -1 -1 0 
150 1 339 200 81 231 -1 -1 -1 0 
151 1 338 201 81 230 -1 -1 -1 0 
152 1 338 201 81 230 -1 -1 -1 0 
153 1 338 201 81 230 -1 -1 -1 0 
154 1 339 200 79 231 -1 -1 -1 0 
155 1 339 200 79 230 -1 -1 -1 0 
156 1 339 200 79 230 -1 -1 -1 0 
157 1 338 201 79 227 -1 -1 -1 0 
158 1 339 202 78 225 -1 -1 -1 0 
159 1 339 202 77 224 -1 -1 -1 0 
160 1 339 202 77 224 -1 -1 -1 0 
161 1 338 202 78 224 -1 -1 -1 0 
162 1 339 202 77 224 -1 -1 -1 0 
163 1 339 202 77 224 -1 -1 -1 0 
164 1 339 202 76 224 -1 -1 -1 0 
165 1 339 202 76 224 -1 -1 -1 0 
166 1 339 201 76 225 -1 -1 -1 0 
167 1 338 201 77 225 -1 -1 -1 0 
168 1 338 201 77 225 -1 -1 -1 0 
169 1 339 201 76 225 -1 -1 -1 0 
170 1 338 201 77 225 -1 -1 -1 0 
171 1 339 201 76 225 -1 -1 -1 0 
172 1 338 201 77 226 -1 -1 -1 0 
173 1 337 202 79 226 -1 -1 -1 0 
174 1 337 202 79 225 -1 -1 -1 0 
175 1 340 201 76 228 -1 -1 -1 0 
176 1 339 200 78 230 -1 -1 -1 0 
177 1 341 201 77 230 -1 -1 -1 0 
178 1 342 200 76 233 -1 -1 -1 0 
179 1 342 199 78 239 -1 -1 -1 0 
180 1 342 198 78 243 -1 -1 -1 0 
181 1 341 197 79 241 -1 -1 -1 0 
182 1 341 198 80 240 -1 -1 -1 0 
183 1 341 198 79 242 -1 -1 -1 0 
184 1 341 198 80 246 -1 -1 -1 0 
185 1 340 197 82 248 -1 -1 -1 0 
186 1 338 197 84 248 -1 -1 -1 0 
187 1 338 196 82 255 -1 -1 -1 0 
188 1 337 195 83 258 -1 -1 -1 0 
189 1 335 194 86 249 -1 -1 -1 0 
190 1 335 193 86 250 -1 -1 -1 0 
191 1 334 188 86 263 -1 -1 -1 0 
192 1 333 184 88 267 -1 -1 -1 0 
193 1 332 182 89 269 -1 -1 -1 0 
194 1 332 181 90 271 -1 -1 -1 0 
195 1 333 180 89 272 -1 -1 -1 0 
196 1 334 179 87 273 -1 -1 -1 0 
197 1 336 179 86 274 -1 -1 -1 0 
198 1 337 181 86 272 -1 -1 -1 0 
199 1 337 180 85 271 -1 -1 -1 0 
200 1 337 180 86 270 -1 -1 -1 0 
201 1 338 180 84 270 -1 -1 -1 0 
202 1 338 180 85 270 -1 -1 -1 0 
203 1 339 180 84 270 -1 -1 -1 0 
204 1 338 180 86 270 -1 -1 -1 0 
205 1 337 180 87 270 -1 -1 -1 0 
206 1 336 180 88 270 -1 -1 -1 0 
207 1 337 180 86 270 -1 -1 -1 0 
208 1 336 180 86 269 -1 -1 -1 0 
209 1 336 180 86 270 -1 -1 -1 0 
210 1 334 182 87 268 -1 -1 -1 0 
211 1 335 185 86 259 -1 -1 -1 0 
212 1 336 183 85 265 -1 -1 -1 0 
213 1 335 183 87 265 -1 -1 -1 0 
214 1 335 184 87 266 -1 -1 -1 0 
215 1 335 184 88 268 -1 -1 -1 0 
216 1 335 184 88 270 -1 -1 -1 0 
217 1 335 184 89 273 -1 -1 -1 0 
218 1 335 182 90 277 -1 -1 -1 0 
219 1 335 181 90 279 -1 -1 -1 0 
220 1 336 180 90 281 -1 -1 -1 0 
221 1 339 173 90 287 -1 -1 -1 0 
222 1 339 171 91 290 -1 -1 -1 0 
223 1 338 169 96 287 -1 -1 -1 0 
224 1 337 162 102 306 -1 -1 -1 0 
225 1 336 160 106 307 -1 -1 -1 0 
226 1 336 159 107 309 -1 -1 -1 0 
227 1 336 155 110 312 -1 -1 -1 0 
228 1 336 152 112 323 -1 -1 -1 0 
229 1 336 152 116 322 -1 -1 -1 0 
230 1 336 149 117 322 -1 -1 -1 0 
231 1 334 146 119 320 -1 -1 -1 0 
232 1 334 145 120 319 -1 -1 -1 0 
233 1 333 138 122 330 -1 -1 -1 0 
234 1 331 137 125 332 -1 -1 -1 0 
235 1 324 135 133 337 -1 -1 -1 0 
236 1 323 136 133 338 -1 -1 -1 0 
237 1 322 134 133 340 -1 -1 -1 0 
238 1 324 128 133 347 -1 -1 -1 0 
239 1 326 125 135 349 -1 -1 -1 0 
240 1 327 121 138 352 -1 -1 -1 0 
241 1 330 117 145 356 -1 -1 -1 0 
242 1 330 112 147 365 -1 -1 -1 0 
243 1 330 105 158 373 -1 -1 -1 0 
244 1 332 101 158 375 -1 -1 -1 0 
245 1 331 97 164 378 -1 -1 -1 0 
246 1 331 95 168 380 -1 -1 -1 0 
247 1 333 93 166 381 -1 -1 -1 0 
248 1 333 86 167 388 -1 -1 -1 0 
249 1 332 81 167 393 -1 -1 -1 0 
250 1 324 68 177 411 -1 -1 -1 0 
251 1 317 60 192 419 -1 -1 -1 0 
252 1 316 59 194 420 -1 -1 -1 0 
253 1 312 57 200 417 -1 -1 -1 0 
254 1 313 56 201 416 -1 -1 -1 0 
255 1 316 49 206 421 -1 -1 -1 0 
256 1 318 44 207 425 -1 -1 -1 0 
257 1 321 32 216 438 -1 -1 -1 0 
258 1 325 21 217 452 -1 -1 -1 0 
259 1 325 13 223 462 -1 -1 -1 0 
260 1 326 5 234 469 -1 -1 -1 0 
261 1 326 0 240 474 -1 -1 -1 0 
262 1 327 0 250 478 -1 -1 -1 0 
263 1 327 0 251 478 -1 -1 -1 0 
264 1 326 0 261 479 -1 -1 -1 0 
265 1 326 0 262 478 -1 -1 -1 0 
266 1 324 0 265 472 -1 -1 -1 0 
267 1 325 0 264 471 -1 -1 -1 0 
268 1 308 0 280 471 -1 -1 -1 0 
269 1 292 0 298 471 -1 -1 -1 0 
270 1 268 2 312 475 -1 -1 -1 0 
271 1 267 2 312 476 -1 -1 -1 0 
272 1 252 0 318 475 -1 -1 -1 0 
273 1 243 0 321 474 -1 -1 -1 0 
274 1 222 0 329 477 -1 -1 -1 0 
275 1 217 2 321 472 -1 -1 -1 0 
276 1 210 2 321 471 -1 -1 -1 0 
277 1 218 3 290 471 -1 -1 -1 0 
278 1 220 3 269 472 -1 -1 -1 0 
279 1 219 2 269 472 -1 -1 -1 0 
280 1 209 0 278 478 -1 -1 -1 0 
281 1 206 2 283 476 -1 -1 -1 0 
282 1 202 4 298 475 -1 -1 -1 0 
283 1 199 7 305 472 -1 -1 -1 0 
284 1 192 7 321 466 -1 -1 -1 0 
285 1 191 5 327 470 -1 -1 -1 0 
286 1 187 0 347 473 -1 -1 -1 0 
287 1 183 0 361 473 -1 -1 -1 0 
288 1 182 1 363 478 -1 -1 -1 0 
289 1 188 0 357 476 -1 -1 -1 0 
290 1 191 0 363 472 -1 -1 -1 0 
291 1 189 5 385 466 -1 -1 -1 0 
292 1 186 3 412 473 -1 -1 -1 0 
293 1 186 4 417 474 -1 -1 -1 0 
294 1 187 5 421 472 -1 -1 -1 0 
295 1 190 8 428 468 -1 -1 -1 0 
296 1 196 5 437 469 -1 -1 -1 0 
297 1 197 0 440 479 -1 -1 -1 0 
298 1 197 3 440 474 -1 -1 -1 0 
299 1 203 15 435 463 -1 -1 -1 0 
300 1 195 22 444 455 -1 -1 -1 0 
301 1 198 16 440 460 -1 -1 -1 0 
302 1 199 20 437 455 -1 -1 -1 0 
303 1 201 17 434 461 -1 -1 -1 0 
304 1 198 15 438 462 -1 -1 -1 0 
305 1 199 14 435 460 -1 -1 -1 0 
306 1 199 13 435 460 -1 -1 -1 0 
307 1 198 15 437 459 -1 -1 -1 0 
308 1 197 13 438 462 -1 -1 -1 0 
309 1 197 10 440 469 -1 -1 -1 0 
310 1 195 10 442 467 -1 -1 -1 0 
311 1 194 10 443 466 -1 -1 -1 0 
312 1 193 12 444 464 -1 -1 -1 0 
313 1 193 10 442 467 -1 -1 -1 0 
314 1 193 11 442 465 -1 -1 -1 0 
315 1 191 11 445 465 -1 -1 -1 0 
316 1 191 11 445 465 -1 -1 -1 0 
317 1 191 11 444 464 -1 -1 -1 0 
318 1 193 10 441 467 -1 -1 -1 0 
319 1 191 10 444 466 -1 -1 -1 0 
320 1 190 12 446 464 -1 -1 -1 0 
321 1 190 14 449 461 -1 -1 -1 0 
322 1 191 14 448 460 -1 -1 -1 0 
323 1 191 13 447 463 -1 -1 -1 0 
324 1 192 12 447 463 -1 -1 -1 0 
325 1 192 12 447 463 -1 -1 -1 0 
326 1 192 12 447 463 -1 -1 -1 0 
327 1 192 12 447 463 -1 -1 -1 0 
328 1 192 12 447 463 -1 -1 -1 0 
329 1 192 12 447 463 -1 -1 -1 0 
330 1 200 11 435 466 -1 -1 -1 0 
331 1 201 10 435 466 -1 -1 -1 0 
332 1 201 18 431 459 -1 -1 -1 0 
333 1 202 18 430 459 -1 -1 -1 0 
334 1 206 20 419 458 -1 -1 -1 0 
335 1 207 21 419 458 -1 -1 -1 0 
336 1 207 21 419 458 -1 -1 -1 0 
337 1 212 12 408 466 -1 -1 -1 0 
338 1 212 11 409 467 -1 -1 -1 0 
339 1 212 11 409 466 -1 -1 -1 0 
340 1 212 11 409 466 -1 -1 -1 0 
341 1 204 11 411 465 -1 -1 -1 0 
342 1 221 0 317 479 -1 -1 -1 0 
343 1 221 0 312 479 -1 -1 -1 0 
344 1 221 0 312 479 -1 -1 -1 0 
345 1 221 0 312 479 -1 -1 -1 0 
346 1 222 0 311 479 -1 -1 -1 0 
347 1 219 1 313 478 -1 -1 -1 0 
348 1 220 2 312 477 -1 -1 -1 0 
349 1 220 2 312 477 -1 -1 -1 0 
350 1 217 5 308 474 -1 -1 -1 0 
351 1 217 6 308 473 -1 -1 -1 0 
352 1 218 6 307 473 -1 -1 -1 0 
353 1 220 5 304 473 -1 -1 -1 0 
354 1 221 6 304 473 -1 -1 -1 0 
355 1 221 6 304 473 -1 -1 -1 0 
356 1 256 1 257 473 -1 -1 -1 0 
357 1 257 0 257 473 -1 -1 -1 0 
358 1 257 0 257 472 -1 -1 -1 0 
359 1 260 0 252 469 -1 -1 -1 0 
360 1 261 0 252 468 -1 -1 -1 0 
361 1 261 0 252 468 -1 -1 -1 0 
362 1 261 0 252 468 -1 -1 -1 0 
363 1 261 0 252 468 -1 -1 -1 0 
364 1 269 0 244 468 -1 -1 -1 0 
365 1 270 0 244 468 -1 -1 -1 0 
366 1 270 0 244 468 -1 -1 -1 0 
367 1 320 0 157 479 -1 -1 -1 0 
368 1 321 0 157 479 -1 -1 -1 0 
369 1 318 0 161 479 -1 -1 -1 0 
370 1 319 0 161 479 -1 -1 -1 0 
371 1 319 0 161 479 -1 -1 -1 0 
372 1 312 0 169 479 -1 -1 -1 0 
373 1 312 0 169 479 -1 -1 -1 0 
374 1 312 0 169 479 -1 -1 -1 0 
375 1 263 10 160 460 -1 -1 -1 0 
376 1 256 11 159 458 -1 -1 -1 0 
377 1 255 12 159 457 -1 -1 -1 0 
378 1 256 24 152 436 -1 -1 -1 0 
385 1 286 76 133 390 -1 -1 -1 0 
386 1 290 89 131 384 -1 -1 -1 0 
387 1 286 96 135 378 -1 -1 -1 0 
388 1 281 101 138 375 -1 -1 -1 0 
399 1 333 142 109 320 -1 -1 -1 0 
400 1 337 150 112 313 -1 -1 -1 0 
401 1 338 149 114 316 -1 -1 -1 0 
402 1 338 148 116 320 -1 -1 -1 0 
403 1 336 145 122 322 -1 -1 -1 0 
404 1 337 143 120 321 -1 -1 -1 0 
405 1 336 144 121 321 -1 -1 -1 0 
406 1 337 147 119 319 -1 -1 -1 0 
407 1 337 147 118 313 -1 -1 -1 0 
408 1 337 148 121 323 -1 -1 -1 0 
409 1 337 148 122 324 -1 -1 -1 0 
410 1 337 147 120 321 -1 -1 -1 0 
411 1 339 145 116 324 -1 -1 -1 0 
412 1 340 145 116 322 -1 -1 -1 0 
413 1 341 147 114 323 -1 -1 -1 0 
414 1 343 147 111 326 -1 -1 -1 0 
415 1 344 145 111 330 -1 -1 -1 0 
416 1 345 142 109 334 -1 -1 -1 0 
417 1 345 142 110 335 -1 -1 -1 0 
418 1 345 140 111 339 -1 -1 -1 0 
419 1 345 140 111 337 -1 -1 -1 0 
420 1 345 140 111 339 -1 -1 -1 0 
421 1 345 140 111 338 -1 -1 -1 0 
422 1 346 140 110 337 -1 -1 -1 0 
423 1 347 140 110 337 -1 -1 -1 0 
424 1 346 139 110 336 -1 -1 -1 0 
425 1 346 138 111 337 -1 -1 -1 0 
426 1 345 136 113 339 -1 -1 -1 0 
427 1 348 136 110 340 -1 -1 -1 0 
428 1 351 137 106 337 -1 -1 -1 0 
429 1 350 136 109 341 -1 -1 -1 0 
430 1 350 136 110 340 -1 -1 -1 0 
431 1 354 137 108 336 -1 -1 -1 0 
432 1 356 137 106 330 -1 -1 -1 0 
433 1 354 136 108 323 -1 -1 -1 0 
434 1 362 140 102 307 -1 -1 -1 0 
435 1 367 141 99 299 -1 -1 -1 0 
436 1 364 138 106 314 -1 -1 -1 0 
437 1 364 135 111 326 -1 -1 -1 0 
438 1 364 133 114 331 -1 -1 -1 0 
439 1 370 132 110 331 -1 -1 -1 0 
440 1 375 134 113 330 -1 -1 -1 0 
441 1 375 137 120 305 -1 -1 -1 0 
442 1 375 135 124 311 -1 -1 -1 0 
443 1 380 134 123 341 -1 -1 -1 0 
444 1 379 134 130 344 -1 -1 -1 0 
445 1 379 134 134 345 -1 -1 -1 0 
446 1 378 133 141 346 -1 -1 -1 0 
447 1 377 132 145 344 -1 -1 -1 0 
448 1 378 130 146 348 -1 -1 -1 0 
449 1 378 129 147 350 -1 -1 -1 0 
450 1 376 128 150 350 -1 -1 -1 0 
451 1 376 127 149 351 -1 -1 -1 0 
452 1 375 127 149 352 -1 -1 -1 0 
453 1 375 127 149 352 -1 -1 -1 0 
454 1 376 125 148 354 -1 -1 -1 0 
455 1 375 124 152 355 -1 -1 -1 0 
456 1 375 125 154 354 -1 -1 -1 0 
457 1 379 115 148 357 -1 -1 -1 0 
458 1 378 110 150 367 -1 -1 -1 0 
459 1 378 105 153 368 -1 -1 -1 0 
460 1 377 104 156 369 -1 -1 -1 0 
461 1 378 98 158 381 -1 -1 -1 0 
462 1 376 101 165 378 -1 -1 -1 0 
463 1 376 104 169 375 -1 -1 -1 0 
464 1 376 101 174 378 -1 -1 -1 0 
465 1 378 108 178 368 -1 -1 -1 0 
466 1 391 120 172 354 -1 -1 -1 0 
467 1 395 113 172 363 -1 -1 -1 0 
468 1 406 113 178 364 -1 -1 -1 0 
469 1 409 111 179 368 -1 -1 -1 0 
470 1 405 107 202 372 -1 -1 -1 0 
471 1 376 105 241 370 -1 -1 -1 0 
472 1 352 56 278 418 -1 -1 -1 0 
473 1 406 77 225 388 -1 -1 -1 0 
474 1 354 47 285 428 -1 -1 -1 0 
475 1 407 54 231 403 -1 -1 -1 0 
476 1 354 34 285 443 -1 -1 -1 0 
477 1 352 28 287 451 -1 -1 -1 0 
478 1 396 43 243 411 -1 -1 -1 0 
479 1 408 4 230 472 -1 -1 -1 0 
480 1 363 0 274 474 -1 -1 -1 0 
481 1 360 0 276 473 -1 -1 -1 0 
482 1 364 0 270 477 -1 -1 -1 0 
483 1 368 0 266 476 -1 -1 -1 0 
484 1 363 0 272 476 -1 -1 -1 0 
485 1 362 0 274 476 -1 -1 -1 0 
486 1 361 0 278 477 -1 -1 -1 0 
487 1 356 0 283 478 -1 -1 -1 0 
488 1 360 0 279 478 -1 -1 -1 0 
489 1 358 0 281 478 -1 -1 -1 0 
507 3 225 1 407 478 -1 -1 -1 0 
508 3 188 3 441 472 -1 -1 -1 0 
518 3 47 0 556 475 -1 -1 -1 0 
519 3 39 0 566 479 -1 -1 -1 0 
523 3 35 1 572 478 -1 -1 -1 0 
524 3 37 0 579 479 -1 -1 -1 0 
525 3 40 0 567 479 -1 -1 -1 0 
526 3 39 0 576 479 -1 -1 -1 0 
527 3 44 1 571 477 -1 -1 -1 0 
528 3 42 0 575 479 -1 -1 -1 0 
529 3 43 0 576 479 -1 -1 -1 0 
531 3 41 0 570 479 -1 -1 -1 0 
533 3 48 1 565 478 -1 -1 -1 0 
534 3 45 3 568 476 -1 -1 -1 0 
535 3 43 4 568 475 -1 -1 -1 0 
536 3 40 2 575 477 -1 -1 -1 0 
537 3 39 1 577 478 -1 -1 -1 0 
538 3 41 0 577 479 -1 -1 -1 0 
539 3 39 0 579 479 -1 -1 -1 0 
540 3 39 0 580 479 -1 -1 -1 0 
541 3 40 0 588 478 -1 -1 -1 0 
542 3 41 0 585 479 -1 -1 -1 0 
543 3 35 4 396 473 -1 -1 -1 0 
544 3 29 4 378 475 -1 -1 -1 0 
545 3 22 4 382 475 -1 -1 -1 0 
546 3 2 1 578 478 -1 -1 -1 0 
547 3 34 0 580 479 -1 -1 -1 0 
548 3 53 3 380 476 -1 -1 -1 0 
549 3 25 5 375 470 -1 -1 -1 0 
550 3 20 7 368 467 -1 -1 -1 0 
551 3 25 9 348 463 -1 -1 -1 0 
552 3 22 6 344 466 -1 -1 -1 0 
553 3 0 1 572 475 -1 -1 -1 0 
554 3 34 0 575 479 -1 -1 -1 0 
557 3 48 2 567 477 -1 -1 -1 0 
558 3 57 1 563 478 -1 -1 -1 0 
559 3 59 0 564 479 -1 -1 -1 0 
560 3 56 0 569 477 -1 -1 -1 0 
561 3 51 0 580 479 -1 -1 -1 0 
562 3 73 12 548 463 -1 -1 -1 0 
563 3 88 15 526 456 -1 -1 -1 0 
564 3 93 19 533 453 -1 -1 -1 0 
565 3 92 18 538 452 -1 -1 -1 0 
567 3 93 12 534 460 -1 -1 -1 0 
586 3 8 25 602 444 -1 -1 -1 0 
588 3 17 25 583 449 -1 -1 -1 0 
589 3 13 24 591 450 -1 -1 -1 0 
593 3 8 20 568 454 -1 -1 -1 0 
594 3 7 18 571 459 -1 -1 -1 0 
596 3 3 20 567 454 -1 -1 -1 0 
597 3 3 19 563 455 -1 -1 -1 0 
607 3 5 24 544 450 -1 -1 -1 0 
610 3 1 8 554 471 -1 -1 -1 0 
621 3 0 5 526 474 -1 -1 -1 0 
625 3 2 0 501 475 -1 -1 -1 0 
626 3 3 0 494 473 -1 -1 -1 0 
628 3 1 6 489 463 -1 -1 -1 0 
629 3 2 9 482 457 -1 -1 -1 0 
630 3 1 6 477 460 -1 -1 -1 0 
631 3 1 1 472 466 -1 -1 -1 0 
632 3 2 0 463 469 -1 -1 -1 0 
633 3 0 0 465 467 -1 -1 -1 0 
634 3 1 4 465 464 -1 -1 -1 0 
635 3 2 14 467 453 -1 -1 -1 0 
636 3 1 21 470 449 -1 -1 -1 0 
637 3 1 21 470 451 -1 -1 -1 0 
638 3 1 17 484 456 -1 -1 -1 0 
639 3 2 16 495 461 -1 -1 -1 0 
640 3 14 12 494 461 -1 -1 -1 0 
641 3 15 12 498 461 -1 -1 -1 0 
642 3 19 3 501 468 -1 -1 -1 0 
643 3 16 0 514 471 -1 -1 -1 0 
644 3 12 13 522 461 -1 -1 -1 0 
645 3 17 1 517 469 -1 -1 -1 0 
646 3 15 0 520 467 -1 -1 -1 0 
647 3 14 0 521 469 -1 -1 -1 0 
648 3 13 0 524 469 -1 -1 -1 0 
649 3 14 4 532 466 -1 -1 -1 0 
650 3 15 1 535 467 -1 -1 -1 0 
651 3 8 13 566 458 -1 -1 -1 0 
652 3 9 13 571 459 -1 -1 -1 0 
653 3 5 13 578 461 -1 -1 -1 0 
654 3 2 5 577 467 -1 -1 -1 0 
655 3 3 17 576 456 -1 -1 -1 0 
656 3 4 17 576 455 -1 -1 -1 0 
657 3 0 22 588 452 -1 -1 -1 0 
658 3 0 22 589 452 -1 -1 -1 0 
659 3 0 17 586 459 -1 -1 -1 0 
660 3 3 14 579 461 -1 -1 -1 0 
661 3 1 1 579 470 -1 -1 -1 0 
662 3 0 0 580 468 -1 -1 -1 0 
663 3 0 0 582 469 -1 -1 -1 0 
664 3 1 11 584 463 -1 -1 -1 0 
665 3 1 13 585 464 -1 -1 -1 0 
666 3 3 13 580 463 -1 -1 -1 0 
667 3 2 15 584 462 -1 -1 -1 0 
668 3 3 15 581 462 -1 -1 -1 0 
669 3 1 16 585 460 -1 -1 -1 0 
670 3 3 16 581 460 -1 -1 -1 0 
671 3 3 16 581 460 -1 -1 -1 0 
672 3 2 15 584 461 -1 -1 -1 0 
673 3 2 15 582 460 -1 -1 -1 0 
674 3 2 13 580 462 -1 -1 -1 0 
675 3 2 17 578 455 -1 -1 -1 0 
676 3 0 19 590 454 -1 -1 -1 0 
677 3 2 18 585 456 -1 -1 -1 0 
678 3 2 16 586 459 -1 -1 -1 0 
679 3 2 15 586 460 -1 -1 -1 0 
680 3 1 16 589 458 -1 -1 -1 0 
681 3 4 17 586 458 -1 -1 -1 0 
682 3 4 16 586 458 -1 -1 -1 0 
683 3 2 16 586 460 -1 -1 -1 0 
684 3 2 17 588 458 -1 -1 -1 0 
685 3 1 18 589 457 -1 -1 -1 0 
686 3 1 17 592 460 -1 -1 -1 0 
687 3 0 17 594 460 -1 -1 -1 0 
688 3 1 19 593 456 -1 -1 -1 0 
689 3 2 17 586 458 -1 -1 -1 0 
690 3 5 20 583 457 -1 -1 -1 0 
691 3 3 16 587 459 -1 -1 -1 0 
692 3 5 15 584 460 -1 -1 -1 0 
693 3 5 15 582 460 -1 -1 -1 0 
694 3 1 17 584 458 -1 -1 -1 0 
695 3 0 21 584 455 -1 -1 -1 0 
696 3 1 20 584 456 -1 -1 -1 0 
697 3 0 20 585 457 -1 -1 -1 0 
698 3 0 20 585 457 -1 -1 -1 0 
699 3 0 22 583 454 -1 -1 -1 0 
700 3 0 23 584 452 -1 -1 -1 0 
701 3 0 21 583 455 -1 -1 -1 0 
702 3 0 23 588 453 -1 -1 -1 0 
703 3 0 26 588 449 -1 -1 -1 0 
704 3 0 26 588 450 -1 -1 -1 0 
