3 1 3 6 516 466 -1 -1 -1 0 
4 1 3 7 516 465 -1 -1 -1 0 
5 1 3 7 515 465 -1 -1 -1 0 
6 1 3 7 516 464 -1 -1 -1 0 
7 1 4 6 513 465 -1 -1 -1 0 
8 1 3 7 515 465 -1 -1 -1 0 
9 1 3 8 516 464 -1 -1 -1 0 
10 1 4 8 514 463 -1 -1 -1 0 
11 1 3 9 516 462 -1 -1 -1 0 
12 1 4 9 513 462 -1 -1 -1 0 
13 1 4 8 512 463 -1 -1 -1 0 
14 1 4 7 512 465 -1 -1 -1 0 
15 1 2 8 515 463 -1 -1 -1 0 
16 1 2 9 514 462 -1 -1 -1 0 
17 1 0 7 520 465 -1 -1 -1 0 
18 1 0 6 519 467 -1 -1 -1 0 
19 1 0 7 522 466 -1 -1 -1 0 
20 1 0 6 521 467 -1 -1 -1 0 
21 1 0 4 520 469 -1 -1 -1 0 
22 1 0 4 522 468 -1 -1 -1 0 
23 1 0 5 522 468 -1 -1 -1 0 
24 1 0 5 522 469 -1 -1 -1 0 
25 1 0 5 522 468 -1 -1 -1 0 
26 1 0 5 522 468 -1 -1 -1 0 
27 1 0 5 522 468 -1 -1 -1 0 
28 1 0 4 523 469 -1 -1 -1 0 
29 1 0 5 524 468 -1 -1 -1 0 
30 1 0 6 523 467 -1 -1 -1 0 
31 1 0 6 520 466 -1 -1 -1 0 
32 1 0 6 518 468 -1 -1 -1 0 
33 1 0 6 518 468 -1 -1 -1 0 
34 1 0 6 517 467 -1 -1 -1 0 
35 1 0 5 516 468 -1 -1 -1 0 
36 1 0 5 517 467 -1 -1 -1 0 
37 1 0 4 516 469 -1 -1 -1 0 
38 1 0 3 518 470 -1 -1 -1 0 
39 1 0 3 517 468 -1 -1 -1 0 
40 1 0 3 516 468 -1 -1 -1 0 
41 1 0 3 516 467 -1 -1 -1 0 
42 1 0 3 515 466 -1 -1 -1 0 
43 1 0 3 516 468 -1 -1 -1 0 
44 1 0 4 517 468 -1 -1 -1 0 
45 1 0 4 517 467 -1 -1 -1 0 
46 1 1 3 514 467 -1 -1 -1 0 
47 1 1 6 513 464 -1 -1 -1 0 
48 1 0 6 514 464 -1 -1 -1 0 
49 1 0 5 515 463 -1 -1 -1 0 
50 1 0 6 516 461 -1 -1 -1 0 
51 1 1 8 513 458 -1 -1 -1 0 
52 1 0 5 516 465 -1 -1 -1 0 
53 1 0 7 520 463 -1 -1 -1 0 
54 1 0 7 520 462 -1 -1 -1 0 
55 1 0 6 520 462 -1 -1 -1 0 
56 1 0 6 519 462 -1 -1 -1 0 
57 1 1 7 516 462 -1 -1 -1 0 
58 1 0 5 516 461 -1 -1 -1 0 
59 1 0 6 515 460 -1 -1 -1 0 
60 1 1 7 513 459 -1 -1 -1 0 
61 1 1 7 513 459 -1 -1 -1 0 
62 1 1 8 513 458 -1 -1 -1 0 
63 1 0 7 515 460 -1 -1 -1 0 
64 1 0 6 516 461 -1 -1 -1 0 
65 1 0 7 517 461 -1 -1 -1 0 
66 1 0 8 517 459 -1 -1 -1 0 
67 1 0 8 517 459 -1 -1 -1 0 
68 1 1 9 516 458 -1 -1 -1 0 
69 1 3 7 513 461 -1 -1 -1 0 
70 1 3 7 513 459 -1 -1 -1 0 
71 1 4 7 511 458 -1 -1 -1 0 
72 1 4 7 510 459 -1 -1 -1 0 
73 1 4 7 508 460 -1 -1 -1 0 
74 1 0 8 511 456 -1 -1 -1 0 
75 1 4 6 475 455 -1 -1 -1 0 
76 1 1 6 474 461 -1 -1 -1 0 
77 1 0 10 480 463 -1 -1 -1 0 
78 1 0 0 432 477 -1 -1 -1 0 
79 1 3 0 419 478 -1 -1 -1 0 
80 1 0 0 413 476 -1 -1 -1 0 
81 1 2 0 404 477 -1 -1 -1 0 
82 1 0 0 394 470 -1 -1 -1 0 
83 1 0 0 384 471 -1 -1 -1 0 
89 1 0 0 373 458 -1 -1 -1 0 
118 1 5 0 377 473 -1 -1 -1 0 
119 1 7 2 383 476 -1 -1 -1 0 
120 1 9 2 388 476 -1 -1 -1 0 
121 1 8 3 404 474 -1 -1 -1 0 
122 1 5 3 432 471 -1 -1 -1 0 
123 1 4 1 438 471 -1 -1 -1 0 
124 1 2 3 455 470 -1 -1 -1 0 
125 1 5 3 456 474 -1 -1 -1 0 
126 1 4 2 467 476 -1 -1 -1 0 
127 1 8 1 469 478 -1 -1 -1 0 
128 1 6 1 477 478 -1 -1 -1 0 
129 1 4 0 478 479 -1 -1 -1 0 
130 1 2 0 482 479 -1 -1 -1 0 
131 1 3 0 482 479 -1 -1 -1 0 
132 1 4 0 479 479 -1 -1 -1 0 
133 1 3 0 477 479 -1 -1 -1 0 
134 1 5 0 471 479 -1 -1 -1 0 
135 1 4 0 472 479 -1 -1 -1 0 
136 1 3 0 478 479 -1 -1 -1 0 
137 1 3 0 476 479 -1 -1 -1 0 
138 1 3 0 476 479 -1 -1 -1 0 
139 1 4 0 476 479 -1 -1 -1 0 
140 1 4 0 478 479 -1 -1 -1 0 
141 1 5 0 475 479 -1 -1 -1 0 
142 1 4 0 475 479 -1 -1 -1 0 
143 1 4 0 477 479 -1 -1 -1 0 
144 1 5 0 476 479 -1 -1 -1 0 
145 1 3 0 486 479 -1 -1 -1 0 
146 1 3 0 480 479 -1 -1 -1 0 
147 1 5 0 498 478 -1 -1 -1 0 
148 1 7 0 500 473 -1 -1 -1 0 
149 1 14 0 450 472 -1 -1 -1 0 
150 1 11 0 406 470 -1 -1 -1 0 
151 1 0 0 452 473 -1 -1 -1 0 
152 1 0 0 452 474 -1 -1 -1 0 
153 1 0 0 453 474 -1 -1 -1 0 
154 1 0 1 460 471 -1 -1 -1 0 
155 1 0 0 457 474 -1 -1 -1 0 
156 1 0 1 455 475 -1 -1 -1 0 
157 1 1 0 446 476 -1 -1 -1 0 
158 1 1 1 444 475 -1 -1 -1 0 
159 1 4 0 442 479 -1 -1 -1 0 
160 1 3 2 447 475 -1 -1 -1 0 
161 1 3 0 456 477 -1 -1 -1 0 
162 1 2 0 458 479 -1 -1 -1 0 
163 1 1 2 449 477 -1 -1 -1 0 
164 1 0 8 457 471 -1 -1 -1 0 
165 1 0 8 460 471 -1 -1 -1 0 
166 1 0 10 463 467 -1 -1 -1 0 
167 1 0 10 461 466 -1 -1 -1 0 
168 1 0 11 464 461 -1 -1 -1 0 
169 1 0 9 466 461 -1 -1 -1 0 
170 1 0 6 472 464 -1 -1 -1 0 
171 1 0 5 468 465 -1 -1 -1 0 
172 1 0 5 468 464 -1 -1 -1 0 
173 1 0 8 471 463 -1 -1 -1 0 
174 1 0 5 476 465 -1 -1 -1 0 
175 1 0 2 477 471 -1 -1 -1 0 
176 1 0 1 481 470 -1 -1 -1 0 
177 1 0 0 480 469 -1 -1 -1 0 
178 1 0 3 482 466 -1 -1 -1 0 
179 1 0 3 482 467 -1 -1 -1 0 
180 1 0 1 479 468 -1 -1 -1 0 
181 1 0 0 477 469 -1 -1 -1 0 
182 1 0 0 478 468 -1 -1 -1 0 
183 1 0 0 478 469 -1 -1 -1 0 
184 1 0 0 479 468 -1 -1 -1 0 
185 1 0 0 479 467 -1 -1 -1 0 
186 1 0 0 479 466 -1 -1 -1 0 
187 1 0 0 478 468 -1 -1 -1 0 
188 1 0 0 479 468 -1 -1 -1 0 
189 1 0 0 479 468 -1 -1 -1 0 
190 1 0 0 480 468 -1 -1 -1 0 
191 1 0 0 480 468 -1 -1 -1 0 
192 1 0 0 480 468 -1 -1 -1 0 
193 1 0 0 480 467 -1 -1 -1 0 
194 1 0 0 479 467 -1 -1 -1 0 
195 1 0 0 478 467 -1 -1 -1 0 
196 1 0 1 477 466 -1 -1 -1 0 
197 1 0 1 477 466 -1 -1 -1 0 
198 1 0 1 476 467 -1 -1 -1 0 
199 1 0 1 477 467 -1 -1 -1 0 
200 1 0 1 477 469 -1 -1 -1 0 
201 1 0 2 478 467 -1 -1 -1 0 
202 1 0 1 478 469 -1 -1 -1 0 
203 1 0 1 478 468 -1 -1 -1 0 
204 1 0 0 477 468 -1 -1 -1 0 
205 1 0 0 476 468 -1 -1 -1 0 
206 1 0 0 475 469 -1 -1 -1 0 
207 1 0 0 476 470 -1 -1 -1 0 
208 1 0 0 476 470 -1 -1 -1 0 
209 1 0 0 476 470 -1 -1 -1 0 
210 1 0 3 475 468 -1 -1 -1 0 
211 1 0 4 472 469 -1 -1 -1 0 
212 1 5 3 470 469 -1 -1 -1 0 
213 1 5 3 470 471 -1 -1 -1 0 
214 1 3 4 474 470 -1 -1 -1 0 
215 1 2 0 478 476 -1 -1 -1 0 
216 1 2 0 475 477 -1 -1 -1 0 
217 1 2 0 475 478 -1 -1 -1 0 
218 1 1 0 477 479 -1 -1 -1 0 
219 1 2 3 472 473 -1 -1 -1 0 
220 1 0 0 476 475 -1 -1 -1 0 
221 1 1 3 473 469 -1 -1 -1 0 
222 1 1 3 473 469 -1 -1 -1 0 
223 1 1 2 473 470 -1 -1 -1 0 
224 1 0 3 477 474 -1 -1 -1 0 
225 1 0 3 477 474 -1 -1 -1 0 
226 1 0 3 483 476 -1 -1 -1 0 
227 1 0 7 485 470 -1 -1 -1 0 
228 1 0 10 485 468 -1 -1 -1 0 
229 1 0 9 482 469 -1 -1 -1 0 
230 1 0 10 482 468 -1 -1 -1 0 
231 1 0 10 484 469 -1 -1 -1 0 
232 1 0 11 485 468 -1 -1 -1 0 
233 1 0 12 484 466 -1 -1 -1 0 
234 1 0 13 484 465 -1 -1 -1 0 
235 1 0 13 483 465 -1 -1 -1 0 
236 1 1 14 483 465 -1 -1 -1 0 
237 1 0 14 484 465 -1 -1 -1 0 
238 1 1 11 483 468 -1 -1 -1 0 
239 1 0 11 484 468 -1 -1 -1 0 
240 1 0 12 486 467 -1 -1 -1 0 
241 1 0 12 486 467 -1 -1 -1 0 
242 1 0 14 485 465 -1 -1 -1 0 
243 1 0 15 485 464 -1 -1 -1 0 
244 1 3 13 478 466 -1 -1 -1 0 
245 1 2 13 478 466 -1 -1 -1 0 
246 1 2 13 478 466 -1 -1 -1 0 
247 1 2 6 477 470 -1 -1 -1 0 
248 1 1 6 477 470 -1 -1 -1 0 
249 1 1 5 480 470 -1 -1 -1 0 
250 1 2 3 478 472 -1 -1 -1 0 
251 1 1 3 480 472 -1 -1 -1 0 
252 1 2 3 479 472 -1 -1 -1 0 
253 1 1 2 480 473 -1 -1 -1 0 
254 1 1 3 480 472 -1 -1 -1 0 
255 1 1 1 481 475 -1 -1 -1 0 
256 1 2 4 479 471 -1 -1 -1 0 
257 1 3 4 478 471 -1 -1 -1 0 
258 1 2 4 479 471 -1 -1 -1 0 
259 1 1 4 479 472 -1 -1 -1 0 
260 1 1 3 479 472 -1 -1 -1 0 
261 1 0 3 479 472 -1 -1 -1 0 
262 1 0 3 480 472 -1 -1 -1 0 
263 1 0 3 480 472 -1 -1 -1 0 
264 1 1 3 478 473 -1 -1 -1 0 
265 1 1 1 477 474 -1 -1 -1 0 
266 1 2 1 476 474 -1 -1 -1 0 
267 1 0 2 480 472 -1 -1 -1 0 
268 1 1 3 479 471 -1 -1 -1 0 
269 1 1 3 480 471 -1 -1 -1 0 
270 1 0 4 481 471 -1 -1 -1 0 
271 1 0 4 480 470 -1 -1 -1 0 
272 1 0 4 479 470 -1 -1 -1 0 
273 1 0 4 480 471 -1 -1 -1 0 
274 1 0 4 480 471 -1 -1 -1 0 
275 1 0 5 480 471 -1 -1 -1 0 
276 1 0 3 480 473 -1 -1 -1 0 
277 1 0 4 480 472 -1 -1 -1 0 
278 1 0 4 479 471 -1 -1 -1 0 
279 1 0 6 481 469 -1 -1 -1 0 
280 1 0 6 480 470 -1 -1 -1 0 
