3 1 410 191 167 288 -1 -1 -1 0 
3 2 14 3 449 463 -1 -1 -1 0 
4 1 411 192 165 287 -1 -1 -1 0 
4 2 15 4 449 463 -1 -1 -1 0 
5 1 410 192 168 286 -1 -1 -1 0 
5 2 15 3 449 465 -1 -1 -1 0 
6 1 411 189 165 289 -1 -1 -1 0 
6 2 14 3 452 465 -1 -1 -1 0 
7 1 410 188 167 290 -1 -1 -1 0 
7 2 14 4 452 464 -1 -1 -1 0 
8 1 410 192 168 287 -1 -1 -1 0 
8 2 15 3 447 465 -1 -1 -1 0 
9 1 411 193 167 286 -1 -1 -1 0 
9 2 15 3 447 465 -1 -1 -1 0 
10 1 411 193 166 286 -1 -1 -1 0 
10 2 13 3 449 464 -1 -1 -1 0 
11 1 411 193 165 286 -1 -1 -1 0 
11 2 13 3 448 464 -1 -1 -1 0 
12 1 410 193 166 286 -1 -1 -1 0 
12 2 13 3 448 465 -1 -1 -1 0 
13 1 411 191 165 287 -1 -1 -1 0 
13 2 14 4 447 462 -1 -1 -1 0 
14 1 410 191 166 288 -1 -1 -1 0 
14 2 13 4 448 462 -1 -1 -1 0 
15 1 411 190 165 289 -1 -1 -1 0 
15 2 14 3 445 465 -1 -1 -1 0 
16 1 410 189 167 290 -1 -1 -1 0 
16 2 14 3 445 465 -1 -1 -1 0 
17 1 410 189 167 290 -1 -1 -1 0 
17 2 13 4 445 465 -1 -1 -1 0 
18 1 410 191 167 288 -1 -1 -1 0 
18 2 12 5 449 461 -1 -1 -1 0 
19 1 410 191 167 288 -1 -1 -1 0 
19 2 12 5 449 461 -1 -1 -1 0 
20 1 410 192 167 287 -1 -1 -1 0 
20 2 14 4 446 462 -1 -1 -1 0 
21 1 408 190 167 288 -1 -1 -1 0 
21 2 14 5 444 461 -1 -1 -1 0 
22 1 407 190 168 289 -1 -1 -1 0 
22 2 13 4 445 462 -1 -1 -1 0 
23 1 407 188 168 291 -1 -1 -1 0 
23 2 14 4 441 461 -1 -1 -1 0 
24 1 405 187 171 292 -1 -1 -1 0 
24 2 13 5 445 459 -1 -1 -1 0 
25 1 405 187 171 292 -1 -1 -1 0 
25 2 13 4 445 459 -1 -1 -1 0 
26 1 407 188 168 291 -1 -1 -1 0 
26 2 13 3 440 463 -1 -1 -1 0 
27 1 407 188 168 291 -1 -1 -1 0 
27 2 12 3 440 463 -1 -1 -1 0 
28 1 412 201 164 277 -1 -1 -1 0 
28 2 12 5 439 461 -1 -1 -1 0 
29 1 413 202 162 276 -1 -1 -1 0 
29 2 11 6 439 460 -1 -1 -1 0 
30 1 413 202 162 275 -1 -1 -1 0 
30 2 11 6 439 460 -1 -1 -1 0 
31 1 413 194 162 285 -1 -1 -1 0 
31 2 11 5 440 461 -1 -1 -1 0 
32 1 413 194 162 285 -1 -1 -1 0 
32 2 11 6 440 460 -1 -1 -1 0 
33 1 412 193 164 286 -1 -1 -1 0 
33 2 11 6 440 461 -1 -1 -1 0 
34 1 421 193 152 284 -1 -1 -1 0 
34 2 11 6 437 460 -1 -1 -1 0 
35 1 419 190 156 286 -1 -1 -1 0 
35 2 8 5 442 461 -1 -1 -1 0 
36 1 421 209 155 268 -1 -1 -1 0 
36 2 8 5 443 461 -1 -1 -1 0 
37 1 421 199 153 277 -1 -1 -1 0 
37 2 8 6 445 460 -1 -1 -1 0 
38 1 419 197 155 280 -1 -1 -1 0 
38 2 7 7 450 458 -1 -1 -1 0 
39 1 416 195 159 283 -1 -1 -1 0 
39 2 8 5 448 462 -1 -1 -1 0 
40 1 415 193 161 284 -1 -1 -1 0 
40 2 8 6 446 461 -1 -1 -1 0 
41 1 412 190 165 288 -1 -1 -1 0 
41 2 14 6 432 460 -1 -1 -1 0 
42 1 409 187 167 290 -1 -1 -1 0 
42 2 15 6 431 458 -1 -1 -1 0 
43 1 403 180 173 298 -1 -1 -1 0 
43 2 14 5 433 466 -1 -1 -1 0 
44 1 397 180 180 298 -1 -1 -1 0 
44 2 12 5 439 469 -1 -1 -1 0 
45 1 392 180 184 297 -1 -1 -1 0 
45 2 16 4 435 470 -1 -1 -1 0 
46 1 387 185 190 293 -1 -1 -1 0 
46 2 26 0 410 472 -1 -1 -1 0 
47 1 385 191 192 287 -1 -1 -1 0 
47 2 22 3 420 469 -1 -1 -1 0 
48 1 379 192 197 286 -1 -1 -1 0 
48 2 41 3 384 471 -1 -1 -1 0 
49 1 379 179 197 298 -1 -1 -1 0 
49 2 48 4 361 466 -1 -1 -1 0 
50 1 374 175 202 302 -1 -1 -1 0 
50 2 56 4 328 470 -1 -1 -1 0 
51 1 368 179 208 300 -1 -1 -1 0 
51 2 42 3 319 469 -1 -1 -1 0 
52 1 369 181 207 298 -1 -1 -1 0 
52 2 48 5 311 458 -1 -1 -1 0 
53 1 369 186 206 293 -1 -1 -1 0 
53 2 59 0 315 468 -1 -1 -1 0 
54 1 371 187 203 291 -1 -1 -1 0 
54 2 57 1 325 466 -1 -1 -1 0 
55 1 370 183 204 296 -1 -1 -1 0 
55 2 56 1 331 467 -1 -1 -1 0 
56 1 370 194 205 285 -1 -1 -1 0 
56 2 61 1 324 475 -1 -1 -1 0 
57 1 370 207 205 272 -1 -1 -1 0 
57 2 33 4 327 469 -1 -1 -1 0 
58 1 370 215 205 264 -1 -1 -1 0 
58 2 36 0 312 476 -1 -1 -1 0 
59 1 371 213 203 266 -1 -1 -1 0 
59 2 41 0 301 475 -1 -1 -1 0 
60 1 367 176 158 296 -1 -1 -1 0 
60 2 46 0 291 474 -1 -1 -1 0 
61 1 366 174 155 300 -1 -1 -1 0 
61 2 48 0 302 473 -1 -1 -1 0 
62 1 366 175 153 298 -1 -1 -1 0 
62 2 48 0 306 472 -1 -1 -1 0 
63 1 370 202 204 276 -1 -1 -1 0 
63 2 62 5 291 467 -1 -1 -1 0 
64 1 371 190 202 289 -1 -1 -1 0 
64 2 73 0 290 474 -1 -1 -1 0 
65 1 371 185 202 294 -1 -1 -1 0 
65 2 75 0 291 473 -1 -1 -1 0 
66 1 370 181 202 298 -1 -1 -1 0 
66 2 80 0 284 473 -1 -1 -1 0 
67 1 367 177 195 302 -1 -1 -1 0 
67 2 84 0 277 473 -1 -1 -1 0 
68 1 367 177 205 302 -1 -1 -1 0 
68 2 87 0 272 475 -1 -1 -1 0 
69 1 363 167 204 311 -1 -1 -1 0 
69 2 89 0 267 474 -1 -1 -1 0 
70 1 368 172 204 307 -1 -1 -1 0 
70 2 88 0 266 477 -1 -1 -1 0 
71 1 369 176 204 303 -1 -1 -1 0 
71 2 82 0 271 475 -1 -1 -1 0 
72 1 368 177 205 302 -1 -1 -1 0 
72 2 75 0 276 474 -1 -1 -1 0 
73 1 367 180 205 299 -1 -1 -1 0 
73 2 62 0 288 479 -1 -1 -1 0 
74 1 367 181 205 298 -1 -1 -1 0 
74 2 46 0 302 474 -1 -1 -1 0 
75 1 367 182 204 297 -1 -1 -1 0 
75 2 22 1 319 471 -1 -1 -1 0 
76 1 368 181 204 298 -1 -1 -1 0 
76 2 7 0 338 479 -1 -1 -1 0 
77 1 368 176 204 303 -1 -1 -1 0 
77 2 7 0 334 478 -1 -1 -1 0 
78 1 365 161 206 316 -1 -1 -1 0 
78 2 12 0 317 478 -1 -1 -1 0 
79 1 367 174 206 305 -1 -1 -1 0 
79 2 13 0 321 477 -1 -1 -1 0 
80 1 366 176 207 303 -1 -1 -1 0 
80 2 16 0 317 478 -1 -1 -1 0 
81 1 367 178 206 301 -1 -1 -1 0 
81 2 18 0 313 477 -1 -1 -1 0 
82 1 368 179 205 300 -1 -1 -1 0 
82 2 19 0 311 478 -1 -1 -1 0 
83 1 368 179 205 300 -1 -1 -1 0 
83 2 20 0 310 477 -1 -1 -1 0 
84 1 367 181 204 298 -1 -1 -1 0 
84 2 21 0 309 477 -1 -1 -1 0 
85 1 367 181 205 298 -1 -1 -1 0 
85 2 21 0 309 478 -1 -1 -1 0 
86 1 364 168 199 311 -1 -1 -1 0 
86 2 19 0 312 479 -1 -1 -1 0 
87 1 365 165 199 314 -1 -1 -1 0 
87 2 18 0 315 479 -1 -1 -1 0 
88 1 365 164 199 315 -1 -1 -1 0 
88 2 18 0 313 479 -1 -1 -1 0 
89 1 363 162 204 317 -1 -1 -1 0 
89 2 19 0 311 479 -1 -1 -1 0 
90 1 364 161 203 318 -1 -1 -1 0 
90 2 18 0 311 478 -1 -1 -1 0 
91 1 364 161 202 317 -1 -1 -1 0 
91 2 20 0 309 478 -1 -1 -1 0 
92 1 364 161 204 317 -1 -1 -1 0 
92 2 19 0 311 479 -1 -1 -1 0 
93 1 363 161 205 316 -1 -1 -1 0 
93 2 21 0 308 479 -1 -1 -1 0 
94 1 365 158 205 319 -1 -1 -1 0 
94 2 22 0 307 479 -1 -1 -1 0 
95 1 365 161 202 316 -1 -1 -1 0 
95 2 22 0 304 477 -1 -1 -1 0 
96 1 364 161 203 316 -1 -1 -1 0 
96 2 22 0 305 477 -1 -1 -1 0 
97 1 366 160 202 317 -1 -1 -1 0 
97 2 21 0 304 477 -1 -1 -1 0 
98 1 367 159 201 318 -1 -1 -1 0 
98 2 21 0 304 477 -1 -1 -1 0 
99 1 365 163 197 314 -1 -1 -1 0 
99 2 22 0 301 477 -1 -1 -1 0 
100 1 366 159 200 318 -1 -1 -1 0 
100 2 22 0 299 476 -1 -1 -1 0 
101 1 366 156 200 321 -1 -1 -1 0 
101 2 26 3 286 469 -1 -1 -1 0 
102 1 368 163 163 313 -1 -1 -1 0 
102 2 20 0 299 476 -1 -1 -1 0 
103 1 368 167 157 307 -1 -1 -1 0 
103 2 20 0 297 476 -1 -1 -1 0 
104 1 367 159 200 320 -1 -1 -1 0 
104 2 19 0 300 476 -1 -1 -1 0 
105 1 367 171 205 308 -1 -1 -1 0 
105 2 21 0 296 476 -1 -1 -1 0 
106 1 368 178 204 301 -1 -1 -1 0 
106 2 23 0 292 476 -1 -1 -1 0 
107 1 368 178 203 301 -1 -1 -1 0 
107 2 24 0 292 478 -1 -1 -1 0 
108 1 367 178 204 301 -1 -1 -1 0 
108 2 24 0 298 479 -1 -1 -1 0 
109 1 367 179 204 300 -1 -1 -1 0 
109 2 23 0 300 478 -1 -1 -1 0 
110 1 367 176 204 303 -1 -1 -1 0 
110 2 23 0 299 479 -1 -1 -1 0 
111 1 366 177 206 302 -1 -1 -1 0 
111 2 23 0 299 478 -1 -1 -1 0 
112 1 368 181 204 298 -1 -1 -1 0 
112 2 23 0 298 477 -1 -1 -1 0 
113 1 370 179 202 300 -1 -1 -1 0 
113 2 24 0 299 476 -1 -1 -1 0 
114 1 369 180 204 299 -1 -1 -1 0 
114 2 25 0 311 476 -1 -1 -1 0 
115 1 368 179 204 300 -1 -1 -1 0 
115 2 24 0 316 476 -1 -1 -1 0 
116 1 369 177 203 302 -1 -1 -1 0 
116 2 23 0 322 476 -1 -1 -1 0 
117 1 369 178 205 301 -1 -1 -1 0 
117 2 23 0 320 478 -1 -1 -1 0 
118 1 370 177 203 302 -1 -1 -1 0 
118 2 22 0 321 477 -1 -1 -1 0 
119 1 370 177 203 302 -1 -1 -1 0 
119 2 19 0 331 476 -1 -1 -1 0 
120 1 370 179 204 300 -1 -1 -1 0 
120 2 17 0 335 476 -1 -1 -1 0 
121 1 371 180 202 299 -1 -1 -1 0 
121 2 17 0 331 474 -1 -1 -1 0 
122 1 371 180 203 299 -1 -1 -1 0 
122 2 15 0 337 474 -1 -1 -1 0 
123 1 372 185 201 294 -1 -1 -1 0 
123 2 15 0 336 475 -1 -1 -1 0 
124 1 373 184 199 295 -1 -1 -1 0 
124 2 14 0 338 475 -1 -1 -1 0 
125 1 373 185 200 294 -1 -1 -1 0 
125 2 15 0 336 476 -1 -1 -1 0 
126 1 374 183 198 296 -1 -1 -1 0 
126 2 14 0 336 476 -1 -1 -1 0 
127 1 373 185 200 294 -1 -1 -1 0 
127 2 14 0 335 476 -1 -1 -1 0 
128 1 374 186 198 293 -1 -1 -1 0 
128 2 14 0 334 476 -1 -1 -1 0 
129 1 372 182 200 297 -1 -1 -1 0 
129 2 13 0 333 474 -1 -1 -1 0 
130 1 370 180 202 299 -1 -1 -1 0 
130 2 13 0 331 474 -1 -1 -1 0 
131 1 369 179 204 300 -1 -1 -1 0 
131 2 13 0 330 475 -1 -1 -1 0 
132 1 370 177 203 302 -1 -1 -1 0 
132 2 12 0 329 475 -1 -1 -1 0 
133 1 370 177 204 302 -1 -1 -1 0 
133 2 13 0 328 476 -1 -1 -1 0 
134 1 370 177 203 302 -1 -1 -1 0 
134 2 13 0 327 474 -1 -1 -1 0 
135 1 370 177 203 302 -1 -1 -1 0 
135 2 12 0 326 474 -1 -1 -1 0 
136 1 369 176 205 303 -1 -1 -1 0 
136 2 13 0 322 475 -1 -1 -1 0 
137 1 369 177 205 302 -1 -1 -1 0 
137 2 10 0 326 476 -1 -1 -1 0 
138 1 369 176 205 303 -1 -1 -1 0 
138 2 10 0 326 477 -1 -1 -1 0 
139 1 369 177 205 302 -1 -1 -1 0 
139 2 9 0 328 476 -1 -1 -1 0 
140 1 370 177 203 302 -1 -1 -1 0 
140 2 10 0 327 477 -1 -1 -1 0 
141 1 369 178 205 301 -1 -1 -1 0 
141 2 10 0 327 476 -1 -1 -1 0 
142 1 370 177 203 302 -1 -1 -1 0 
142 2 11 0 325 476 -1 -1 -1 0 
143 1 369 177 205 302 -1 -1 -1 0 
143 2 11 0 324 477 -1 -1 -1 0 
144 1 370 177 203 302 -1 -1 -1 0 
144 2 10 0 326 476 -1 -1 -1 0 
145 1 370 176 204 303 -1 -1 -1 0 
145 2 11 0 325 477 -1 -1 -1 0 
146 1 370 176 205 303 -1 -1 -1 0 
146 2 11 0 323 477 -1 -1 -1 0 
147 1 369 176 205 303 -1 -1 -1 0 
147 2 11 0 324 477 -1 -1 -1 0 
148 1 368 177 206 302 -1 -1 -1 0 
148 2 12 0 323 477 -1 -1 -1 0 
149 1 368 178 206 301 -1 -1 -1 0 
149 2 14 0 321 478 -1 -1 -1 0 
150 1 368 178 206 301 -1 -1 -1 0 
150 2 11 0 327 478 -1 -1 -1 0 
151 1 369 178 205 301 -1 -1 -1 0 
151 2 7 0 336 478 -1 -1 -1 0 
152 1 369 179 205 300 -1 -1 -1 0 
152 2 5 0 340 478 -1 -1 -1 0 
153 1 370 178 204 301 -1 -1 -1 0 
153 2 0 0 349 479 -1 -1 -1 0 
154 1 370 179 204 300 -1 -1 -1 0 
154 2 0 0 349 479 -1 -1 -1 0 
155 1 369 179 205 300 -1 -1 -1 0 
155 2 0 0 350 479 -1 -1 -1 0 
156 1 367 180 207 299 -1 -1 -1 0 
156 2 2 0 346 478 -1 -1 -1 0 
157 1 369 180 204 299 -1 -1 -1 0 
157 2 1 0 345 477 -1 -1 -1 0 
158 1 369 179 204 300 -1 -1 -1 0 
158 2 2 0 342 475 -1 -1 -1 0 
159 1 369 178 205 301 -1 -1 -1 0 
159 2 1 0 343 474 -1 -1 -1 0 
160 1 369 178 205 301 -1 -1 -1 0 
160 2 0 0 344 476 -1 -1 -1 0 
161 1 368 178 206 301 -1 -1 -1 0 
161 2 0 0 348 474 -1 -1 -1 0 
162 1 368 180 206 299 -1 -1 -1 0 
162 2 0 0 346 476 -1 -1 -1 0 
163 1 369 180 204 299 -1 -1 -1 0 
163 2 0 0 346 476 -1 -1 -1 0 
164 1 369 179 204 300 -1 -1 -1 0 
164 2 0 0 345 478 -1 -1 -1 0 
165 1 368 179 206 300 -1 -1 -1 0 
165 2 0 0 344 478 -1 -1 -1 0 
166 1 368 180 206 299 -1 -1 -1 0 
166 2 0 0 340 476 -1 -1 -1 0 
167 1 369 180 204 299 -1 -1 -1 0 
167 2 0 0 335 473 -1 -1 -1 0 
168 1 369 180 204 298 -1 -1 -1 0 
168 2 0 0 333 473 -1 -1 -1 0 
169 1 368 180 205 298 -1 -1 -1 0 
169 2 0 0 331 474 -1 -1 -1 0 
170 1 368 179 205 299 -1 -1 -1 0 
170 2 0 0 330 474 -1 -1 -1 0 
171 1 369 180 204 299 -1 -1 -1 0 
171 2 0 0 330 475 -1 -1 -1 0 
172 1 367 179 207 300 -1 -1 -1 0 
172 2 0 0 328 476 -1 -1 -1 0 
173 1 367 180 207 298 -1 -1 -1 0 
173 2 0 0 326 477 -1 -1 -1 0 
174 1 367 181 207 297 -1 -1 -1 0 
174 2 0 0 324 477 -1 -1 -1 0 
175 1 368 179 206 299 -1 -1 -1 0 
175 2 0 0 323 477 -1 -1 -1 0 
176 1 367 179 208 299 -1 -1 -1 0 
176 2 0 0 322 477 -1 -1 -1 0 
177 1 367 180 208 299 -1 -1 -1 0 
177 2 0 0 320 477 -1 -1 -1 0 
178 1 367 180 207 298 -1 -1 -1 0 
178 2 0 0 320 477 -1 -1 -1 0 
179 1 367 179 207 300 -1 -1 -1 0 
179 2 0 0 319 477 -1 -1 -1 0 
180 1 367 179 208 300 -1 -1 -1 0 
180 2 0 0 319 476 -1 -1 -1 0 
181 1 366 180 209 299 -1 -1 -1 0 
181 2 0 0 319 475 -1 -1 -1 0 
182 1 366 181 208 298 -1 -1 -1 0 
182 2 0 0 318 475 -1 -1 -1 0 
183 1 368 180 206 299 -1 -1 -1 0 
183 2 0 0 317 475 -1 -1 -1 0 
184 1 366 180 209 299 -1 -1 -1 0 
184 2 0 0 318 474 -1 -1 -1 0 
185 1 366 182 208 297 -1 -1 -1 0 
185 2 0 0 312 474 -1 -1 -1 0 
186 1 368 182 206 297 -1 -1 -1 0 
186 2 0 0 320 473 -1 -1 -1 0 
187 1 368 182 207 297 -1 -1 -1 0 
187 2 0 0 325 473 -1 -1 -1 0 
188 1 367 180 207 298 -1 -1 -1 0 
188 2 1 0 324 473 -1 -1 -1 0 
189 1 366 180 209 299 -1 -1 -1 0 
189 2 0 0 329 475 -1 -1 -1 0 
190 1 367 180 207 299 -1 -1 -1 0 
190 2 0 0 330 476 -1 -1 -1 0 
191 1 366 180 209 299 -1 -1 -1 0 
191 2 0 0 330 475 -1 -1 -1 0 
192 1 367 180 207 298 -1 -1 -1 0 
192 2 0 0 330 475 -1 -1 -1 0 
193 1 368 180 206 299 -1 -1 -1 0 
193 2 0 0 331 474 -1 -1 -1 0 
194 1 367 181 208 297 -1 -1 -1 0 
194 2 0 0 333 473 -1 -1 -1 0 
195 1 367 180 207 298 -1 -1 -1 0 
195 2 7 0 322 472 -1 -1 -1 0 
196 1 367 180 207 298 -1 -1 -1 0 
196 2 6 0 326 471 -1 -1 -1 0 
197 1 368 179 206 299 -1 -1 -1 0 
197 2 12 0 318 470 -1 -1 -1 0 
198 1 368 179 206 299 -1 -1 -1 0 
198 2 11 0 321 468 -1 -1 -1 0 
199 1 369 179 204 300 -1 -1 -1 0 
199 2 13 0 319 470 -1 -1 -1 0 
200 1 368 178 206 301 -1 -1 -1 0 
200 2 11 0 321 472 -1 -1 -1 0 
201 1 367 180 207 299 -1 -1 -1 0 
201 2 0 0 336 473 -1 -1 -1 0 
202 1 368 180 205 299 -1 -1 -1 0 
202 2 0 0 334 473 -1 -1 -1 0 
203 1 367 178 206 301 -1 -1 -1 0 
203 2 0 0 331 471 -1 -1 -1 0 
204 1 367 177 206 302 -1 -1 -1 0 
204 2 1 0 327 471 -1 -1 -1 0 
205 1 366 179 208 300 -1 -1 -1 0 
205 2 0 0 336 469 -1 -1 -1 0 
206 1 367 180 207 299 -1 -1 -1 0 
206 2 3 0 331 469 -1 -1 -1 0 
207 1 367 181 206 298 -1 -1 -1 0 
207 2 3 0 332 470 -1 -1 -1 0 
208 1 368 182 205 297 -1 -1 -1 0 
208 2 9 0 324 477 -1 -1 -1 0 
209 1 368 183 205 296 -1 -1 -1 0 
209 2 22 0 301 475 -1 -1 -1 0 
210 1 369 184 203 294 -1 -1 -1 0 
210 2 20 1 301 474 -1 -1 -1 0 
211 1 368 183 204 295 -1 -1 -1 0 
211 2 24 0 294 476 -1 -1 -1 0 
212 1 368 182 204 296 -1 -1 -1 0 
212 2 30 0 283 479 -1 -1 -1 0 
213 1 368 181 204 297 -1 -1 -1 0 
213 2 30 0 282 479 -1 -1 -1 0 
214 1 368 181 205 297 -1 -1 -1 0 
214 2 31 0 280 479 -1 -1 -1 0 
215 1 368 182 206 296 -1 -1 -1 0 
215 2 31 0 279 479 -1 -1 -1 0 
216 1 368 182 205 296 -1 -1 -1 0 
216 2 35 0 260 479 -1 -1 -1 0 
217 1 368 182 205 296 -1 -1 -1 0 
217 2 31 0 279 479 -1 -1 -1 0 
218 1 367 183 206 296 -1 -1 -1 0 
218 2 36 0 253 479 -1 -1 -1 0 
219 1 367 182 206 296 -1 -1 -1 0 
219 2 35 0 247 479 -1 -1 -1 0 
220 1 367 182 207 296 -1 -1 -1 0 
220 2 35 1 280 478 -1 -1 -1 0 
221 1 368 180 206 299 -1 -1 -1 0 
221 2 39 4 287 475 -1 -1 -1 0 
222 1 370 182 204 297 -1 -1 -1 0 
222 2 40 2 283 477 -1 -1 -1 0 
223 1 370 183 204 296 -1 -1 -1 0 
223 2 42 2 271 476 -1 -1 -1 0 
224 1 370 182 202 297 -1 -1 -1 0 
224 2 42 0 240 479 -1 -1 -1 0 
225 1 369 181 204 298 -1 -1 -1 0 
225 2 39 0 251 479 -1 -1 -1 0 
226 1 367 181 207 298 -1 -1 -1 0 
226 2 39 0 277 479 -1 -1 -1 0 
227 1 367 181 207 298 -1 -1 -1 0 
227 2 38 0 297 479 -1 -1 -1 0 
228 1 367 181 207 298 -1 -1 -1 0 
228 2 41 0 291 479 -1 -1 -1 0 
229 1 368 180 206 299 -1 -1 -1 0 
229 2 42 0 292 479 -1 -1 -1 0 
230 1 368 180 207 299 -1 -1 -1 0 
230 2 39 0 321 479 -1 -1 -1 0 
231 1 370 180 205 299 -1 -1 -1 0 
231 2 40 0 302 477 -1 -1 -1 0 
232 1 371 180 204 299 -1 -1 -1 0 
232 2 43 2 269 473 -1 -1 -1 0 
233 1 369 180 205 299 -1 -1 -1 0 
233 2 34 8 284 468 -1 -1 -1 0 
234 1 369 180 204 299 -1 -1 -1 0 
234 2 36 9 278 467 -1 -1 -1 0 
235 1 368 180 206 299 -1 -1 -1 0 
235 2 20 1 300 474 -1 -1 -1 0 
236 1 369 180 204 299 -1 -1 -1 0 
236 2 21 2 299 469 -1 -1 -1 0 
237 1 370 180 204 299 -1 -1 -1 0 
237 2 18 0 307 467 -1 -1 -1 0 
238 1 369 179 205 300 -1 -1 -1 0 
238 2 24 0 295 466 -1 -1 -1 0 
239 1 369 179 205 300 -1 -1 -1 0 
239 2 27 5 289 458 -1 -1 -1 0 
240 1 370 179 204 300 -1 -1 -1 0 
240 2 34 9 280 451 -1 -1 -1 0 
241 1 368 180 206 299 -1 -1 -1 0 
241 2 42 11 270 449 -1 -1 -1 0 
242 1 368 181 205 298 -1 -1 -1 0 
242 2 33 1 286 464 -1 -1 -1 0 
243 1 368 183 205 296 -1 -1 -1 0 
243 2 30 0 288 464 -1 -1 -1 0 
244 1 367 182 206 297 -1 -1 -1 0 
244 2 31 0 287 468 -1 -1 -1 0 
245 1 368 181 205 298 -1 -1 -1 0 
245 2 34 0 286 471 -1 -1 -1 0 
246 1 369 179 204 300 -1 -1 -1 0 
246 2 48 4 262 459 -1 -1 -1 0 
247 1 370 180 205 299 -1 -1 -1 0 
247 2 48 3 264 460 -1 -1 -1 0 
248 1 369 178 204 301 -1 -1 -1 0 
248 2 50 2 262 462 -1 -1 -1 0 
249 1 368 180 206 299 -1 -1 -1 0 
249 2 50 2 263 464 -1 -1 -1 0 
250 1 368 181 206 298 -1 -1 -1 0 
250 2 50 0 263 467 -1 -1 -1 0 
251 1 369 182 204 297 -1 -1 -1 0 
251 2 50 0 263 466 -1 -1 -1 0 
252 1 368 182 204 297 -1 -1 -1 0 
252 2 51 1 259 464 -1 -1 -1 0 
253 1 369 181 204 298 -1 -1 -1 0 
253 2 49 0 263 467 -1 -1 -1 0 
254 1 368 181 206 298 -1 -1 -1 0 
254 2 52 0 259 469 -1 -1 -1 0 
255 1 367 180 206 299 -1 -1 -1 0 
255 2 54 0 257 469 -1 -1 -1 0 
256 1 368 181 205 298 -1 -1 -1 0 
256 2 51 0 263 467 -1 -1 -1 0 
257 1 368 182 204 297 -1 -1 -1 0 
257 2 54 1 259 465 -1 -1 -1 0 
258 1 368 181 205 298 -1 -1 -1 0 
258 2 48 1 267 465 -1 -1 -1 0 
259 1 369 183 204 296 -1 -1 -1 0 
259 2 41 0 281 470 -1 -1 -1 0 
260 1 370 183 202 296 -1 -1 -1 0 
260 2 39 0 282 467 -1 -1 -1 0 
261 1 370 183 203 296 -1 -1 -1 0 
261 2 40 0 280 469 -1 -1 -1 0 
262 1 369 183 204 296 -1 -1 -1 0 
262 2 40 0 279 469 -1 -1 -1 0 
263 1 369 183 203 296 -1 -1 -1 0 
263 2 50 2 256 465 -1 -1 -1 0 
264 1 368 182 205 297 -1 -1 -1 0 
264 2 56 4 245 462 -1 -1 -1 0 
265 1 367 181 207 298 -1 -1 -1 0 
265 2 41 0 275 468 -1 -1 -1 0 
266 1 367 181 206 298 -1 -1 -1 0 
266 2 55 0 249 467 -1 -1 -1 0 
267 1 369 179 204 300 -1 -1 -1 0 
267 2 55 0 250 469 -1 -1 -1 0 
268 1 367 180 207 299 -1 -1 -1 0 
268 2 53 0 253 472 -1 -1 -1 0 
269 1 368 181 205 298 -1 -1 -1 0 
269 2 50 0 258 473 -1 -1 -1 0 
270 1 368 181 205 298 -1 -1 -1 0 
270 2 45 0 269 469 -1 -1 -1 0 
271 1 369 180 204 299 -1 -1 -1 0 
271 2 59 0 247 470 -1 -1 -1 0 
272 1 369 180 204 299 -1 -1 -1 0 
272 2 59 0 248 470 -1 -1 -1 0 
273 1 368 181 206 298 -1 -1 -1 0 
273 2 57 0 252 470 -1 -1 -1 0 
274 1 368 182 205 297 -1 -1 -1 0 
274 2 47 0 271 467 -1 -1 -1 0 
275 1 369 179 204 300 -1 -1 -1 0 
275 2 62 0 243 469 -1 -1 -1 0 
276 1 369 179 204 300 -1 -1 -1 0 
276 2 60 0 248 470 -1 -1 -1 0 
277 1 368 178 206 301 -1 -1 -1 0 
277 2 47 0 272 467 -1 -1 -1 0 
278 1 369 179 205 300 -1 -1 -1 0 
278 2 46 0 272 467 -1 -1 -1 0 
279 1 369 179 206 300 -1 -1 -1 0 
279 2 58 0 250 471 -1 -1 -1 0 
280 1 368 179 207 300 -1 -1 -1 0 
280 2 44 0 273 465 -1 -1 -1 0 
281 1 369 179 205 300 -1 -1 -1 0 
281 2 44 0 273 466 -1 -1 -1 0 
282 1 370 179 204 300 -1 -1 -1 0 
282 2 59 0 250 471 -1 -1 -1 0 
283 1 369 179 206 300 -1 -1 -1 0 
283 2 60 0 248 472 -1 -1 -1 0 
284 1 369 179 206 300 -1 -1 -1 0 
284 2 60 0 250 471 -1 -1 -1 0 
285 1 368 180 208 299 -1 -1 -1 0 
285 2 60 0 250 471 -1 -1 -1 0 
286 1 369 181 206 298 -1 -1 -1 0 
286 2 59 0 251 472 -1 -1 -1 0 
287 1 368 181 207 298 -1 -1 -1 0 
287 2 59 0 252 473 -1 -1 -1 0 
288 1 369 181 206 298 -1 -1 -1 0 
288 2 60 0 252 473 -1 -1 -1 0 
289 1 369 180 207 299 -1 -1 -1 0 
289 2 62 0 248 472 -1 -1 -1 0 
290 1 368 181 209 298 -1 -1 -1 0 
290 2 62 0 249 472 -1 -1 -1 0 
291 1 370 182 207 297 -1 -1 -1 0 
291 2 60 0 253 472 -1 -1 -1 0 
292 1 369 184 208 295 -1 -1 -1 0 
292 2 60 0 253 472 -1 -1 -1 0 
293 1 369 183 207 296 -1 -1 -1 0 
293 2 61 0 253 471 -1 -1 -1 0 
294 1 371 183 206 296 -1 -1 -1 0 
294 2 62 0 250 470 -1 -1 -1 0 
295 1 371 187 207 292 -1 -1 -1 0 
295 2 60 0 254 470 -1 -1 -1 0 
296 1 371 187 206 292 -1 -1 -1 0 
296 2 69 11 234 456 -1 -1 -1 0 
297 1 376 184 196 292 -1 -1 -1 0 
297 2 63 7 246 461 -1 -1 -1 0 
298 1 377 185 195 290 -1 -1 -1 0 
298 2 54 0 258 471 -1 -1 -1 0 
299 1 376 188 198 286 -1 -1 -1 0 
299 2 52 0 262 471 -1 -1 -1 0 
300 1 379 190 194 285 -1 -1 -1 0 
300 2 57 1 255 468 -1 -1 -1 0 
301 1 380 194 195 281 -1 -1 -1 0 
301 2 48 0 273 469 -1 -1 -1 0 
302 1 381 197 193 278 -1 -1 -1 0 
302 2 46 0 275 468 -1 -1 -1 0 
303 1 380 199 194 276 -1 -1 -1 0 
303 2 57 0 256 471 -1 -1 -1 0 
304 1 379 201 197 274 -1 -1 -1 0 
304 2 57 0 257 472 -1 -1 -1 0 
305 1 380 203 195 272 -1 -1 -1 0 
305 2 43 0 277 470 -1 -1 -1 0 
306 1 379 206 197 270 -1 -1 -1 0 
306 2 40 0 280 470 -1 -1 -1 0 
307 1 380 208 194 268 -1 -1 -1 0 
307 2 39 0 280 469 -1 -1 -1 0 
308 1 381 208 192 269 -1 -1 -1 0 
308 2 40 0 277 468 -1 -1 -1 0 
309 1 382 206 190 271 -1 -1 -1 0 
309 2 42 0 273 468 -1 -1 -1 0 
310 1 381 206 191 270 -1 -1 -1 0 
310 2 41 0 274 468 -1 -1 -1 0 
311 1 380 206 192 269 -1 -1 -1 0 
311 2 42 0 271 467 -1 -1 -1 0 
312 1 381 207 191 268 -1 -1 -1 0 
312 2 38 0 275 468 -1 -1 -1 0 
313 1 381 207 192 268 -1 -1 -1 0 
313 2 35 0 278 470 -1 -1 -1 0 
314 1 380 207 194 267 -1 -1 -1 0 
314 2 33 0 275 472 -1 -1 -1 0 
315 1 380 203 195 269 -1 -1 -1 0 
315 2 31 0 275 473 -1 -1 -1 0 
316 1 380 203 195 269 -1 -1 -1 0 
316 2 31 0 274 471 -1 -1 -1 0 
317 1 380 201 195 271 -1 -1 -1 0 
317 2 29 0 274 467 -1 -1 -1 0 
318 1 381 199 194 273 -1 -1 -1 0 
318 2 29 0 273 467 -1 -1 -1 0 
319 1 379 197 196 275 -1 -1 -1 0 
319 2 30 0 270 467 -1 -1 -1 0 
320 1 378 200 199 273 -1 -1 -1 0 
320 2 29 0 270 468 -1 -1 -1 0 
321 1 376 200 200 271 -1 -1 -1 0 
321 2 27 0 272 469 -1 -1 -1 0 
322 1 376 191 199 280 -1 -1 -1 0 
322 2 26 0 271 469 -1 -1 -1 0 
323 1 375 190 201 282 -1 -1 -1 0 
323 2 25 0 273 469 -1 -1 -1 0 
324 1 374 188 202 284 -1 -1 -1 0 
324 2 26 0 270 470 -1 -1 -1 0 
325 1 372 186 205 285 -1 -1 -1 0 
325 2 25 0 270 469 -1 -1 -1 0 
326 1 372 185 204 293 -1 -1 -1 0 
326 2 23 0 273 473 -1 -1 -1 0 
327 1 374 187 202 292 -1 -1 -1 0 
327 2 25 0 271 474 -1 -1 -1 0 
328 1 373 187 203 292 -1 -1 -1 0 
328 2 26 0 270 476 -1 -1 -1 0 
329 1 373 186 202 293 -1 -1 -1 0 
329 2 25 0 270 477 -1 -1 -1 0 
330 1 371 184 204 295 -1 -1 -1 0 
330 2 23 1 271 475 -1 -1 -1 0 
331 1 373 183 200 296 -1 -1 -1 0 
331 2 23 0 270 476 -1 -1 -1 0 
332 1 372 185 202 294 -1 -1 -1 0 
332 2 24 0 264 476 -1 -1 -1 0 
333 1 371 185 202 294 -1 -1 -1 0 
333 2 24 0 263 476 -1 -1 -1 0 
334 1 370 186 204 293 -1 -1 -1 0 
334 2 22 0 269 474 -1 -1 -1 0 
335 1 368 186 208 293 -1 -1 -1 0 
335 2 22 0 269 474 -1 -1 -1 0 
336 1 369 185 207 294 -1 -1 -1 0 
336 2 23 0 268 472 -1 -1 -1 0 
337 1 368 187 209 291 -1 -1 -1 0 
337 2 23 0 269 473 -1 -1 -1 0 
338 1 369 188 207 290 -1 -1 -1 0 
338 2 24 0 268 473 -1 -1 -1 0 
339 1 370 187 206 290 -1 -1 -1 0 
339 2 24 0 269 473 -1 -1 -1 0 
340 1 370 186 206 292 -1 -1 -1 0 
340 2 24 0 269 473 -1 -1 -1 0 
341 1 371 185 205 294 -1 -1 -1 0 
341 2 25 0 268 474 -1 -1 -1 0 
342 1 369 187 208 292 -1 -1 -1 0 
342 2 26 1 268 473 -1 -1 -1 0 
343 1 369 187 208 291 -1 -1 -1 0 
343 2 26 1 268 473 -1 -1 -1 0 
344 1 370 187 206 290 -1 -1 -1 0 
344 2 27 0 268 474 -1 -1 -1 0 
345 1 371 188 205 290 -1 -1 -1 0 
345 2 26 1 270 472 -1 -1 -1 0 
346 1 371 188 205 291 -1 -1 -1 0 
346 2 26 0 264 474 -1 -1 -1 0 
347 1 372 188 203 290 -1 -1 -1 0 
347 2 25 0 265 474 -1 -1 -1 0 
348 1 372 188 203 291 -1 -1 -1 0 
348 2 22 1 274 470 -1 -1 -1 0 
349 1 372 187 203 292 -1 -1 -1 0 
349 2 21 1 276 469 -1 -1 -1 0 
350 1 372 186 204 293 -1 -1 -1 0 
350 2 22 2 272 467 -1 -1 -1 0 
351 1 372 184 204 295 -1 -1 -1 0 
351 2 23 3 266 466 -1 -1 -1 0 
352 1 372 185 204 294 -1 -1 -1 0 
352 2 25 5 260 464 -1 -1 -1 0 
353 1 373 188 203 291 -1 -1 -1 0 
353 2 24 3 268 464 -1 -1 -1 0 
354 1 375 188 200 290 -1 -1 -1 0 
354 2 25 8 265 459 -1 -1 -1 0 
355 1 378 195 158 274 -1 -1 -1 0 
355 2 40 8 268 458 -1 -1 -1 0 
356 1 376 189 198 289 -1 -1 -1 0 
356 2 40 0 289 467 -1 -1 -1 0 
357 1 376 189 199 289 -1 -1 -1 0 
357 2 17 0 322 473 -1 -1 -1 0 
358 1 375 189 200 290 -1 -1 -1 0 
358 2 9 0 330 474 -1 -1 -1 0 
359 1 377 189 198 290 -1 -1 -1 0 
359 2 9 0 322 474 -1 -1 -1 0 
360 1 378 190 198 289 -1 -1 -1 0 
360 2 13 0 313 477 -1 -1 -1 0 
361 1 380 190 196 289 -1 -1 -1 0 
361 2 15 0 310 477 -1 -1 -1 0 
362 1 379 189 197 290 -1 -1 -1 0 
362 2 17 0 308 477 -1 -1 -1 0 
363 1 377 189 199 290 -1 -1 -1 0 
363 2 19 0 307 473 -1 -1 -1 0 
364 1 377 189 199 290 -1 -1 -1 0 
364 2 14 0 315 474 -1 -1 -1 0 
365 1 377 189 198 290 -1 -1 -1 0 
365 2 9 0 319 473 -1 -1 -1 0 
366 1 376 188 200 291 -1 -1 -1 0 
366 2 9 0 319 472 -1 -1 -1 0 
367 1 375 188 200 291 -1 -1 -1 0 
367 2 4 0 338 472 -1 -1 -1 0 
368 1 376 189 199 290 -1 -1 -1 0 
368 2 4 0 336 472 -1 -1 -1 0 
369 1 378 188 197 291 -1 -1 -1 0 
369 2 1 0 337 473 -1 -1 -1 0 
370 1 374 188 201 291 -1 -1 -1 0 
370 2 1 0 321 472 -1 -1 -1 0 
371 1 375 188 200 291 -1 -1 -1 0 
371 2 1 0 314 471 -1 -1 -1 0 
372 1 375 183 200 295 -1 -1 -1 0 
372 2 2 2 308 470 -1 -1 -1 0 
373 1 375 192 201 287 -1 -1 -1 0 
373 2 3 3 306 471 -1 -1 -1 0 
374 1 376 188 200 291 -1 -1 -1 0 
374 2 3 5 318 465 -1 -1 -1 0 
375 1 375 188 200 291 -1 -1 -1 0 
375 2 3 0 331 474 -1 -1 -1 0 
376 1 375 187 200 292 -1 -1 -1 0 
376 2 1 0 348 474 -1 -1 -1 0 
377 1 375 188 200 291 -1 -1 -1 0 
377 2 19 0 334 470 -1 -1 -1 0 
378 1 375 188 199 290 -1 -1 -1 0 
378 2 20 0 334 469 -1 -1 -1 0 
379 1 376 191 198 288 -1 -1 -1 0 
379 2 38 0 319 479 -1 -1 -1 0 
380 1 375 192 198 287 -1 -1 -1 0 
380 2 46 0 309 478 -1 -1 -1 0 
381 1 375 189 199 290 -1 -1 -1 0 
381 2 62 0 284 478 -1 -1 -1 0 
382 1 374 189 198 290 -1 -1 -1 0 
382 2 67 0 277 479 -1 -1 -1 0 
383 1 374 187 198 292 -1 -1 -1 0 
383 2 74 0 266 479 -1 -1 -1 0 
384 1 374 186 199 293 -1 -1 -1 0 
384 2 75 0 264 476 -1 -1 -1 0 
385 1 372 188 201 291 -1 -1 -1 0 
385 2 74 0 263 477 -1 -1 -1 0 
386 1 373 188 200 291 -1 -1 -1 0 
386 2 73 0 264 478 -1 -1 -1 0 
387 1 375 183 199 296 -1 -1 -1 0 
387 2 70 0 262 477 -1 -1 -1 0 
388 1 373 182 201 297 -1 -1 -1 0 
388 2 70 0 257 473 -1 -1 -1 0 
389 1 372 182 201 297 -1 -1 -1 0 
389 2 70 0 252 479 -1 -1 -1 0 
390 1 372 182 201 297 -1 -1 -1 0 
390 2 70 0 250 478 -1 -1 -1 0 
391 1 379 186 156 287 -1 -1 -1 0 
391 2 71 0 248 470 -1 -1 -1 0 
392 1 377 186 158 286 -1 -1 -1 0 
392 2 73 0 244 468 -1 -1 -1 0 
393 1 371 182 201 297 -1 -1 -1 0 
393 2 77 0 240 466 -1 -1 -1 0 
394 1 371 181 204 298 -1 -1 -1 0 
394 2 81 0 236 468 -1 -1 -1 0 
395 1 378 183 159 292 -1 -1 -1 0 
395 2 88 0 233 473 -1 -1 -1 0 
396 1 377 183 158 292 -1 -1 -1 0 
396 2 89 0 233 473 -1 -1 -1 0 
397 1 370 179 203 300 -1 -1 -1 0 
397 2 93 0 233 473 -1 -1 -1 0 
398 1 371 179 204 300 -1 -1 -1 0 
398 2 95 0 234 474 -1 -1 -1 0 
399 1 371 180 203 299 -1 -1 -1 0 
399 2 97 0 238 476 -1 -1 -1 0 
400 1 371 181 204 298 -1 -1 -1 0 
400 2 99 0 238 478 -1 -1 -1 0 
401 1 371 181 205 298 -1 -1 -1 0 
401 2 105 2 237 467 -1 -1 -1 0 
402 1 371 181 204 298 -1 -1 -1 0 
402 2 110 0 235 469 -1 -1 -1 0 
403 1 372 180 202 299 -1 -1 -1 0 
403 2 113 0 234 479 -1 -1 -1 0 
404 1 372 179 203 300 -1 -1 -1 0 
404 2 119 0 230 479 -1 -1 -1 0 
405 1 372 179 203 300 -1 -1 -1 0 
405 2 122 0 232 473 -1 -1 -1 0 
406 1 372 179 201 300 -1 -1 -1 0 
406 2 125 0 229 473 -1 -1 -1 0 
407 1 371 180 202 299 -1 -1 -1 0 
407 2 126 0 230 473 -1 -1 -1 0 
408 1 373 178 200 301 -1 -1 -1 0 
408 2 132 0 227 475 -1 -1 -1 0 
409 1 372 177 203 302 -1 -1 -1 0 
409 2 134 0 228 476 -1 -1 -1 0 
410 1 370 177 206 302 -1 -1 -1 0 
410 2 137 0 225 476 -1 -1 -1 0 
411 1 371 177 204 302 -1 -1 -1 0 
411 2 140 0 223 477 -1 -1 -1 0 
412 1 370 177 204 302 -1 -1 -1 0 
412 2 143 0 221 475 -1 -1 -1 0 
413 1 370 178 204 301 -1 -1 -1 0 
413 2 144 0 221 474 -1 -1 -1 0 
414 1 370 178 204 301 -1 -1 -1 0 
414 2 145 0 220 474 -1 -1 -1 0 
415 1 370 179 204 300 -1 -1 -1 0 
415 2 146 0 218 474 -1 -1 -1 0 
416 1 370 179 203 300 -1 -1 -1 0 
416 2 146 0 218 474 -1 -1 -1 0 
417 1 370 178 203 301 -1 -1 -1 0 
417 2 146 0 217 474 -1 -1 -1 0 
418 1 370 182 204 297 -1 -1 -1 0 
418 2 144 0 218 474 -1 -1 -1 0 
419 1 370 183 203 296 -1 -1 -1 0 
419 2 143 0 218 474 -1 -1 -1 0 
420 1 371 185 203 293 -1 -1 -1 0 
420 2 140 0 220 473 -1 -1 -1 0 
421 1 372 185 200 293 -1 -1 -1 0 
421 2 138 0 222 474 -1 -1 -1 0 
422 1 373 185 199 294 -1 -1 -1 0 
422 2 138 0 223 474 -1 -1 -1 0 
423 1 373 182 199 297 -1 -1 -1 0 
423 2 133 0 226 476 -1 -1 -1 0 
424 1 372 181 201 298 -1 -1 -1 0 
424 2 130 0 226 477 -1 -1 -1 0 
425 1 372 180 201 299 -1 -1 -1 0 
425 2 128 0 223 478 -1 -1 -1 0 
426 1 371 180 202 299 -1 -1 -1 0 
426 2 123 0 225 479 -1 -1 -1 0 
427 1 371 180 202 299 -1 -1 -1 0 
427 2 121 0 224 479 -1 -1 -1 0 
428 1 370 181 204 298 -1 -1 -1 0 
428 2 117 0 220 478 -1 -1 -1 0 
429 1 370 181 204 298 -1 -1 -1 0 
429 2 114 0 213 479 -1 -1 -1 0 
430 1 371 180 203 299 -1 -1 -1 0 
430 2 111 0 213 478 -1 -1 -1 0 
431 1 370 180 205 299 -1 -1 -1 0 
431 2 107 0 215 475 -1 -1 -1 0 
432 1 371 182 203 297 -1 -1 -1 0 
432 2 102 0 216 474 -1 -1 -1 0 
433 1 372 182 201 297 -1 -1 -1 0 
433 2 97 0 219 473 -1 -1 -1 0 
434 1 372 182 201 297 -1 -1 -1 0 
434 2 94 0 219 473 -1 -1 -1 0 
435 1 372 182 201 297 -1 -1 -1 0 
435 2 91 0 222 474 -1 -1 -1 0 
436 1 372 182 201 297 -1 -1 -1 0 
436 2 91 0 220 473 -1 -1 -1 0 
437 1 371 182 203 297 -1 -1 -1 0 
437 2 89 0 222 471 -1 -1 -1 0 
438 1 371 182 202 297 -1 -1 -1 0 
438 2 87 0 222 470 -1 -1 -1 0 
439 1 370 182 204 297 -1 -1 -1 0 
439 2 85 0 225 473 -1 -1 -1 0 
440 1 371 181 203 298 -1 -1 -1 0 
440 2 86 0 223 473 -1 -1 -1 0 
441 1 371 182 203 297 -1 -1 -1 0 
441 2 88 0 222 471 -1 -1 -1 0 
442 1 372 182 202 297 -1 -1 -1 0 
442 2 90 0 221 471 -1 -1 -1 0 
443 1 379 181 157 293 -1 -1 -1 0 
443 2 92 0 222 472 -1 -1 -1 0 
444 1 379 181 155 293 -1 -1 -1 0 
444 2 93 0 222 472 -1 -1 -1 0 
445 1 379 184 154 289 -1 -1 -1 0 
445 2 94 0 225 473 -1 -1 -1 0 
446 1 371 184 202 295 -1 -1 -1 0 
446 2 97 0 225 474 -1 -1 -1 0 
447 1 370 187 205 292 -1 -1 -1 0 
447 2 99 0 224 475 -1 -1 -1 0 
448 1 369 179 207 300 -1 -1 -1 0 
448 2 98 0 230 474 -1 -1 -1 0 
449 1 369 182 208 297 -1 -1 -1 0 
449 2 101 0 229 477 -1 -1 -1 0 
450 1 370 186 206 293 -1 -1 -1 0 
450 2 103 0 229 477 -1 -1 -1 0 
451 1 369 191 206 288 -1 -1 -1 0 
451 2 106 0 227 476 -1 -1 -1 0 
452 1 370 192 205 287 -1 -1 -1 0 
452 2 108 0 228 476 -1 -1 -1 0 
453 1 372 196 202 283 -1 -1 -1 0 
453 2 112 0 227 477 -1 -1 -1 0 
454 1 373 192 201 287 -1 -1 -1 0 
454 2 114 0 228 479 -1 -1 -1 0 
455 1 372 188 202 291 -1 -1 -1 0 
455 2 113 0 229 479 -1 -1 -1 0 
456 1 372 188 202 291 -1 -1 -1 0 
456 2 114 0 228 472 -1 -1 -1 0 
457 1 371 188 203 291 -1 -1 -1 0 
457 2 115 0 229 479 -1 -1 -1 0 
458 1 372 185 201 294 -1 -1 -1 0 
458 2 117 0 228 479 -1 -1 -1 0 
459 1 371 185 202 294 -1 -1 -1 0 
459 2 117 0 228 479 -1 -1 -1 0 
460 1 371 185 202 294 -1 -1 -1 0 
460 2 118 0 226 479 -1 -1 -1 0 
461 1 371 189 202 290 -1 -1 -1 0 
461 2 121 0 222 479 -1 -1 -1 0 
462 1 372 196 202 283 -1 -1 -1 0 
462 2 125 0 219 479 -1 -1 -1 0 
463 1 373 194 201 285 -1 -1 -1 0 
463 2 127 0 217 479 -1 -1 -1 0 
464 1 372 199 202 280 -1 -1 -1 0 
464 2 128 0 218 479 -1 -1 -1 0 
465 1 370 171 165 306 -1 -1 -1 0 
465 2 128 0 221 479 -1 -1 -1 0 
466 1 369 168 164 310 -1 -1 -1 0 
466 2 129 0 221 479 -1 -1 -1 0 
467 1 368 168 165 310 -1 -1 -1 0 
467 2 129 0 224 479 -1 -1 -1 0 
468 1 368 168 168 310 -1 -1 -1 0 
468 2 128 0 229 474 -1 -1 -1 0 
469 1 371 188 202 291 -1 -1 -1 0 
469 2 128 0 230 473 -1 -1 -1 0 
470 1 371 179 202 300 -1 -1 -1 0 
470 2 129 0 229 474 -1 -1 -1 0 
471 1 371 176 201 303 -1 -1 -1 0 
471 2 130 0 227 474 -1 -1 -1 0 
472 1 372 174 202 305 -1 -1 -1 0 
472 2 131 0 226 474 -1 -1 -1 0 
473 1 372 174 203 305 -1 -1 -1 0 
473 2 131 0 225 473 -1 -1 -1 0 
474 1 371 176 201 303 -1 -1 -1 0 
474 2 130 0 228 473 -1 -1 -1 0 
475 1 370 178 202 301 -1 -1 -1 0 
475 2 129 0 228 473 -1 -1 -1 0 
476 1 372 187 201 292 -1 -1 -1 0 
476 2 128 0 228 472 -1 -1 -1 0 
477 1 373 183 200 296 -1 -1 -1 0 
477 2 127 0 228 473 -1 -1 -1 0 
478 1 373 180 200 299 -1 -1 -1 0 
478 2 127 0 227 479 -1 -1 -1 0 
479 1 374 178 199 301 -1 -1 -1 0 
479 2 126 0 227 474 -1 -1 -1 0 
480 1 372 178 201 301 -1 -1 -1 0 
480 2 125 0 226 478 -1 -1 -1 0 
481 1 370 179 202 300 -1 -1 -1 0 
481 2 124 0 226 479 -1 -1 -1 0 
482 1 369 182 203 297 -1 -1 -1 0 
482 2 123 0 226 479 -1 -1 -1 0 
483 1 370 183 200 296 -1 -1 -1 0 
483 2 123 0 226 479 -1 -1 -1 0 
484 1 372 182 198 297 -1 -1 -1 0 
484 2 122 0 227 479 -1 -1 -1 0 
485 1 374 182 196 297 -1 -1 -1 0 
485 2 121 0 229 479 -1 -1 -1 0 
486 1 376 182 195 297 -1 -1 -1 0 
486 2 121 0 228 479 -1 -1 -1 0 
487 1 376 183 192 296 -1 -1 -1 0 
487 2 122 0 227 479 -1 -1 -1 0 
488 1 373 184 192 295 -1 -1 -1 0 
488 2 123 0 226 479 -1 -1 -1 0 
489 1 371 184 193 295 -1 -1 -1 0 
489 2 123 0 226 479 -1 -1 -1 0 
490 1 371 184 191 295 -1 -1 -1 0 
490 2 124 0 224 479 -1 -1 -1 0 
491 1 372 183 187 296 -1 -1 -1 0 
491 2 124 0 225 479 -1 -1 -1 0 
492 1 372 181 187 298 -1 -1 -1 0 
492 2 124 0 225 479 -1 -1 -1 0 
493 1 374 181 185 298 -1 -1 -1 0 
493 2 123 0 226 479 -1 -1 -1 0 
494 1 375 181 185 298 -1 -1 -1 0 
494 2 124 0 226 479 -1 -1 -1 0 
495 1 377 179 183 300 -1 -1 -1 0 
495 2 124 0 227 479 -1 -1 -1 0 
496 1 373 181 188 298 -1 -1 -1 0 
496 2 124 0 228 479 -1 -1 -1 0 
497 1 375 180 185 299 -1 -1 -1 0 
497 2 124 0 228 479 -1 -1 -1 0 
498 1 375 181 185 298 -1 -1 -1 0 
498 2 124 0 227 479 -1 -1 -1 0 
499 1 376 182 184 297 -1 -1 -1 0 
499 2 124 0 227 479 -1 -1 -1 0 
500 1 383 178 176 299 -1 -1 -1 0 
500 2 124 0 226 479 -1 -1 -1 0 
501 1 383 178 177 298 -1 -1 -1 0 
501 2 125 0 226 479 -1 -1 -1 0 
502 1 383 179 177 297 -1 -1 -1 0 
502 2 124 0 226 479 -1 -1 -1 0 
503 1 383 179 177 297 -1 -1 -1 0 
503 2 124 0 226 479 -1 -1 -1 0 
504 1 382 180 178 296 -1 -1 -1 0 
504 2 124 0 227 479 -1 -1 -1 0 
505 1 382 180 178 296 -1 -1 -1 0 
505 2 123 0 227 479 -1 -1 -1 0 
506 1 383 180 176 296 -1 -1 -1 0 
506 2 122 0 229 479 -1 -1 -1 0 
507 1 382 179 178 297 -1 -1 -1 0 
507 2 122 0 229 479 -1 -1 -1 0 
508 1 382 179 177 297 -1 -1 -1 0 
508 2 123 0 228 479 -1 -1 -1 0 
509 1 382 179 178 297 -1 -1 -1 0 
509 2 122 0 229 479 -1 -1 -1 0 
510 1 383 179 178 297 -1 -1 -1 0 
510 2 123 0 228 479 -1 -1 -1 0 
511 1 383 178 177 299 -1 -1 -1 0 
511 2 121 0 230 479 -1 -1 -1 0 
512 1 382 178 179 300 -1 -1 -1 0 
512 2 121 0 230 479 -1 -1 -1 0 
513 1 373 181 188 298 -1 -1 -1 0 
513 2 122 0 230 479 -1 -1 -1 0 
514 1 374 181 186 298 -1 -1 -1 0 
514 2 122 0 230 479 -1 -1 -1 0 
515 1 374 181 186 298 -1 -1 -1 0 
515 2 122 0 230 479 -1 -1 -1 0 
516 1 374 181 187 298 -1 -1 -1 0 
516 2 121 0 231 479 -1 -1 -1 0 
517 1 374 182 186 297 -1 -1 -1 0 
517 2 123 0 228 479 -1 -1 -1 0 
518 1 374 183 186 296 -1 -1 -1 0 
518 2 123 0 230 479 -1 -1 -1 0 
519 1 382 176 179 303 -1 -1 -1 0 
519 2 123 0 230 479 -1 -1 -1 0 
520 1 382 176 180 303 -1 -1 -1 0 
520 2 122 0 231 479 -1 -1 -1 0 
521 1 382 177 180 302 -1 -1 -1 0 
521 2 123 0 230 479 -1 -1 -1 0 
522 1 383 177 178 302 -1 -1 -1 0 
522 2 124 0 227 479 -1 -1 -1 0 
523 1 384 177 177 302 -1 -1 -1 0 
523 2 125 0 226 479 -1 -1 -1 0 
524 1 376 184 184 295 -1 -1 -1 0 
524 2 125 0 228 479 -1 -1 -1 0 
525 1 374 184 186 295 -1 -1 -1 0 
525 2 125 0 228 479 -1 -1 -1 0 
526 1 375 183 184 296 -1 -1 -1 0 
526 2 124 0 229 479 -1 -1 -1 0 
527 1 375 183 185 296 -1 -1 -1 0 
527 2 124 0 229 479 -1 -1 -1 0 
528 1 376 184 184 295 -1 -1 -1 0 
528 2 124 0 229 479 -1 -1 -1 0 
529 1 376 183 184 296 -1 -1 -1 0 
529 2 122 0 232 472 -1 -1 -1 0 
530 1 374 183 187 296 -1 -1 -1 0 
530 2 122 0 231 471 -1 -1 -1 0 
531 1 375 183 185 296 -1 -1 -1 0 
531 2 124 0 229 479 -1 -1 -1 0 
532 1 373 183 188 296 -1 -1 -1 0 
532 2 123 0 231 479 -1 -1 -1 0 
533 1 373 183 187 296 -1 -1 -1 0 
533 2 123 0 230 479 -1 -1 -1 0 
534 1 374 184 186 295 -1 -1 -1 0 
534 2 122 0 230 479 -1 -1 -1 0 
535 1 374 186 187 293 -1 -1 -1 0 
535 2 123 0 230 479 -1 -1 -1 0 
536 1 374 187 187 292 -1 -1 -1 0 
536 2 121 0 232 479 -1 -1 -1 0 
537 1 375 186 185 293 -1 -1 -1 0 
537 2 122 0 230 479 -1 -1 -1 0 
538 1 375 188 187 291 -1 -1 -1 0 
538 2 122 0 230 479 -1 -1 -1 0 
539 1 374 189 187 290 -1 -1 -1 0 
539 2 124 0 228 479 -1 -1 -1 0 
540 1 375 188 185 291 -1 -1 -1 0 
540 2 123 0 229 479 -1 -1 -1 0 
541 1 375 188 185 291 -1 -1 -1 0 
541 2 123 0 229 479 -1 -1 -1 0 
542 1 383 184 177 294 -1 -1 -1 0 
542 2 122 0 231 479 -1 -1 -1 0 
543 1 383 181 177 296 -1 -1 -1 0 
543 2 122 0 230 479 -1 -1 -1 0 
544 1 384 180 176 298 -1 -1 -1 0 
544 2 121 0 230 479 -1 -1 -1 0 
545 1 384 179 176 299 -1 -1 -1 0 
545 2 121 0 230 479 -1 -1 -1 0 
546 1 384 178 177 301 -1 -1 -1 0 
546 2 123 0 225 473 -1 -1 -1 0 
547 1 384 177 178 302 -1 -1 -1 0 
547 2 122 0 223 471 -1 -1 -1 0 
548 1 383 177 180 302 -1 -1 -1 0 
548 2 121 0 222 470 -1 -1 -1 0 
549 1 383 178 179 301 -1 -1 -1 0 
549 2 120 0 225 479 -1 -1 -1 0 
550 1 383 179 179 299 -1 -1 -1 0 
550 2 118 0 228 479 -1 -1 -1 0 
551 1 384 180 178 298 -1 -1 -1 0 
551 2 117 0 230 479 -1 -1 -1 0 
552 1 384 179 179 299 -1 -1 -1 0 
552 2 119 0 226 479 -1 -1 -1 0 
553 1 385 179 177 299 -1 -1 -1 0 
553 2 119 0 226 479 -1 -1 -1 0 
554 1 385 179 177 300 -1 -1 -1 0 
554 2 119 0 226 479 -1 -1 -1 0 
555 1 383 179 180 299 -1 -1 -1 0 
555 2 119 0 226 479 -1 -1 -1 0 
556 1 384 180 179 298 -1 -1 -1 0 
556 2 119 0 226 479 -1 -1 -1 0 
557 1 385 179 177 299 -1 -1 -1 0 
557 2 119 0 226 479 -1 -1 -1 0 
558 1 383 179 180 300 -1 -1 -1 0 
558 2 119 0 226 479 -1 -1 -1 0 
559 1 383 180 180 299 -1 -1 -1 0 
559 2 119 0 227 479 -1 -1 -1 0 
560 1 383 180 179 298 -1 -1 -1 0 
560 2 118 0 227 479 -1 -1 -1 0 
561 1 377 186 183 293 -1 -1 -1 0 
561 2 118 0 227 479 -1 -1 -1 0 
562 1 376 187 184 292 -1 -1 -1 0 
562 2 116 0 230 479 -1 -1 -1 0 
563 1 385 180 176 299 -1 -1 -1 0 
563 2 111 0 236 478 -1 -1 -1 0 
564 1 383 179 179 300 -1 -1 -1 0 
564 2 109 0 237 479 -1 -1 -1 0 
565 1 384 179 177 299 -1 -1 -1 0 
565 2 107 0 238 479 -1 -1 -1 0 
566 1 383 178 179 300 -1 -1 -1 0 
566 2 106 0 239 479 -1 -1 -1 0 
567 1 384 178 177 300 -1 -1 -1 0 
567 2 106 0 238 473 -1 -1 -1 0 
568 1 383 178 179 300 -1 -1 -1 0 
568 2 107 0 236 472 -1 -1 -1 0 
569 1 383 178 179 300 -1 -1 -1 0 
569 2 109 0 232 472 -1 -1 -1 0 
570 1 383 178 179 300 -1 -1 -1 0 
570 2 110 0 229 478 -1 -1 -1 0 
571 1 383 177 179 302 -1 -1 -1 0 
571 2 109 0 227 478 -1 -1 -1 0 
572 1 383 176 179 303 -1 -1 -1 0 
572 2 105 0 229 476 -1 -1 -1 0 
573 1 383 177 179 302 -1 -1 -1 0 
573 2 102 0 228 475 -1 -1 -1 0 
574 1 384 178 178 301 -1 -1 -1 0 
574 2 100 0 227 476 -1 -1 -1 0 
575 1 383 179 180 300 -1 -1 -1 0 
575 2 96 0 231 475 -1 -1 -1 0 
576 1 385 177 177 302 -1 -1 -1 0 
576 2 94 0 233 475 -1 -1 -1 0 
577 1 383 177 179 302 -1 -1 -1 0 
577 2 92 0 235 474 -1 -1 -1 0 
578 1 383 177 180 302 -1 -1 -1 0 
578 2 90 0 237 473 -1 -1 -1 0 
579 1 384 178 178 301 -1 -1 -1 0 
579 2 90 0 236 473 -1 -1 -1 0 
580 1 382 178 181 301 -1 -1 -1 0 
580 2 89 0 237 476 -1 -1 -1 0 
581 1 382 179 181 300 -1 -1 -1 0 
581 2 102 3 230 462 -1 -1 -1 0 
582 1 383 178 179 301 -1 -1 -1 0 
582 2 101 0 230 476 -1 -1 -1 0 
583 1 383 177 179 302 -1 -1 -1 0 
583 2 104 0 229 478 -1 -1 -1 0 
584 1 382 177 180 302 -1 -1 -1 0 
584 2 105 0 231 478 -1 -1 -1 0 
585 1 383 178 180 301 -1 -1 -1 0 
585 2 109 0 228 479 -1 -1 -1 0 
586 1 384 179 179 300 -1 -1 -1 0 
586 2 123 5 225 470 -1 -1 -1 0 
587 1 383 179 180 300 -1 -1 -1 0 
587 2 126 8 227 463 -1 -1 -1 0 
588 1 383 180 180 298 -1 -1 -1 0 
588 2 135 11 220 458 -1 -1 -1 0 
589 1 384 180 178 298 -1 -1 -1 0 
589 2 151 17 214 457 -1 -1 -1 0 
590 1 382 181 181 297 -1 -1 -1 0 
590 2 164 26 203 444 -1 -1 -1 0 
591 1 382 181 181 296 -1 -1 -1 0 
591 2 171 27 198 442 -1 -1 -1 0 
592 1 382 182 179 294 -1 -1 -1 0 
592 2 172 29 198 439 -1 -1 -1 0 
593 1 383 181 179 296 -1 -1 -1 0 
593 2 174 30 198 441 -1 -1 -1 0 
594 1 382 180 179 298 -1 -1 -1 0 
594 2 171 34 202 437 -1 -1 -1 0 
595 1 372 179 190 300 -1 -1 -1 0 
595 2 170 34 200 436 -1 -1 -1 0 
596 1 369 177 192 302 -1 -1 -1 0 
596 2 170 36 199 433 -1 -1 -1 0 
597 1 370 175 193 304 -1 -1 -1 0 
597 2 169 39 199 429 -1 -1 -1 0 
598 1 371 167 188 312 -1 -1 -1 0 
598 2 168 38 195 431 -1 -1 -1 0 
599 1 367 168 192 311 -1 -1 -1 0 
599 2 161 42 196 425 -1 -1 -1 0 
600 1 365 168 195 311 -1 -1 -1 0 
600 2 155 44 197 426 -1 -1 -1 0 
601 1 365 169 196 310 -1 -1 -1 0 
601 2 150 45 199 425 -1 -1 -1 0 
602 1 364 169 198 310 -1 -1 -1 0 
602 2 145 47 199 422 -1 -1 -1 0 
603 1 368 173 197 306 -1 -1 -1 0 
603 2 139 47 198 422 -1 -1 -1 0 
604 1 368 173 198 306 -1 -1 -1 0 
604 2 137 48 196 427 -1 -1 -1 0 
605 1 367 172 200 307 -1 -1 -1 0 
605 2 135 50 192 424 -1 -1 -1 0 
606 1 366 172 203 307 -1 -1 -1 0 
606 2 132 49 191 425 -1 -1 -1 0 
607 1 367 172 202 307 -1 -1 -1 0 
607 2 126 50 195 423 -1 -1 -1 0 
608 1 368 172 201 307 -1 -1 -1 0 
608 2 122 50 196 424 -1 -1 -1 0 
609 1 368 177 202 302 -1 -1 -1 0 
609 2 115 48 203 422 -1 -1 -1 0 
610 1 368 179 202 300 -1 -1 -1 0 
610 2 110 48 208 418 -1 -1 -1 0 
611 1 368 178 201 301 -1 -1 -1 0 
611 2 97 49 222 420 -1 -1 -1 0 
612 1 368 176 201 303 -1 -1 -1 0 
612 2 79 46 238 428 -1 -1 -1 0 
613 1 368 175 202 304 -1 -1 -1 0 
613 2 59 43 257 431 -1 -1 -1 0 
614 1 366 175 204 304 -1 -1 -1 0 
614 2 71 41 242 424 -1 -1 -1 0 
615 1 366 177 204 302 -1 -1 -1 0 
615 2 60 41 252 423 -1 -1 -1 0 
616 1 367 177 203 302 -1 -1 -1 0 
616 2 58 31 250 439 -1 -1 -1 0 
617 1 368 176 202 303 -1 -1 -1 0 
617 2 57 31 250 439 -1 -1 -1 0 
618 1 367 178 203 301 -1 -1 -1 0 
618 2 57 26 249 444 -1 -1 -1 0 
619 1 367 179 203 300 -1 -1 -1 0 
619 2 56 22 251 447 -1 -1 -1 0 
620 1 367 181 203 298 -1 -1 -1 0 
620 2 56 21 251 448 -1 -1 -1 0 
621 1 368 182 202 297 -1 -1 -1 0 
621 2 56 18 251 453 -1 -1 -1 0 
622 1 369 175 200 304 -1 -1 -1 0 
622 2 54 16 251 455 -1 -1 -1 0 
623 1 369 175 200 304 -1 -1 -1 0 
623 2 50 13 255 459 -1 -1 -1 0 
624 1 368 176 200 303 -1 -1 -1 0 
624 2 46 8 259 466 -1 -1 -1 0 
625 1 367 177 202 302 -1 -1 -1 0 
625 2 45 0 259 472 -1 -1 -1 0 
626 1 366 176 203 303 -1 -1 -1 0 
626 2 46 6 248 461 -1 -1 -1 0 
627 1 366 175 202 304 -1 -1 -1 0 
627 2 40 5 252 464 -1 -1 -1 0 
628 1 365 174 203 305 -1 -1 -1 0 
628 2 33 2 255 469 -1 -1 -1 0 
629 1 365 175 203 304 -1 -1 -1 0 
629 2 30 0 255 471 -1 -1 -1 0 
630 1 367 179 200 300 -1 -1 -1 0 
630 2 30 0 240 472 -1 -1 -1 0 
631 1 367 179 201 300 -1 -1 -1 0 
631 2 30 0 234 474 -1 -1 -1 0 
632 1 366 178 202 301 -1 -1 -1 0 
632 2 29 0 226 475 -1 -1 -1 0 
633 1 365 178 205 301 -1 -1 -1 0 
633 2 30 0 220 476 -1 -1 -1 0 
634 1 365 180 204 299 -1 -1 -1 0 
634 2 24 0 221 479 -1 -1 -1 0 
635 1 367 182 200 297 -1 -1 -1 0 
635 2 22 0 217 472 -1 -1 -1 0 
636 1 367 183 200 296 -1 -1 -1 0 
636 2 19 0 219 474 -1 -1 -1 0 
637 1 368 185 201 294 -1 -1 -1 0 
637 2 18 0 219 476 -1 -1 -1 0 
638 1 371 186 198 293 -1 -1 -1 0 
638 2 17 0 220 476 -1 -1 -1 0 
639 1 369 187 197 292 -1 -1 -1 0 
639 2 14 0 225 475 -1 -1 -1 0 
640 1 370 187 197 292 -1 -1 -1 0 
640 2 14 0 227 477 -1 -1 -1 0 
641 1 370 186 197 293 -1 -1 -1 0 
641 2 15 0 226 475 -1 -1 -1 0 
642 1 372 185 196 294 -1 -1 -1 0 
642 2 15 0 231 477 -1 -1 -1 0 
643 1 372 182 196 297 -1 -1 -1 0 
643 2 16 0 232 476 -1 -1 -1 0 
644 1 380 174 190 305 -1 -1 -1 0 
644 2 18 0 232 475 -1 -1 -1 0 
645 1 381 175 189 304 -1 -1 -1 0 
645 2 23 0 235 477 -1 -1 -1 0 
646 1 373 183 195 296 -1 -1 -1 0 
646 2 25 0 237 474 -1 -1 -1 0 
647 1 372 184 196 295 -1 -1 -1 0 
647 2 28 0 239 475 -1 -1 -1 0 
648 1 371 184 197 295 -1 -1 -1 0 
648 2 32 0 238 476 -1 -1 -1 0 
649 1 370 182 197 297 -1 -1 -1 0 
649 2 34 0 235 476 -1 -1 -1 0 
650 1 379 171 192 308 -1 -1 -1 0 
650 2 38 0 231 479 -1 -1 -1 0 
651 1 378 171 194 308 -1 -1 -1 0 
651 2 39 0 231 479 -1 -1 -1 0 
652 1 370 178 198 301 -1 -1 -1 0 
652 2 41 0 229 479 -1 -1 -1 0 
653 1 371 179 196 300 -1 -1 -1 0 
653 2 41 0 230 477 -1 -1 -1 0 
654 1 379 171 191 308 -1 -1 -1 0 
654 2 41 0 232 476 -1 -1 -1 0 
655 1 380 170 191 308 -1 -1 -1 0 
655 2 40 0 234 476 -1 -1 -1 0 
656 1 381 169 189 310 -1 -1 -1 0 
656 2 41 0 234 476 -1 -1 -1 0 
657 1 379 169 193 310 -1 -1 -1 0 
657 2 41 0 235 476 -1 -1 -1 0 
658 1 381 169 189 310 -1 -1 -1 0 
658 2 40 0 236 475 -1 -1 -1 0 
659 1 379 170 193 309 -1 -1 -1 0 
659 2 40 0 235 476 -1 -1 -1 0 
660 1 379 171 193 307 -1 -1 -1 0 
660 2 42 0 233 476 -1 -1 -1 0 
661 1 379 171 192 308 -1 -1 -1 0 
661 2 44 0 230 474 -1 -1 -1 0 
662 1 371 180 197 299 -1 -1 -1 0 
662 2 45 0 229 475 -1 -1 -1 0 
663 1 378 173 193 306 -1 -1 -1 0 
663 2 46 0 229 475 -1 -1 -1 0 
664 1 371 181 196 298 -1 -1 -1 0 
664 2 46 0 229 475 -1 -1 -1 0 
665 1 371 182 196 297 -1 -1 -1 0 
665 2 45 0 231 476 -1 -1 -1 0 
666 1 379 172 192 307 -1 -1 -1 0 
666 2 44 0 231 476 -1 -1 -1 0 
667 1 379 173 192 306 -1 -1 -1 0 
667 2 42 0 234 476 -1 -1 -1 0 
668 1 379 173 192 305 -1 -1 -1 0 
668 2 41 0 235 475 -1 -1 -1 0 
669 1 380 173 189 305 -1 -1 -1 0 
669 2 40 0 235 476 -1 -1 -1 0 
670 1 379 172 191 306 -1 -1 -1 0 
670 2 40 0 235 476 -1 -1 -1 0 
671 1 380 172 190 306 -1 -1 -1 0 
671 2 41 0 234 476 -1 -1 -1 0 
672 1 379 175 192 304 -1 -1 -1 0 
672 2 42 0 233 477 -1 -1 -1 0 
673 1 380 175 190 303 -1 -1 -1 0 
673 2 41 0 234 477 -1 -1 -1 0 
674 1 380 174 190 305 -1 -1 -1 0 
674 2 41 0 235 477 -1 -1 -1 0 
675 1 378 174 193 305 -1 -1 -1 0 
675 2 41 0 234 479 -1 -1 -1 0 
676 1 380 174 190 304 -1 -1 -1 0 
676 2 40 0 235 479 -1 -1 -1 0 
677 1 379 173 191 305 -1 -1 -1 0 
677 2 40 0 236 479 -1 -1 -1 0 
678 1 379 173 191 306 -1 -1 -1 0 
678 2 40 0 237 479 -1 -1 -1 0 
679 1 379 173 191 306 -1 -1 -1 0 
679 2 42 0 234 479 -1 -1 -1 0 
680 1 379 173 191 306 -1 -1 -1 0 
680 2 42 0 233 478 -1 -1 -1 0 
681 1 379 173 192 306 -1 -1 -1 0 
681 2 43 0 232 479 -1 -1 -1 0 
682 1 379 174 192 305 -1 -1 -1 0 
682 2 44 0 232 479 -1 -1 -1 0 
683 1 380 174 191 304 -1 -1 -1 0 
683 2 44 0 232 479 -1 -1 -1 0 
684 1 381 174 189 304 -1 -1 -1 0 
684 2 45 0 230 479 -1 -1 -1 0 
685 1 379 174 192 305 -1 -1 -1 0 
685 2 45 0 230 478 -1 -1 -1 0 
686 1 380 176 191 302 -1 -1 -1 0 
686 2 45 0 230 477 -1 -1 -1 0 
687 1 381 177 189 301 -1 -1 -1 0 
687 2 45 0 230 476 -1 -1 -1 0 
688 1 381 176 188 301 -1 -1 -1 0 
688 2 45 0 230 476 -1 -1 -1 0 
689 1 381 176 188 302 -1 -1 -1 0 
689 2 44 0 232 477 -1 -1 -1 0 
690 1 381 176 188 302 -1 -1 -1 0 
690 2 44 0 231 476 -1 -1 -1 0 
691 1 380 176 189 303 -1 -1 -1 0 
691 2 45 0 230 476 -1 -1 -1 0 
692 1 382 174 186 304 -1 -1 -1 0 
692 2 44 0 231 476 -1 -1 -1 0 
693 1 381 174 188 305 -1 -1 -1 0 
693 2 45 0 230 477 -1 -1 -1 0 
694 1 381 174 189 305 -1 -1 -1 0 
694 2 46 0 230 477 -1 -1 -1 0 
695 1 381 174 188 305 -1 -1 -1 0 
695 2 46 0 230 476 -1 -1 -1 0 
696 1 381 174 189 304 -1 -1 -1 0 
696 2 46 0 230 477 -1 -1 -1 0 
697 1 381 175 189 303 -1 -1 -1 0 
697 2 46 0 230 477 -1 -1 -1 0 
698 1 381 175 188 302 -1 -1 -1 0 
698 2 46 0 230 477 -1 -1 -1 0 
699 1 381 175 187 303 -1 -1 -1 0 
699 2 46 0 230 477 -1 -1 -1 0 
700 1 381 174 187 304 -1 -1 -1 0 
700 2 46 0 229 477 -1 -1 -1 0 
701 1 381 175 188 302 -1 -1 -1 0 
701 2 47 0 229 477 -1 -1 -1 0 
702 1 381 175 187 302 -1 -1 -1 0 
702 2 47 0 229 479 -1 -1 -1 0 
703 1 382 174 186 303 -1 -1 -1 0 
703 2 46 0 230 478 -1 -1 -1 0 
704 1 380 174 189 303 -1 -1 -1 0 
704 2 46 0 230 479 -1 -1 -1 0 
705 1 382 174 186 303 -1 -1 -1 0 
705 2 44 0 231 479 -1 -1 -1 0 
706 1 382 174 188 304 -1 -1 -1 0 
706 2 43 0 232 478 -1 -1 -1 0 
707 1 381 174 188 304 -1 -1 -1 0 
707 2 44 0 230 476 -1 -1 -1 0 
708 1 379 174 190 304 -1 -1 -1 0 
708 2 43 0 233 475 -1 -1 -1 0 
709 1 380 174 188 304 -1 -1 -1 0 
709 2 42 0 233 474 -1 -1 -1 0 
710 1 379 174 190 304 -1 -1 -1 0 
710 2 41 0 234 474 -1 -1 -1 0 
711 1 381 172 188 306 -1 -1 -1 0 
711 2 44 0 234 474 -1 -1 -1 0 
712 1 379 172 192 307 -1 -1 -1 0 
712 2 49 0 223 474 -1 -1 -1 0 
713 1 370 181 197 298 -1 -1 -1 0 
713 2 50 0 221 475 -1 -1 -1 0 
714 1 370 187 199 292 -1 -1 -1 0 
714 2 47 0 224 475 -1 -1 -1 0 
715 1 370 179 197 300 -1 -1 -1 0 
715 2 46 0 225 474 -1 -1 -1 0 
716 1 370 177 197 302 -1 -1 -1 0 
716 2 46 0 223 473 -1 -1 -1 0 
717 1 369 177 198 302 -1 -1 -1 0 
717 2 44 0 227 475 -1 -1 -1 0 
718 1 369 177 198 302 -1 -1 -1 0 
718 2 42 0 229 474 -1 -1 -1 0 
719 1 368 177 199 302 -1 -1 -1 0 
719 2 43 0 227 474 -1 -1 -1 0 
720 1 369 177 198 302 -1 -1 -1 0 
720 2 43 0 227 474 -1 -1 -1 0 
721 1 369 178 199 301 -1 -1 -1 0 
721 2 43 0 226 475 -1 -1 -1 0 
722 1 369 177 198 302 -1 -1 -1 0 
722 2 43 0 227 474 -1 -1 -1 0 
723 1 370 177 197 302 -1 -1 -1 0 
723 2 43 0 228 473 -1 -1 -1 0 
724 1 371 177 196 302 -1 -1 -1 0 
724 2 43 0 228 474 -1 -1 -1 0 
725 1 371 177 197 302 -1 -1 -1 0 
725 2 43 0 229 473 -1 -1 -1 0 
726 1 370 176 197 303 -1 -1 -1 0 
726 2 43 0 230 473 -1 -1 -1 0 
727 1 369 176 199 303 -1 -1 -1 0 
727 2 43 0 230 473 -1 -1 -1 0 
728 1 370 176 197 303 -1 -1 -1 0 
728 2 43 0 229 473 -1 -1 -1 0 
729 1 369 177 199 302 -1 -1 -1 0 
729 2 42 0 232 474 -1 -1 -1 0 
730 1 370 177 197 302 -1 -1 -1 0 
730 2 42 0 232 474 -1 -1 -1 0 
731 1 370 177 198 302 -1 -1 -1 0 
731 2 42 0 231 474 -1 -1 -1 0 
732 1 370 178 197 301 -1 -1 -1 0 
732 2 43 0 230 474 -1 -1 -1 0 
733 1 370 178 198 301 -1 -1 -1 0 
733 2 43 0 232 475 -1 -1 -1 0 
734 1 370 178 198 301 -1 -1 -1 0 
734 2 44 0 231 475 -1 -1 -1 0 
735 1 371 178 196 301 -1 -1 -1 0 
735 2 45 0 230 475 -1 -1 -1 0 
736 1 372 180 197 299 -1 -1 -1 0 
736 2 42 0 237 478 -1 -1 -1 0 
737 1 372 179 196 300 -1 -1 -1 0 
737 2 43 0 237 478 -1 -1 -1 0 
738 1 372 179 196 300 -1 -1 -1 0 
738 2 44 0 236 478 -1 -1 -1 0 
739 1 372 176 196 303 -1 -1 -1 0 
739 2 43 0 238 477 -1 -1 -1 0 
740 1 371 177 197 302 -1 -1 -1 0 
740 2 43 0 240 477 -1 -1 -1 0 
741 1 371 176 196 303 -1 -1 -1 0 
741 2 44 0 238 475 -1 -1 -1 0 
742 1 370 176 198 303 -1 -1 -1 0 
742 2 44 0 238 475 -1 -1 -1 0 
743 1 372 175 195 304 -1 -1 -1 0 
743 2 45 0 235 476 -1 -1 -1 0 
744 1 371 174 197 305 -1 -1 -1 0 
744 2 45 0 237 477 -1 -1 -1 0 
745 1 370 174 199 305 -1 -1 -1 0 
745 2 45 0 239 475 -1 -1 -1 0 
746 1 372 174 196 305 -1 -1 -1 0 
746 2 47 0 235 475 -1 -1 -1 0 
747 1 372 174 196 305 -1 -1 -1 0 
747 2 47 0 234 475 -1 -1 -1 0 
748 1 372 175 196 304 -1 -1 -1 0 
748 2 47 0 233 474 -1 -1 -1 0 
749 1 369 175 199 304 -1 -1 -1 0 
749 2 46 0 234 474 -1 -1 -1 0 
750 1 369 174 198 305 -1 -1 -1 0 
750 2 46 0 233 475 -1 -1 -1 0 
751 1 370 174 197 305 -1 -1 -1 0 
751 2 46 0 234 474 -1 -1 -1 0 
752 1 370 174 198 305 -1 -1 -1 0 
752 2 47 0 232 473 -1 -1 -1 0 
753 1 370 174 198 305 -1 -1 -1 0 
753 2 46 0 232 473 -1 -1 -1 0 
754 1 370 173 198 306 -1 -1 -1 0 
754 2 46 0 233 474 -1 -1 -1 0 
755 1 371 173 197 306 -1 -1 -1 0 
755 2 47 0 229 474 -1 -1 -1 0 
756 1 370 173 198 306 -1 -1 -1 0 
756 2 50 0 222 473 -1 -1 -1 0 
757 1 372 170 195 309 -1 -1 -1 0 
757 2 49 0 223 472 -1 -1 -1 0 
758 1 372 169 195 310 -1 -1 -1 0 
758 2 45 0 232 472 -1 -1 -1 0 
759 1 368 172 200 307 -1 -1 -1 0 
759 2 43 0 234 472 -1 -1 -1 0 
760 1 372 170 194 309 -1 -1 -1 0 
760 2 44 0 229 474 -1 -1 -1 0 
761 1 367 172 202 307 -1 -1 -1 0 
761 2 43 0 230 475 -1 -1 -1 0 
762 1 367 172 202 307 -1 -1 -1 0 
762 2 42 0 230 475 -1 -1 -1 0 
763 1 372 169 194 310 -1 -1 -1 0 
763 2 42 0 229 475 -1 -1 -1 0 
764 1 367 172 202 307 -1 -1 -1 0 
764 2 41 0 231 476 -1 -1 -1 0 
765 1 371 168 196 311 -1 -1 -1 0 
765 2 41 0 231 476 -1 -1 -1 0 
766 1 368 172 201 307 -1 -1 -1 0 
766 2 42 0 232 476 -1 -1 -1 0 
767 1 368 172 201 307 -1 -1 -1 0 
767 2 42 0 234 474 -1 -1 -1 0 
768 1 368 173 201 306 -1 -1 -1 0 
768 2 43 0 233 474 -1 -1 -1 0 
769 1 368 173 200 306 -1 -1 -1 0 
769 2 42 0 234 475 -1 -1 -1 0 
770 1 367 173 202 306 -1 -1 -1 0 
770 2 42 0 233 475 -1 -1 -1 0 
771 1 367 174 202 305 -1 -1 -1 0 
771 2 44 0 230 475 -1 -1 -1 0 
772 1 369 176 200 303 -1 -1 -1 0 
772 2 45 0 230 475 -1 -1 -1 0 
773 1 368 177 200 302 -1 -1 -1 0 
773 2 44 0 231 475 -1 -1 -1 0 
774 1 369 181 198 298 -1 -1 -1 0 
774 2 44 0 231 476 -1 -1 -1 0 
775 1 373 184 194 295 -1 -1 -1 0 
775 2 44 0 231 476 -1 -1 -1 0 
776 1 376 185 192 294 -1 -1 -1 0 
776 2 44 0 231 475 -1 -1 -1 0 
777 1 376 187 194 292 -1 -1 -1 0 
777 2 42 0 235 474 -1 -1 -1 0 
778 1 371 192 197 287 -1 -1 -1 0 
778 2 44 0 230 475 -1 -1 -1 0 
779 1 373 193 194 286 -1 -1 -1 0 
779 2 42 0 234 474 -1 -1 -1 0 
780 1 371 190 196 289 -1 -1 -1 0 
780 2 43 0 232 473 -1 -1 -1 0 
781 1 370 187 197 292 -1 -1 -1 0 
781 2 44 0 231 472 -1 -1 -1 0 
782 1 369 187 199 292 -1 -1 -1 0 
782 2 43 0 232 472 -1 -1 -1 0 
783 1 370 187 197 292 -1 -1 -1 0 
783 2 43 0 231 472 -1 -1 -1 0 
784 1 369 187 198 292 -1 -1 -1 0 
784 2 41 0 232 470 -1 -1 -1 0 
785 1 369 187 198 292 -1 -1 -1 0 
785 2 41 0 231 469 -1 -1 -1 0 
786 1 370 184 197 295 -1 -1 -1 0 
786 2 42 0 230 472 -1 -1 -1 0 
787 1 368 185 200 294 -1 -1 -1 0 
787 2 41 0 230 474 -1 -1 -1 0 
788 1 369 185 198 294 -1 -1 -1 0 
788 2 40 0 232 474 -1 -1 -1 0 
789 1 369 187 199 292 -1 -1 -1 0 
789 2 33 0 253 476 -1 -1 -1 0 
790 1 371 187 197 292 -1 -1 -1 0 
790 2 26 0 271 474 -1 -1 -1 0 
791 1 370 187 199 292 -1 -1 -1 0 
791 2 27 0 273 472 -1 -1 -1 0 
792 1 371 187 196 292 -1 -1 -1 0 
792 2 29 0 266 469 -1 -1 -1 0 
793 1 371 188 197 291 -1 -1 -1 0 
793 2 32 0 265 468 -1 -1 -1 0 
794 1 372 188 196 290 -1 -1 -1 0 
794 2 34 0 265 465 -1 -1 -1 0 
795 1 372 188 196 290 -1 -1 -1 0 
795 2 36 0 258 465 -1 -1 -1 0 
796 1 371 186 196 292 -1 -1 -1 0 
796 2 37 0 249 467 -1 -1 -1 0 
797 1 370 186 198 292 -1 -1 -1 0 
797 2 38 0 243 468 -1 -1 -1 0 
798 1 370 186 198 293 -1 -1 -1 0 
798 2 38 0 242 468 -1 -1 -1 0 
799 1 371 187 196 292 -1 -1 -1 0 
799 2 38 0 241 469 -1 -1 -1 0 
800 1 371 187 197 292 -1 -1 -1 0 
800 2 38 0 241 469 -1 -1 -1 0 
801 1 372 187 195 292 -1 -1 -1 0 
801 2 37 0 245 468 -1 -1 -1 0 
802 1 372 187 196 292 -1 -1 -1 0 
802 2 37 0 248 470 -1 -1 -1 0 
803 1 371 187 197 292 -1 -1 -1 0 
803 2 38 0 254 469 -1 -1 -1 0 
804 1 372 185 196 294 -1 -1 -1 0 
804 2 40 0 273 468 -1 -1 -1 0 
805 1 373 185 195 294 -1 -1 -1 0 
805 2 41 0 275 470 -1 -1 -1 0 
806 1 372 185 195 293 -1 -1 -1 0 
806 2 42 0 270 466 -1 -1 -1 0 
807 1 373 184 194 295 -1 -1 -1 0 
807 2 41 0 245 469 -1 -1 -1 0 
808 1 372 183 195 296 -1 -1 -1 0 
808 2 42 0 239 470 -1 -1 -1 0 
809 1 371 183 196 296 -1 -1 -1 0 
809 2 43 0 230 469 -1 -1 -1 0 
810 1 368 185 201 294 -1 -1 -1 0 
810 2 39 0 229 469 -1 -1 -1 0 
811 1 370 186 198 293 -1 -1 -1 0 
811 2 37 0 229 469 -1 -1 -1 0 
812 1 379 182 193 292 -1 -1 -1 0 
812 2 33 0 226 470 -1 -1 -1 0 
813 1 380 182 193 292 -1 -1 -1 0 
813 2 29 0 233 470 -1 -1 -1 0 
814 1 380 182 193 292 -1 -1 -1 0 
814 2 23 0 246 471 -1 -1 -1 0 
815 1 379 182 194 292 -1 -1 -1 0 
815 2 13 0 262 471 -1 -1 -1 0 
816 1 379 181 194 293 -1 -1 -1 0 
816 2 4 0 266 469 -1 -1 -1 0 
817 1 379 182 194 292 -1 -1 -1 0 
817 2 0 0 275 470 -1 -1 -1 0 
818 1 379 182 195 292 -1 -1 -1 0 
818 2 0 0 276 470 -1 -1 -1 0 
819 1 378 182 196 291 -1 -1 -1 0 
819 2 0 0 276 470 -1 -1 -1 0 
820 1 379 183 194 290 -1 -1 -1 0 
820 2 0 0 273 470 -1 -1 -1 0 
821 1 379 183 194 290 -1 -1 -1 0 
821 2 5 4 266 470 -1 -1 -1 0 
822 1 378 183 194 290 -1 -1 -1 0 
822 2 5 7 265 469 -1 -1 -1 0 
823 1 379 183 193 290 -1 -1 -1 0 
823 2 5 6 267 471 -1 -1 -1 0 
824 1 379 183 194 290 -1 -1 -1 0 
824 2 5 4 268 474 -1 -1 -1 0 
825 1 379 182 193 291 -1 -1 -1 0 
825 2 5 4 267 475 -1 -1 -1 0 
826 1 380 185 191 287 -1 -1 -1 0 
826 2 3 0 268 475 -1 -1 -1 0 
827 1 381 186 189 286 -1 -1 -1 0 
827 2 4 0 268 474 -1 -1 -1 0 
828 1 381 184 190 288 -1 -1 -1 0 
828 2 4 6 263 469 -1 -1 -1 0 
829 1 380 183 191 290 -1 -1 -1 0 
829 2 2 8 265 468 -1 -1 -1 0 
830 1 380 184 191 289 -1 -1 -1 0 
830 2 0 9 267 468 -1 -1 -1 0 
831 1 380 182 190 292 -1 -1 -1 0 
831 2 8 7 259 470 -1 -1 -1 0 
832 1 380 182 190 293 -1 -1 -1 0 
832 2 17 0 251 477 -1 -1 -1 0 
833 1 381 182 188 292 -1 -1 -1 0 
833 2 36 0 229 470 -1 -1 -1 0 
834 1 382 183 188 290 -1 -1 -1 0 
834 2 36 0 228 472 -1 -1 -1 0 
835 1 383 184 186 289 -1 -1 -1 0 
835 2 40 0 223 473 -1 -1 -1 0 
836 1 384 184 185 289 -1 -1 -1 0 
836 2 40 0 225 469 -1 -1 -1 0 
837 1 384 184 185 289 -1 -1 -1 0 
837 2 39 0 228 470 -1 -1 -1 0 
838 1 384 185 185 288 -1 -1 -1 0 
838 2 36 0 232 467 -1 -1 -1 0 
839 1 385 185 184 288 -1 -1 -1 0 
839 2 36 0 233 468 -1 -1 -1 0 
840 1 384 183 186 290 -1 -1 -1 0 
840 2 36 0 234 467 -1 -1 -1 0 
841 1 384 183 186 290 -1 -1 -1 0 
841 2 38 0 231 468 -1 -1 -1 0 
842 1 384 184 185 289 -1 -1 -1 0 
842 2 38 0 231 468 -1 -1 -1 0 
843 1 384 185 186 288 -1 -1 -1 0 
843 2 41 0 223 472 -1 -1 -1 0 
844 1 384 185 185 287 -1 -1 -1 0 
844 2 41 0 223 473 -1 -1 -1 0 
845 1 384 185 185 288 -1 -1 -1 0 
845 2 40 0 224 472 -1 -1 -1 0 
846 1 383 185 186 288 -1 -1 -1 0 
846 2 35 0 234 469 -1 -1 -1 0 
847 1 384 186 185 286 -1 -1 -1 0 
847 2 36 0 233 468 -1 -1 -1 0 
848 1 384 184 185 289 -1 -1 -1 0 
848 2 37 0 232 469 -1 -1 -1 0 
849 1 383 183 187 291 -1 -1 -1 0 
849 2 37 0 232 469 -1 -1 -1 0 
850 1 383 183 186 291 -1 -1 -1 0 
850 2 42 0 221 473 -1 -1 -1 0 
851 1 382 182 188 293 -1 -1 -1 0 
851 2 42 0 221 474 -1 -1 -1 0 
852 1 383 183 186 292 -1 -1 -1 0 
852 2 37 0 232 468 -1 -1 -1 0 
853 1 383 182 187 293 -1 -1 -1 0 
853 2 38 0 232 467 -1 -1 -1 0 
854 1 383 184 187 290 -1 -1 -1 0 
854 2 39 0 230 467 -1 -1 -1 0 
855 1 384 184 185 289 -1 -1 -1 0 
855 2 39 0 230 467 -1 -1 -1 0 
856 1 383 184 187 289 -1 -1 -1 0 
856 2 42 0 220 471 -1 -1 -1 0 
857 1 383 185 187 288 -1 -1 -1 0 
857 2 42 0 219 473 -1 -1 -1 0 
858 1 383 185 186 289 -1 -1 -1 0 
858 2 43 0 219 474 -1 -1 -1 0 
859 1 383 185 186 288 -1 -1 -1 0 
859 2 40 0 229 473 -1 -1 -1 0 
860 1 383 184 186 289 -1 -1 -1 0 
860 2 38 0 240 474 -1 -1 -1 0 
861 1 381 184 189 290 -1 -1 -1 0 
861 2 29 0 346 475 -1 -1 -1 0 
862 1 382 184 189 290 -1 -1 -1 0 
862 2 33 0 346 476 -1 -1 -1 0 
863 1 375 183 195 294 -1 -1 -1 0 
863 2 28 0 362 473 -1 -1 -1 0 
864 1 374 182 196 295 -1 -1 -1 0 
864 2 28 0 362 472 -1 -1 -1 0 
865 1 375 181 195 298 -1 -1 -1 0 
865 2 26 0 364 473 -1 -1 -1 0 
866 1 374 180 197 299 -1 -1 -1 0 
866 2 26 0 364 473 -1 -1 -1 0 
867 1 375 179 195 300 -1 -1 -1 0 
867 2 26 0 361 473 -1 -1 -1 0 
868 1 374 178 197 301 -1 -1 -1 0 
868 2 26 0 361 472 -1 -1 -1 0 
869 1 374 178 197 301 -1 -1 -1 0 
869 2 26 0 361 472 -1 -1 -1 0 
870 1 374 178 197 301 -1 -1 -1 0 
870 2 26 0 361 472 -1 -1 -1 0 
871 1 374 178 197 301 -1 -1 -1 0 
871 2 26 0 361 472 -1 -1 -1 0 
872 1 374 178 197 301 -1 -1 -1 0 
872 2 26 0 361 472 -1 -1 -1 0 
873 1 374 178 197 301 -1 -1 -1 0 
873 2 26 0 361 472 -1 -1 -1 0 
874 1 367 173 202 306 -1 -1 -1 0 
874 2 31 0 351 479 -1 -1 -1 0 
875 1 366 172 202 307 -1 -1 -1 0 
875 2 31 0 351 479 -1 -1 -1 0 
876 1 363 166 200 313 -1 -1 -1 0 
876 2 30 0 354 476 -1 -1 -1 0 
877 1 361 165 202 314 -1 -1 -1 0 
877 2 30 0 355 477 -1 -1 -1 0 
878 1 361 164 202 315 -1 -1 -1 0 
878 2 30 0 355 477 -1 -1 -1 0 
879 1 356 175 214 304 -1 -1 -1 0 
879 2 31 0 351 478 -1 -1 -1 0 
880 1 356 175 213 304 -1 -1 -1 0 
880 2 32 0 351 479 -1 -1 -1 0 
881 1 356 176 213 303 -1 -1 -1 0 
881 2 32 0 351 479 -1 -1 -1 0 
882 1 353 177 219 302 -1 -1 -1 0 
882 2 33 0 347 478 -1 -1 -1 0 
883 1 353 178 218 301 -1 -1 -1 0 
883 2 33 0 347 478 -1 -1 -1 0 
884 1 354 178 217 300 -1 -1 -1 0 
884 2 33 0 347 478 -1 -1 -1 0 
885 1 353 177 218 300 -1 -1 -1 0 
885 2 35 0 331 475 -1 -1 -1 0 
886 1 354 177 217 299 -1 -1 -1 0 
886 2 35 0 331 474 -1 -1 -1 0 
887 1 354 166 215 313 -1 -1 -1 0 
887 2 40 0 278 475 -1 -1 -1 0 
888 1 353 165 217 314 -1 -1 -1 0 
888 2 37 0 278 475 -1 -1 -1 0 
889 1 353 165 217 314 -1 -1 -1 0 
889 2 37 0 278 475 -1 -1 -1 0 
890 1 345 166 227 313 -1 -1 -1 0 
890 2 40 0 223 477 -1 -1 -1 0 
891 1 344 165 228 314 -1 -1 -1 0 
891 2 39 0 223 477 -1 -1 -1 0 
892 1 344 165 228 314 -1 -1 -1 0 
892 2 39 0 223 476 -1 -1 -1 0 
893 1 354 172 208 304 -1 -1 -1 0 
893 2 42 0 224 474 -1 -1 -1 0 
894 1 357 172 202 304 -1 -1 -1 0 
894 2 42 0 224 473 -1 -1 -1 0 
895 1 357 172 202 304 -1 -1 -1 0 
895 2 42 0 224 473 -1 -1 -1 0 
896 1 359 166 196 313 -1 -1 -1 0 
896 2 42 0 223 473 -1 -1 -1 0 
897 1 358 165 197 314 -1 -1 -1 0 
897 2 42 0 223 473 -1 -1 -1 0 
898 1 358 165 198 314 -1 -1 -1 0 
898 2 42 0 223 473 -1 -1 -1 0 
899 1 362 165 189 314 -1 -1 -1 0 
899 2 43 0 221 473 -1 -1 -1 0 
900 1 355 168 201 309 -1 -1 -1 0 
900 2 44 0 218 473 -1 -1 -1 0 
901 1 343 166 218 309 -1 -1 -1 0 
901 2 41 0 223 474 -1 -1 -1 0 
902 1 374 177 187 299 -1 -1 -1 0 
902 2 40 0 224 473 -1 -1 -1 0 
903 1 372 174 193 305 -1 -1 -1 0 
903 2 37 0 228 473 -1 -1 -1 0 
904 1 376 165 192 314 -1 -1 -1 0 
904 2 37 0 224 475 -1 -1 -1 0 
905 1 434 172 132 301 -1 -1 -1 0 
905 2 38 0 223 475 -1 -1 -1 0 
906 1 438 175 131 297 -1 -1 -1 0 
906 2 38 0 223 475 -1 -1 -1 0 
907 1 445 177 123 296 -1 -1 -1 0 
907 2 38 0 223 472 -1 -1 -1 0 
908 2 39 0 222 471 -1 -1 -1 0 
909 2 35 0 228 470 -1 -1 -1 0 
910 1 320 159 261 320 -1 -1 -1 0 
910 2 30 0 234 470 -1 -1 -1 0 
911 1 320 156 259 323 -1 -1 -1 0 
911 2 24 0 239 473 -1 -1 -1 0 
912 1 307 162 273 317 -1 -1 -1 0 
912 2 18 0 244 474 -1 -1 -1 0 
913 1 305 163 277 316 -1 -1 -1 0 
913 2 19 0 243 475 -1 -1 -1 0 
914 1 319 161 261 318 -1 -1 -1 0 
914 2 19 0 242 473 -1 -1 -1 0 
915 1 308 156 274 323 -1 -1 -1 0 
915 2 19 0 243 474 -1 -1 -1 0 
916 1 303 153 282 326 -1 -1 -1 0 
916 2 19 1 243 474 -1 -1 -1 0 
917 1 301 158 285 321 -1 -1 -1 0 
917 2 17 1 247 475 -1 -1 -1 0 
918 1 295 158 295 321 -1 -1 -1 0 
918 2 15 0 251 474 -1 -1 -1 0 
919 2 13 0 252 474 -1 -1 -1 0 
920 2 10 0 255 475 -1 -1 -1 0 
921 2 6 0 260 475 -1 -1 -1 0 
922 2 3 0 262 475 -1 -1 -1 0 
923 2 1 0 263 474 -1 -1 -1 0 
924 2 0 0 263 472 -1 -1 -1 0 
925 2 0 0 262 471 -1 -1 -1 0 
926 2 0 0 261 472 -1 -1 -1 0 
927 2 0 0 264 472 -1 -1 -1 0 
928 2 7 0 257 474 -1 -1 -1 0 
928 4 426 152 213 327 -1 -1 -1 0 
929 2 0 0 267 472 -1 -1 -1 0 
929 4 426 151 213 328 -1 -1 -1 0 
930 2 0 0 268 471 -1 -1 -1 0 
930 4 424 158 215 321 -1 -1 -1 0 
931 2 0 0 268 471 -1 -1 -1 0 
931 4 424 162 215 317 -1 -1 -1 0 
932 2 0 0 259 472 -1 -1 -1 0 
932 4 425 166 214 313 -1 -1 -1 0 
933 2 0 0 258 473 -1 -1 -1 0 
934 2 0 0 256 471 -1 -1 -1 0 
935 2 0 0 258 469 -1 -1 -1 0 
936 2 0 0 258 468 -1 -1 -1 0 
937 2 0 0 258 472 -1 -1 -1 0 
938 2 0 0 259 472 -1 -1 -1 0 
939 2 0 0 260 472 -1 -1 -1 0 
940 2 0 0 262 472 -1 -1 -1 0 
941 2 0 0 262 472 -1 -1 -1 0 
942 2 0 0 264 473 -1 -1 -1 0 
943 2 0 0 267 471 -1 -1 -1 0 
943 6 322 161 279 307 -1 -1 -1 0 
944 2 0 0 266 471 -1 -1 -1 0 
944 6 320 159 284 311 -1 -1 -1 0 
945 2 0 0 265 471 -1 -1 -1 0 
945 6 332 158 306 321 -1 -1 -1 0 
946 2 0 0 265 473 -1 -1 -1 0 
946 6 328 159 311 320 -1 -1 -1 0 
947 2 1 0 263 474 -1 -1 -1 0 
947 6 332 159 307 320 -1 -1 -1 0 
948 2 7 0 256 474 -1 -1 -1 0 
948 6 336 159 303 320 -1 -1 -1 0 
949 2 18 0 244 473 -1 -1 -1 0 
950 2 22 0 241 474 -1 -1 -1 0 
950 6 313 160 285 315 -1 -1 -1 0 
951 2 32 0 232 474 -1 -1 -1 0 
951 6 311 161 281 312 -1 -1 -1 0 
952 2 46 0 217 474 -1 -1 -1 0 
952 6 312 163 270 308 -1 -1 -1 0 
953 2 47 0 215 475 -1 -1 -1 0 
953 6 311 163 268 307 -1 -1 -1 0 
954 2 40 0 222 475 -1 -1 -1 0 
955 2 36 0 225 475 -1 -1 -1 0 
956 2 39 0 221 476 -1 -1 -1 0 
957 2 46 0 213 475 -1 -1 -1 0 
958 2 47 0 213 474 -1 -1 -1 0 
959 2 44 0 222 474 -1 -1 -1 0 
960 2 43 0 224 475 -1 -1 -1 0 
960 6 307 164 276 306 -1 -1 -1 0 
961 2 46 0 220 476 -1 -1 -1 0 
961 6 307 164 275 307 -1 -1 -1 0 
962 2 47 0 220 477 -1 -1 -1 0 
962 6 305 164 278 307 -1 -1 -1 0 
963 2 45 0 225 478 -1 -1 -1 0 
963 6 304 164 278 308 -1 -1 -1 0 
964 2 41 0 231 476 -1 -1 -1 0 
964 6 304 163 280 309 -1 -1 -1 0 
965 2 39 0 233 476 -1 -1 -1 0 
965 6 304 163 281 309 -1 -1 -1 0 
966 2 36 0 236 476 -1 -1 -1 0 
966 6 303 163 283 310 -1 -1 -1 0 
967 2 33 0 241 475 -1 -1 -1 0 
967 6 304 163 282 310 -1 -1 -1 0 
968 2 31 0 245 475 -1 -1 -1 0 
968 6 305 163 280 310 -1 -1 -1 0 
969 2 27 0 250 472 -1 -1 -1 0 
969 6 306 162 280 311 -1 -1 -1 0 
970 2 26 0 251 472 -1 -1 -1 0 
970 6 307 161 279 312 -1 -1 -1 0 
971 2 25 0 251 471 -1 -1 -1 0 
971 6 306 161 281 312 -1 -1 -1 0 
972 2 25 0 250 472 -1 -1 -1 0 
972 6 307 160 279 313 -1 -1 -1 0 
973 2 24 0 248 472 -1 -1 -1 0 
973 6 307 161 280 312 -1 -1 -1 0 
974 2 20 0 252 472 -1 -1 -1 0 
974 6 309 161 276 313 -1 -1 -1 0 
975 2 16 0 256 473 -1 -1 -1 0 
975 6 308 163 277 311 -1 -1 -1 0 
976 2 12 0 258 471 -1 -1 -1 0 
976 6 309 163 275 310 -1 -1 -1 0 
977 2 11 0 258 470 -1 -1 -1 0 
977 6 311 162 272 311 -1 -1 -1 0 
978 2 13 0 255 469 -1 -1 -1 0 
978 6 308 164 276 309 -1 -1 -1 0 
979 2 13 0 255 469 -1 -1 -1 0 
979 6 308 163 275 311 -1 -1 -1 0 
980 2 14 0 253 469 -1 -1 -1 0 
980 6 306 164 277 310 -1 -1 -1 0 
981 2 12 0 256 468 -1 -1 -1 0 
981 6 307 165 276 309 -1 -1 -1 0 
982 2 12 0 255 469 -1 -1 -1 0 
982 6 307 165 277 308 -1 -1 -1 0 
983 2 11 0 257 469 -1 -1 -1 0 
983 6 310 165 274 308 -1 -1 -1 0 
984 2 12 0 255 469 -1 -1 -1 0 
984 6 313 162 272 311 -1 -1 -1 0 
985 2 12 0 254 469 -1 -1 -1 0 
985 6 313 162 276 312 -1 -1 -1 0 
986 2 12 0 254 470 -1 -1 -1 0 
986 6 316 161 269 312 -1 -1 -1 0 
987 2 12 0 254 470 -1 -1 -1 0 
987 6 318 157 265 313 -1 -1 -1 0 
988 2 12 0 254 470 -1 -1 -1 0 
988 6 317 159 270 312 -1 -1 -1 0 
989 2 14 0 252 472 -1 -1 -1 0 
989 6 313 159 280 312 -1 -1 -1 0 
990 2 14 0 253 471 -1 -1 -1 0 
990 6 315 158 277 313 -1 -1 -1 0 
991 2 15 0 252 471 -1 -1 -1 0 
991 6 315 158 278 313 -1 -1 -1 0 
992 2 16 0 252 471 -1 -1 -1 0 
993 2 16 0 252 471 -1 -1 -1 0 
994 2 18 0 250 470 -1 -1 -1 0 
995 2 19 0 249 470 -1 -1 -1 0 
996 2 18 0 250 471 -1 -1 -1 0 
997 2 18 0 250 472 -1 -1 -1 0 
997 6 342 151 291 326 -1 -1 -1 0 
998 2 19 0 251 474 -1 -1 -1 0 
998 6 341 149 293 328 -1 -1 -1 0 
999 2 21 0 250 474 -1 -1 -1 0 
999 6 319 151 297 325 -1 -1 -1 0 
1000 2 22 0 249 474 -1 -1 -1 0 
1000 6 332 149 296 324 -1 -1 -1 0 
1001 2 23 0 248 472 -1 -1 -1 0 
1001 6 323 154 281 321 -1 -1 -1 0 
1002 2 23 0 248 472 -1 -1 -1 0 
1002 6 340 153 289 320 -1 -1 -1 0 
1003 2 23 0 247 472 -1 -1 -1 0 
1003 6 339 155 292 319 -1 -1 -1 0 
1004 2 24 0 247 472 -1 -1 -1 0 
1004 6 341 156 292 319 -1 -1 -1 0 
1005 2 24 0 247 472 -1 -1 -1 0 
1005 6 345 156 287 319 -1 -1 -1 0 
1006 2 28 0 242 474 -1 -1 -1 0 
1006 6 348 157 286 318 -1 -1 -1 0 
1007 2 34 0 239 476 -1 -1 -1 0 
1007 6 333 158 301 319 -1 -1 -1 0 
1008 2 37 0 236 473 -1 -1 -1 0 
1008 6 331 160 304 318 -1 -1 -1 0 
1009 2 45 0 225 472 -1 -1 -1 0 
1009 6 335 162 297 317 -1 -1 -1 0 
1010 2 30 0 241 475 -1 -1 -1 0 
1010 6 322 163 270 316 -1 -1 -1 0 
1011 2 12 0 259 475 -1 -1 -1 0 
1011 6 319 162 268 317 -1 -1 -1 0 
1012 2 0 0 270 474 -1 -1 -1 0 
1012 6 339 163 294 316 -1 -1 -1 0 
1013 2 0 0 267 473 -1 -1 -1 0 
1013 6 351 159 282 320 -1 -1 -1 0 
1014 2 16 15 241 441 -1 -1 -1 0 
1014 6 349 160 286 319 -1 -1 -1 0 
1015 2 18 17 237 436 -1 -1 -1 0 
1015 6 351 161 282 318 -1 -1 -1 0 
1016 2 18 17 235 436 -1 -1 -1 0 
1016 6 353 161 280 318 -1 -1 -1 0 
1017 2 19 17 232 438 -1 -1 -1 0 
1017 6 349 161 285 318 -1 -1 -1 0 
1018 2 19 17 231 440 -1 -1 -1 0 
1018 6 350 161 285 318 -1 -1 -1 0 
1019 2 18 17 232 439 -1 -1 -1 0 
1019 6 362 162 269 314 -1 -1 -1 0 
1020 2 20 17 228 439 -1 -1 -1 0 
1020 6 365 163 263 312 -1 -1 -1 0 
1021 2 1 6 251 460 -1 -1 -1 0 
1021 6 352 162 274 314 -1 -1 -1 0 
1022 2 0 5 250 462 -1 -1 -1 0 
1022 6 346 162 279 315 -1 -1 -1 0 
1023 2 0 6 249 460 -1 -1 -1 0 
1023 6 356 163 265 314 -1 -1 -1 0 
1024 2 0 6 249 459 -1 -1 -1 0 
1024 6 357 163 264 314 -1 -1 -1 0 
1025 2 0 5 249 462 -1 -1 -1 0 
1025 6 309 163 282 316 -1 -1 -1 0 
1026 2 0 4 250 462 -1 -1 -1 0 
1026 6 307 162 282 317 -1 -1 -1 0 
1027 2 0 3 250 463 -1 -1 -1 0 
1027 6 308 163 277 316 -1 -1 -1 0 
1028 2 0 3 250 463 -1 -1 -1 0 
1028 6 307 163 280 316 -1 -1 -1 0 
1029 2 0 2 250 465 -1 -1 -1 0 
1029 6 308 163 278 316 -1 -1 -1 0 
1030 2 0 1 250 465 -1 -1 -1 0 
1030 6 309 161 282 318 -1 -1 -1 0 
1031 2 0 2 251 466 -1 -1 -1 0 
1031 6 308 162 283 317 -1 -1 -1 0 
1032 2 0 2 251 467 -1 -1 -1 0 
1032 6 306 162 284 317 -1 -1 -1 0 
1033 2 0 1 250 469 -1 -1 -1 0 
1033 6 306 161 287 318 -1 -1 -1 0 
1034 2 0 1 250 471 -1 -1 -1 0 
1034 6 304 161 289 318 -1 -1 -1 0 
1035 2 0 3 250 470 -1 -1 -1 0 
1035 6 306 162 285 317 -1 -1 -1 0 
1036 2 10 21 242 432 -1 -1 -1 0 
1036 6 305 163 286 316 -1 -1 -1 0 
1037 2 26 1 230 476 -1 -1 -1 0 
1038 2 28 2 229 473 -1 -1 -1 0 
1039 2 31 0 232 476 -1 -1 -1 0 
1040 2 31 0 253 474 -1 -1 -1 0 
1041 2 30 0 286 475 -1 -1 -1 0 
1041 6 303 171 289 307 -1 -1 -1 0 
1042 2 30 0 306 477 -1 -1 -1 0 
1042 6 304 169 295 310 -1 -1 -1 0 
1043 2 32 0 319 475 -1 -1 -1 0 
1043 6 306 164 296 315 -1 -1 -1 0 
1044 2 34 0 318 474 -1 -1 -1 0 
1044 6 303 162 297 316 -1 -1 -1 0 
1045 2 31 0 319 477 -1 -1 -1 0 
1045 6 304 160 293 317 -1 -1 -1 0 
1046 2 35 0 318 476 -1 -1 -1 0 
1046 6 304 160 298 317 -1 -1 -1 0 
1047 2 32 0 323 474 -1 -1 -1 0 
1047 6 305 159 297 317 -1 -1 -1 0 
1048 2 31 0 326 473 -1 -1 -1 0 
1048 6 304 158 298 319 -1 -1 -1 0 
1049 2 31 0 327 476 -1 -1 -1 0 
1050 2 26 0 342 478 -1 -1 -1 0 
1051 2 27 0 343 478 -1 -1 -1 0 
1052 2 24 0 345 477 -1 -1 -1 0 
1053 2 23 0 344 478 -1 -1 -1 0 
1053 6 305 153 311 324 -1 -1 -1 0 
1054 2 23 0 331 479 -1 -1 -1 0 
1054 6 324 161 302 314 -1 -1 -1 0 
1055 2 24 0 325 478 -1 -1 -1 0 
1055 6 327 161 298 312 -1 -1 -1 0 
1056 2 22 0 330 479 -1 -1 -1 0 
1056 6 323 161 310 313 -1 -1 -1 0 
1057 2 20 1 331 475 -1 -1 -1 0 
1057 6 326 165 303 310 -1 -1 -1 0 
1058 2 21 0 329 477 -1 -1 -1 0 
1058 6 322 161 289 311 -1 -1 -1 0 
1059 2 22 0 341 474 -1 -1 -1 0 
1059 6 329 162 303 315 -1 -1 -1 0 
1060 2 21 0 352 473 -1 -1 -1 0 
1060 6 329 162 307 317 -1 -1 -1 0 
1061 2 21 0 360 473 -1 -1 -1 0 
1061 6 322 160 314 319 -1 -1 -1 0 
1062 2 23 0 361 473 -1 -1 -1 0 
1062 6 325 162 311 316 -1 -1 -1 0 
1063 2 27 0 359 474 -1 -1 -1 0 
1063 6 328 164 308 315 -1 -1 -1 0 
1064 2 29 0 357 476 -1 -1 -1 0 
1064 6 326 164 309 315 -1 -1 -1 0 
1065 2 32 0 356 479 -1 -1 -1 0 
1065 6 320 164 315 315 -1 -1 -1 0 
1066 2 39 1 340 475 -1 -1 -1 0 
1066 6 321 164 316 315 -1 -1 -1 0 
1067 2 40 0 341 477 -1 -1 -1 0 
1068 2 48 5 344 474 -1 -1 -1 0 
1069 2 51 8 354 471 -1 -1 -1 0 
1069 6 376 163 246 304 -1 -1 -1 0 
1070 2 53 2 361 477 -1 -1 -1 0 
1070 6 370 161 253 311 -1 -1 -1 0 
1071 2 59 0 352 479 -1 -1 -1 0 
1071 6 375 161 249 311 -1 -1 -1 0 
1072 2 62 0 349 479 -1 -1 -1 0 
1073 2 64 0 326 479 -1 -1 -1 0 
1074 2 67 0 290 474 -1 -1 -1 0 
1075 2 69 0 281 478 -1 -1 -1 0 
1076 2 77 0 248 478 -1 -1 -1 0 
1077 2 77 0 245 479 -1 -1 -1 0 
1078 2 78 0 240 470 -1 -1 -1 0 
1079 2 76 0 243 473 -1 -1 -1 0 
1080 2 74 0 246 475 -1 -1 -1 0 
1080 6 314 164 288 313 -1 -1 -1 0 
1081 2 69 0 253 479 -1 -1 -1 0 
1081 6 308 165 291 313 -1 -1 -1 0 
1082 2 64 0 257 479 -1 -1 -1 0 
1083 2 62 0 250 477 -1 -1 -1 0 
1083 6 298 157 290 322 -1 -1 -1 0 
1084 2 59 6 247 470 -1 -1 -1 0 
1084 6 291 157 269 322 -1 -1 -1 0 
1085 2 49 0 237 475 -1 -1 -1 0 
1085 6 287 146 255 330 -1 -1 -1 0 
1086 2 52 0 228 474 -1 -1 -1 0 
1086 6 292 142 248 335 -1 -1 -1 0 
1087 2 55 0 223 472 -1 -1 -1 0 
1087 6 301 140 239 336 -1 -1 -1 0 
1088 2 56 6 227 472 -1 -1 -1 0 
1088 6 299 137 241 335 -1 -1 -1 0 
1089 2 56 4 231 475 -1 -1 -1 0 
1089 6 290 135 245 335 -1 -1 -1 0 
1090 2 56 0 233 479 -1 -1 -1 0 
1090 6 289 136 241 334 -1 -1 -1 0 
1091 2 51 2 237 470 -1 -1 -1 0 
1091 6 301 129 207 313 -1 -1 -1 0 
1092 2 50 0 245 478 -1 -1 -1 0 
1092 6 297 134 203 300 -1 -1 -1 0 
1093 2 53 0 247 479 -1 -1 -1 0 
1093 6 297 132 197 297 -1 -1 -1 0 
1094 2 52 0 245 478 -1 -1 -1 0 
1094 6 262 128 235 347 -1 -1 -1 0 
1095 2 51 0 253 476 -1 -1 -1 0 
1095 6 260 134 231 345 -1 -1 -1 0 
1096 2 51 0 275 476 -1 -1 -1 0 
1096 6 266 135 210 329 -1 -1 -1 0 
1097 2 45 1 285 474 -1 -1 -1 0 
1097 6 271 151 193 320 -1 -1 -1 0 
1098 2 22 1 348 475 -1 -1 -1 0 
1098 6 275 152 183 323 -1 -1 -1 0 
1099 2 69 0 309 479 -1 -1 -1 0 
1100 2 76 0 310 477 -1 -1 -1 0 
1101 2 24 4 390 456 -1 -1 -1 0 
1102 2 22 1 406 460 -1 -1 -1 0 
1103 2 35 0 411 465 -1 -1 -1 0 
1104 2 53 0 414 467 -1 -1 -1 0 
1105 2 62 0 422 471 -1 -1 -1 0 
1106 2 76 2 428 465 -1 -1 -1 0 
1107 2 130 0 396 470 -1 -1 -1 0 
1108 2 143 2 390 466 -1 -1 -1 0 
1109 2 148 2 388 470 -1 -1 -1 0 
1110 2 140 1 395 468 -1 -1 -1 0 
1111 2 125 5 401 460 -1 -1 -1 0 
1112 2 119 5 403 459 -1 -1 -1 0 
1113 2 101 3 419 461 -1 -1 -1 0 
1114 2 100 3 424 462 -1 -1 -1 0 
1115 2 69 0 476 465 -1 -1 -1 0 
1116 2 62 0 493 470 -1 -1 -1 0 
1117 2 55 0 514 473 -1 -1 -1 0 
1118 2 46 0 528 476 -1 -1 -1 0 
1119 2 35 0 547 476 -1 -1 -1 0 
1120 2 34 0 545 477 -1 -1 -1 0 
1121 2 43 1 519 477 -1 -1 -1 0 
1122 2 41 2 487 469 -1 -1 -1 0 
1123 2 40 3 464 468 -1 -1 -1 0 
1124 2 13 0 475 472 -1 -1 -1 0 
1125 2 9 0 502 479 -1 -1 -1 0 
1126 2 11 0 501 479 -1 -1 -1 0 
1127 2 11 0 492 474 -1 -1 -1 0 
1128 2 11 0 492 474 -1 -1 -1 0 
1129 2 10 0 478 468 -1 -1 -1 0 
1130 2 12 0 464 470 -1 -1 -1 0 
1131 2 13 0 456 470 -1 -1 -1 0 
1132 2 6 0 465 473 -1 -1 -1 0 
1133 2 10 0 446 478 -1 -1 -1 0 
1134 2 15 1 428 475 -1 -1 -1 0 
1135 2 27 1 406 476 -1 -1 -1 0 
1136 2 35 0 388 477 -1 -1 -1 0 
1137 2 33 0 371 478 -1 -1 -1 0 
1138 2 18 1 376 476 -1 -1 -1 0 
1139 2 18 0 373 477 -1 -1 -1 0 
1140 2 27 0 352 478 -1 -1 -1 0 
1141 2 24 0 352 473 -1 -1 -1 0 
1142 2 13 2 369 470 -1 -1 -1 0 
1143 2 13 1 369 466 -1 -1 -1 0 
1144 2 8 0 379 469 -1 -1 -1 0 
1145 2 11 0 372 468 -1 -1 -1 0 
1146 2 27 0 353 474 -1 -1 -1 0 
1147 2 37 0 342 474 -1 -1 -1 0 
1148 2 43 0 333 475 -1 -1 -1 0 
1149 2 42 0 332 475 -1 -1 -1 0 
1150 2 40 1 326 476 -1 -1 -1 0 
1151 2 37 0 315 477 -1 -1 -1 0 
1152 2 35 0 312 476 -1 -1 -1 0 
1153 2 27 0 315 477 -1 -1 -1 0 
1154 2 20 0 312 473 -1 -1 -1 0 
1155 2 13 0 309 470 -1 -1 -1 0 
1156 2 12 0 302 475 -1 -1 -1 0 
1157 2 17 0 287 469 -1 -1 -1 0 
1158 2 16 0 285 468 -1 -1 -1 0 
1159 2 16 0 282 469 -1 -1 -1 0 
1160 2 12 0 287 470 -1 -1 -1 0 
1161 2 3 0 297 476 -1 -1 -1 0 
1162 2 3 0 295 478 -1 -1 -1 0 
1163 2 2 0 294 479 -1 -1 -1 0 
1164 2 0 0 295 479 -1 -1 -1 0 
1165 2 0 0 291 479 -1 -1 -1 0 
1166 2 0 0 290 479 -1 -1 -1 0 
1167 2 0 0 288 478 -1 -1 -1 0 
1168 2 0 0 288 479 -1 -1 -1 0 
1169 2 0 0 289 478 -1 -1 -1 0 
1170 2 0 0 289 475 -1 -1 -1 0 
1171 2 0 0 288 475 -1 -1 -1 0 
1172 2 1 0 286 476 -1 -1 -1 0 
1173 2 1 0 287 476 -1 -1 -1 0 
1174 2 2 0 287 474 -1 -1 -1 0 
1175 2 2 0 288 474 -1 -1 -1 0 
1176 2 2 0 289 474 -1 -1 -1 0 
1177 2 1 0 291 475 -1 -1 -1 0 
1178 2 1 0 292 474 -1 -1 -1 0 
1179 2 0 0 293 475 -1 -1 -1 0 
1180 2 0 0 293 476 -1 -1 -1 0 
1181 2 0 0 293 477 -1 -1 -1 0 
1182 2 0 0 294 475 -1 -1 -1 0 
1183 2 0 0 295 475 -1 -1 -1 0 
1184 2 0 0 296 476 -1 -1 -1 0 
1185 2 1 0 290 478 -1 -1 -1 0 
1186 2 0 0 289 477 -1 -1 -1 0 
1187 2 0 0 287 475 -1 -1 -1 0 
1188 2 1 0 287 475 -1 -1 -1 0 
1189 2 2 0 286 474 -1 -1 -1 0 
1190 2 3 0 284 473 -1 -1 -1 0 
1191 2 2 0 287 473 -1 -1 -1 0 
1192 2 1 0 289 478 -1 -1 -1 0 
1193 2 2 0 288 478 -1 -1 -1 0 
1194 2 2 0 290 479 -1 -1 -1 0 
1195 2 2 0 290 479 -1 -1 -1 0 
1196 2 2 0 288 479 -1 -1 -1 0 
1197 2 2 0 288 479 -1 -1 -1 0 
1198 2 2 0 287 479 -1 -1 -1 0 
1198 8 275 238 58 227 -1 -1 -1 0 
1199 2 2 0 286 478 -1 -1 -1 0 
1199 8 276 239 67 240 -1 -1 -1 0 
1200 2 3 0 283 476 -1 -1 -1 0 
1201 2 3 0 283 475 -1 -1 -1 0 
1202 2 3 0 282 473 -1 -1 -1 0 
1203 2 2 0 285 473 -1 -1 -1 0 
1204 2 3 1 283 471 -1 -1 -1 0 
1205 2 3 2 282 471 -1 -1 -1 0 
1206 2 2 2 283 470 -1 -1 -1 0 
1207 2 2 1 285 471 -1 -1 -1 0 
1208 2 3 1 284 472 -1 -1 -1 0 
1209 2 2 2 285 472 -1 -1 -1 0 
1210 2 3 1 283 473 -1 -1 -1 0 
1211 2 3 0 281 473 -1 -1 -1 0 
1212 2 4 1 280 471 -1 -1 -1 0 
1213 2 3 1 280 473 -1 -1 -1 0 
1214 2 3 1 280 472 -1 -1 -1 0 
1215 2 3 0 280 473 -1 -1 -1 0 
1216 2 2 1 282 472 -1 -1 -1 0 
1217 2 3 2 281 470 -1 -1 -1 0 
1218 2 3 2 279 471 -1 -1 -1 0 
1219 2 4 0 276 475 -1 -1 -1 0 
1220 2 2 0 280 475 -1 -1 -1 0 
1221 2 1 0 282 474 -1 -1 -1 0 
1222 2 1 0 282 474 -1 -1 -1 0 
1223 2 2 0 282 475 -1 -1 -1 0 
1224 2 3 0 280 474 -1 -1 -1 0 
1225 2 1 0 282 474 -1 -1 -1 0 
1226 2 1 1 281 474 -1 -1 -1 0 
1227 2 2 0 279 473 -1 -1 -1 0 
1228 2 2 0 279 472 -1 -1 -1 0 
1229 2 3 0 277 473 -1 -1 -1 0 
1230 2 2 0 277 474 -1 -1 -1 0 
1231 2 2 0 277 473 -1 -1 -1 0 
1232 2 3 0 277 472 -1 -1 -1 0 
1233 2 3 1 276 475 -1 -1 -1 0 
1234 2 2 1 277 476 -1 -1 -1 0 
1235 2 3 1 274 477 -1 -1 -1 0 
1236 2 2 2 274 476 -1 -1 -1 0 
1237 2 3 3 274 475 -1 -1 -1 0 
1238 2 2 2 275 477 -1 -1 -1 0 
1239 2 2 2 276 477 -1 -1 -1 0 
1240 2 1 2 277 477 -1 -1 -1 0 
1241 2 2 1 275 478 -1 -1 -1 0 
1242 2 1 2 275 477 -1 -1 -1 0 
1243 2 1 2 276 477 -1 -1 -1 0 
1244 2 2 1 274 478 -1 -1 -1 0 
1245 2 2 2 274 477 -1 -1 -1 0 
1246 2 3 2 272 477 -1 -1 -1 0 
1247 2 2 2 273 477 -1 -1 -1 0 
1248 2 2 1 273 478 -1 -1 -1 0 
1249 2 3 1 271 478 -1 -1 -1 0 
1250 2 3 0 272 479 -1 -1 -1 0 
1251 2 4 0 271 478 -1 -1 -1 0 
1252 2 4 0 271 476 -1 -1 -1 0 
1253 2 5 0 270 476 -1 -1 -1 0 
1254 2 6 0 269 477 -1 -1 -1 0 
1255 2 6 0 268 478 -1 -1 -1 0 
1256 2 7 0 265 479 -1 -1 -1 0 
1257 2 6 0 265 479 -1 -1 -1 0 
1258 2 6 0 262 479 -1 -1 -1 0 
1259 2 6 0 260 479 -1 -1 -1 0 
1260 2 6 0 259 478 -1 -1 -1 0 
1261 2 6 0 258 479 -1 -1 -1 0 
1262 2 7 1 253 478 -1 -1 -1 0 
1263 2 6 1 254 478 -1 -1 -1 0 
1264 2 6 0 254 479 -1 -1 -1 0 
1265 2 4 1 256 478 -1 -1 -1 0 
1266 2 4 0 254 479 -1 -1 -1 0 
1267 2 4 1 255 478 -1 -1 -1 0 
1268 2 3 0 255 477 -1 -1 -1 0 
1269 2 2 0 255 476 -1 -1 -1 0 
1270 2 1 0 256 475 -1 -1 -1 0 
1271 2 1 0 254 477 -1 -1 -1 0 
1272 2 2 0 252 475 -1 -1 -1 0 
1273 2 2 0 251 473 -1 -1 -1 0 
1274 2 0 0 251 473 -1 -1 -1 0 
1275 2 0 0 250 474 -1 -1 -1 0 
1276 2 0 0 250 474 -1 -1 -1 0 
1277 2 0 0 249 474 -1 -1 -1 0 
1278 2 0 0 249 474 -1 -1 -1 0 
1279 2 0 0 249 474 -1 -1 -1 0 
1280 2 0 0 249 474 -1 -1 -1 0 
1281 2 0 0 249 474 -1 -1 -1 0 
1282 2 0 0 249 475 -1 -1 -1 0 
1283 2 0 0 250 475 -1 -1 -1 0 
1284 2 0 0 249 474 -1 -1 -1 0 
1285 2 0 0 249 474 -1 -1 -1 0 
1286 2 0 0 250 474 -1 -1 -1 0 
1287 2 0 0 250 474 -1 -1 -1 0 
1288 2 1 0 250 474 -1 -1 -1 0 
1289 2 1 0 249 474 -1 -1 -1 0 
1290 2 1 0 249 475 -1 -1 -1 0 
1291 2 1 0 249 474 -1 -1 -1 0 
1292 2 1 0 248 474 -1 -1 -1 0 
1293 2 0 0 249 474 -1 -1 -1 0 
1294 2 0 0 250 474 -1 -1 -1 0 
1295 2 0 0 251 474 -1 -1 -1 0 
1296 2 0 0 251 474 -1 -1 -1 0 
1297 2 1 0 249 475 -1 -1 -1 0 
1298 2 3 0 248 475 -1 -1 -1 0 
1299 2 3 0 248 475 -1 -1 -1 0 
1300 2 4 0 248 475 -1 -1 -1 0 
1301 2 4 0 248 476 -1 -1 -1 0 
1302 2 1 0 251 476 -1 -1 -1 0 
1303 2 2 0 249 476 -1 -1 -1 0 
1304 2 3 0 249 477 -1 -1 -1 0 
1305 2 2 0 250 477 -1 -1 -1 0 
1306 2 3 0 250 478 -1 -1 -1 0 
1307 2 1 0 251 478 -1 -1 -1 0 
1308 2 0 0 252 478 -1 -1 -1 0 
1309 2 0 0 251 478 -1 -1 -1 0 
1310 2 0 0 252 478 -1 -1 -1 0 
1311 2 2 0 251 478 -1 -1 -1 0 
1312 2 2 0 251 478 -1 -1 -1 0 
1313 2 0 0 251 479 -1 -1 -1 0 
1314 2 1 0 251 478 -1 -1 -1 0 
1315 2 1 0 251 478 -1 -1 -1 0 
1316 2 2 0 250 477 -1 -1 -1 0 
1317 2 2 0 250 477 -1 -1 -1 0 
1318 2 3 0 249 476 -1 -1 -1 0 
1319 2 3 0 249 477 -1 -1 -1 0 
1320 2 1 0 250 478 -1 -1 -1 0 
1321 2 1 0 250 477 -1 -1 -1 0 
1322 2 0 0 250 477 -1 -1 -1 0 
1323 2 1 0 250 477 -1 -1 -1 0 
1324 2 0 0 250 478 -1 -1 -1 0 
1325 2 2 0 249 477 -1 -1 -1 0 
1326 2 2 0 249 476 -1 -1 -1 0 
1327 2 1 0 250 478 -1 -1 -1 0 
1328 2 1 0 250 477 -1 -1 -1 0 
1329 2 2 0 249 476 -1 -1 -1 0 
1330 2 3 0 248 475 -1 -1 -1 0 
1331 2 0 0 254 478 -1 -1 -1 0 
1332 2 1 0 255 479 -1 -1 -1 0 
1333 2 1 0 254 479 -1 -1 -1 0 
1334 2 1 0 254 478 -1 -1 -1 0 
1335 2 1 0 254 478 -1 -1 -1 0 
1336 2 1 0 253 478 -1 -1 -1 0 
1337 2 1 0 253 478 -1 -1 -1 0 
1338 2 2 0 251 478 -1 -1 -1 0 
1339 2 2 0 251 478 -1 -1 -1 0 
1340 2 1 0 253 477 -1 -1 -1 0 
1341 2 1 0 253 477 -1 -1 -1 0 
1342 2 1 0 253 476 -1 -1 -1 0 
1343 2 1 0 254 477 -1 -1 -1 0 
1344 2 2 0 252 477 -1 -1 -1 0 
1345 2 2 0 253 478 -1 -1 -1 0 
1346 2 2 0 253 478 -1 -1 -1 0 
1347 2 3 0 252 477 -1 -1 -1 0 
1348 2 1 0 255 477 -1 -1 -1 0 
1349 2 2 0 254 477 -1 -1 -1 0 
1350 2 3 0 252 478 -1 -1 -1 0 
1351 2 1 0 255 478 -1 -1 -1 0 
1352 2 1 0 256 479 -1 -1 -1 0 
1353 2 3 0 253 479 -1 -1 -1 0 
1354 2 3 0 253 477 -1 -1 -1 0 
1355 2 2 0 254 479 -1 -1 -1 0 
1356 2 2 0 255 479 -1 -1 -1 0 
1357 2 2 0 255 479 -1 -1 -1 0 
1358 2 2 0 255 479 -1 -1 -1 0 
1359 2 2 0 256 479 -1 -1 -1 0 
1360 2 3 0 255 479 -1 -1 -1 0 
1361 2 2 0 256 479 -1 -1 -1 0 
1362 2 2 0 257 479 -1 -1 -1 0 
1363 2 2 0 257 479 -1 -1 -1 0 
1364 2 2 0 259 479 -1 -1 -1 0 
1365 2 3 0 257 479 -1 -1 -1 0 
1366 2 3 0 256 479 -1 -1 -1 0 
1367 2 3 0 254 479 -1 -1 -1 0 
1368 2 3 0 253 479 -1 -1 -1 0 
1369 2 2 0 254 479 -1 -1 -1 0 
1370 2 2 0 254 477 -1 -1 -1 0 
1371 2 2 0 254 474 -1 -1 -1 0 
1372 2 3 0 255 475 -1 -1 -1 0 
1373 2 2 0 257 476 -1 -1 -1 0 
1374 2 3 0 257 476 -1 -1 -1 0 
1375 2 4 0 254 477 -1 -1 -1 0 
1376 2 1 1 260 478 -1 -1 -1 0 
1377 2 3 0 258 477 -1 -1 -1 0 
1378 2 4 0 257 475 -1 -1 -1 0 
1379 2 3 2 261 474 -1 -1 -1 0 
1380 2 3 1 263 475 -1 -1 -1 0 
1384 2 5 5 265 474 -1 -1 -1 0 
1385 2 4 6 271 470 -1 -1 -1 0 
1386 2 2 2 275 476 -1 -1 -1 0 
1387 2 3 0 287 479 -1 -1 -1 0 
1388 2 0 1 319 478 -1 -1 -1 0 
1389 2 1 0 317 479 -1 -1 -1 0 
1390 2 3 3 300 471 -1 -1 -1 0 
1391 2 1 1 305 474 -1 -1 -1 0 
1392 2 0 2 310 477 -1 -1 -1 0 
1393 2 37 1 262 473 -1 -1 -1 0 
1394 2 57 1 255 475 -1 -1 -1 0 
1395 2 62 0 263 476 -1 -1 -1 0 
1395 10 1 0 133 458 -1 -1 -1 0 
1396 2 35 3 307 470 -1 -1 -1 0 
1396 10 1 3 138 454 -1 -1 -1 0 
1397 2 13 2 348 473 -1 -1 -1 0 
1397 10 10 0 131 453 -1 -1 -1 0 
1398 2 17 0 345 473 -1 -1 -1 0 
1399 2 81 1 289 474 -1 -1 -1 0 
1400 2 62 1 328 470 -1 -1 -1 0 
1401 2 148 0 253 468 -1 -1 -1 0 
1402 2 131 0 298 468 -1 -1 -1 0 
1403 2 185 1 250 473 -1 -1 -1 0 
1406 2 78 0 406 474 -1 -1 -1 0 
1407 2 72 0 401 476 -1 -1 -1 0 
1408 2 62 2 529 476 -1 -1 -1 0 
1409 2 64 7 563 472 -1 -1 -1 0 
1410 2 64 6 562 473 -1 -1 -1 0 
1411 2 61 8 578 471 -1 -1 -1 0 
1412 2 56 8 583 471 -1 -1 -1 0 
1413 2 55 14 584 464 -1 -1 -1 0 
1414 2 68 8 571 468 -1 -1 -1 0 
1415 2 65 5 574 463 -1 -1 -1 0 
1416 2 63 3 572 461 -1 -1 -1 0 
1417 2 71 10 565 455 -1 -1 -1 0 
1418 2 74 4 563 473 -1 -1 -1 0 
1419 2 79 5 558 468 -1 -1 -1 0 
1420 2 88 18 548 453 -1 -1 -1 0 
1427 2 117 37 522 442 -1 -1 -1 0 
1429 13 382 209 252 270 -1 -1 -1 0 
1430 13 367 206 272 272 -1 -1 -1 0 
1431 13 388 204 251 274 -1 -1 -1 0 
1432 13 395 212 244 259 -1 -1 -1 0 
1433 13 407 215 232 254 -1 -1 -1 0 
1434 13 409 216 230 256 -1 -1 -1 0 
1435 13 407 215 232 258 -1 -1 -1 0 
1436 13 415 213 224 257 -1 -1 -1 0 
1460 13 400 208 227 251 -1 -1 -1 0 
1462 14 467 1 172 470 -1 -1 -1 0 
1463 14 479 0 158 474 -1 -1 -1 0 
1464 14 471 0 168 472 -1 -1 -1 0 
1465 14 472 0 167 472 -1 -1 -1 0 
1466 14 483 0 156 479 -1 -1 -1 0 
1467 14 461 0 178 472 -1 -1 -1 0 
1468 14 441 0 198 475 -1 -1 -1 0 
1469 14 420 7 219 459 -1 -1 -1 0 
1470 14 379 1 260 475 -1 -1 -1 0 
1471 14 364 1 274 472 -1 -1 -1 0 
1472 14 346 3 293 473 -1 -1 -1 0 
1473 14 345 8 294 463 -1 -1 -1 0 
1474 14 359 9 279 467 -1 -1 -1 0 
1475 14 366 2 272 474 -1 -1 -1 0 
1476 14 374 8 261 439 -1 -1 -1 0 
1477 14 370 8 267 407 -1 -1 -1 0 
1484 14 332 0 165 361 -1 -1 -1 0 
1486 15 12 0 619 477 -1 -1 -1 0 
1487 15 16 4 613 469 -1 -1 -1 0 
1488 15 22 4 607 467 -1 -1 -1 0 
1489 15 22 4 610 466 -1 -1 -1 0 
1490 15 27 6 609 461 -1 -1 -1 0 
1491 15 31 9 601 463 -1 -1 -1 0 
1492 15 21 15 614 458 -1 -1 -1 0 
1493 15 23 16 611 460 -1 -1 -1 0 
1494 15 36 11 603 459 -1 -1 -1 0 
1495 15 35 3 603 474 -1 -1 -1 0 
1496 15 26 4 613 460 -1 -1 -1 0 
1497 15 22 10 607 454 -1 -1 -1 0 
1498 15 12 0 627 462 -1 -1 -1 0 
1506 15 200 0 439 360 -1 -1 -1 0 
1509 16 253 3 379 462 -1 -1 -1 0 
1510 16 276 4 354 469 -1 -1 -1 0 
1511 16 280 4 353 469 -1 -1 -1 0 
1512 16 286 1 343 469 -1 -1 -1 0 
1513 16 291 0 338 471 -1 -1 -1 0 
1514 16 289 0 345 475 -1 -1 -1 0 
1515 16 310 8 328 466 -1 -1 -1 0 
1516 16 311 9 328 463 -1 -1 -1 0 
1517 16 311 4 328 466 -1 -1 -1 0 
1518 16 299 2 337 473 -1 -1 -1 0 
1519 16 253 0 386 465 -1 -1 -1 0 
1520 16 238 0 399 464 -1 -1 -1 0 
1521 16 210 4 426 463 -1 -1 -1 0 
1522 16 197 3 437 461 -1 -1 -1 0 
1523 16 132 0 495 463 -1 -1 -1 0 
1524 16 74 3 565 464 -1 -1 -1 0 
1525 16 48 0 580 470 -1 -1 -1 0 
1526 16 76 1 542 477 -1 -1 -1 0 
1527 16 34 1 579 478 -1 -1 -1 0 
1528 16 41 0 562 479 -1 -1 -1 0 
1529 16 42 0 551 471 -1 -1 -1 0 
1530 16 35 0 559 477 -1 -1 -1 0 
1531 16 30 0 551 473 -1 -1 -1 0 
1532 16 7 0 552 474 -1 -1 -1 0 
1533 16 8 1 527 476 -1 -1 -1 0 
1534 16 0 0 502 470 -1 -1 -1 0 
1535 16 0 0 492 476 -1 -1 -1 0 
1536 16 0 0 483 478 -1 -1 -1 0 
1537 16 0 2 479 475 -1 -1 -1 0 
1538 16 4 3 473 472 -1 -1 -1 0 
1539 16 3 4 468 473 -1 -1 -1 0 
1540 16 3 5 480 468 -1 -1 -1 0 
1541 16 1 3 500 467 -1 -1 -1 0 
1542 16 2 0 497 472 -1 -1 -1 0 
1543 16 1 0 504 469 -1 -1 -1 0 
1544 16 1 0 500 465 -1 -1 -1 0 
1545 16 2 0 497 468 -1 -1 -1 0 
1546 16 0 0 500 468 -1 -1 -1 0 
1547 16 0 0 503 467 -1 -1 -1 0 
1548 16 3 2 514 467 -1 -1 -1 0 
1549 16 7 3 486 466 -1 -1 -1 0 
1550 16 5 4 484 463 -1 -1 -1 0 
1551 16 4 3 484 464 -1 -1 -1 0 
1552 16 4 4 484 463 -1 -1 -1 0 
1553 16 2 4 485 463 -1 -1 -1 0 
1554 16 2 4 485 463 -1 -1 -1 0 
1555 16 3 4 484 463 -1 -1 -1 0 
1556 16 2 4 484 463 -1 -1 -1 0 
1557 16 2 4 487 462 -1 -1 -1 0 
1558 16 3 4 485 462 -1 -1 -1 0 
1559 16 3 4 483 463 -1 -1 -1 0 
1560 16 3 2 484 466 -1 -1 -1 0 
1561 16 4 2 483 467 -1 -1 -1 0 
1562 16 4 1 481 468 -1 -1 -1 0 
1563 16 3 1 485 467 -1 -1 -1 0 
1564 16 4 1 482 468 -1 -1 -1 0 
1565 16 4 2 481 466 -1 -1 -1 0 
1566 16 3 1 483 467 -1 -1 -1 0 
1567 16 4 2 480 466 -1 -1 -1 0 
1568 16 3 2 484 466 -1 -1 -1 0 
1569 16 4 2 483 467 -1 -1 -1 0 
1570 16 4 2 483 467 -1 -1 -1 0 
1571 16 3 3 484 466 -1 -1 -1 0 
1572 16 4 2 483 466 -1 -1 -1 0 
1573 16 3 2 484 465 -1 -1 -1 0 
1574 16 3 3 483 466 -1 -1 -1 0 
1575 16 2 3 487 466 -1 -1 -1 0 
1576 16 3 2 482 467 -1 -1 -1 0 
1577 16 2 2 486 467 -1 -1 -1 0 
1578 16 0 2 514 467 -1 -1 -1 0 
1579 16 5 2 487 467 -1 -1 -1 0 
1580 16 3 1 487 468 -1 -1 -1 0 
1581 16 3 1 488 468 -1 -1 -1 0 
1582 16 3 2 487 468 -1 -1 -1 0 
1583 16 3 2 487 468 -1 -1 -1 0 
1584 16 3 1 487 469 -1 -1 -1 0 
1585 16 3 1 487 468 -1 -1 -1 0 
1586 16 2 1 489 467 -1 -1 -1 0 
1587 16 3 1 486 468 -1 -1 -1 0 
1588 16 3 2 486 467 -1 -1 -1 0 
1589 16 2 2 487 467 -1 -1 -1 0 
1590 16 2 1 488 468 -1 -1 -1 0 
1591 16 2 2 488 467 -1 -1 -1 0 
1592 16 3 2 486 467 -1 -1 -1 0 
1593 16 3 2 486 467 -1 -1 -1 0 
1594 16 2 2 487 466 -1 -1 -1 0 
1595 16 3 1 485 467 -1 -1 -1 0 
1596 16 2 2 487 466 -1 -1 -1 0 
1597 16 3 2 486 467 -1 -1 -1 0 
1598 16 2 3 488 466 -1 -1 -1 0 
1599 16 3 1 486 468 -1 -1 -1 0 
1600 16 2 1 488 468 -1 -1 -1 0 
1601 16 1 1 490 467 -1 -1 -1 0 
1602 16 2 0 488 469 -1 -1 -1 0 
1603 16 0 2 515 466 -1 -1 -1 0 
1604 16 0 2 518 467 -1 -1 -1 0 
1605 16 5 1 488 468 -1 -1 -1 0 
1606 16 0 3 518 466 -1 -1 -1 0 
1607 16 0 3 519 466 -1 -1 -1 0 
1608 16 6 2 485 467 -1 -1 -1 0 
1609 16 0 3 516 465 -1 -1 -1 0 
1610 16 0 3 520 465 -1 -1 -1 0 
1611 16 0 4 521 465 -1 -1 -1 0 
1612 16 0 4 521 464 -1 -1 -1 0 
1613 16 0 3 520 466 -1 -1 -1 0 
1614 16 5 0 487 468 -1 -1 -1 0 
1615 16 3 1 486 468 -1 -1 -1 0 
1616 16 3 1 484 468 -1 -1 -1 0 
1617 16 1 1 490 466 -1 -1 -1 0 
1618 16 0 4 519 463 -1 -1 -1 0 
1619 16 5 4 518 463 -1 -1 -1 0 
1620 16 6 4 515 463 -1 -1 -1 0 
1621 16 7 3 515 465 -1 -1 -1 0 
1622 16 4 3 522 467 -1 -1 -1 0 
1623 16 9 3 482 472 -1 -1 -1 0 
1624 16 3 14 503 460 -1 -1 -1 0 
1625 16 3 5 493 474 -1 -1 -1 0 
1626 16 0 1 533 478 -1 -1 -1 0 
1627 16 4 0 529 479 -1 -1 -1 0 
1628 16 2 0 537 478 -1 -1 -1 0 
1629 16 2 0 543 479 -1 -1 -1 0 
1630 16 3 0 549 479 -1 -1 -1 0 
1632 16 0 1 597 478 -1 -1 -1 0 
1633 16 9 0 587 479 -1 -1 -1 0 
1634 16 13 0 591 479 -1 -1 -1 0 
1635 16 10 0 599 477 -1 -1 -1 0 
1636 16 11 0 595 476 -1 -1 -1 0 
1637 16 6 0 610 474 -1 -1 -1 0 
1638 16 7 1 609 473 -1 -1 -1 0 
1639 16 2 0 618 473 -1 -1 -1 0 
1640 16 5 0 609 475 -1 -1 -1 0 
1641 16 3 0 611 476 -1 -1 -1 0 
1642 16 3 0 609 477 -1 -1 -1 0 
1643 16 3 0 609 478 -1 -1 -1 0 
1644 16 0 0 615 478 -1 -1 -1 0 
1645 16 3 0 611 479 -1 -1 -1 0 
1646 16 2 0 612 478 -1 -1 -1 0 
1647 16 1 0 614 478 -1 -1 -1 0 
1648 16 1 0 608 478 -1 -1 -1 0 
1649 16 1 0 610 479 -1 -1 -1 0 
1650 16 1 0 609 479 -1 -1 -1 0 
1651 16 2 0 609 479 -1 -1 -1 0 
1652 16 3 0 607 478 -1 -1 -1 0 
1653 16 2 0 609 478 -1 -1 -1 0 
1654 16 4 0 604 477 -1 -1 -1 0 
1655 16 4 0 604 476 -1 -1 -1 0 
1656 16 4 0 606 477 -1 -1 -1 0 
1657 16 3 0 609 478 -1 -1 -1 0 
1658 16 6 0 604 478 -1 -1 -1 0 
1659 16 7 0 604 478 -1 -1 -1 0 
1660 16 4 0 608 479 -1 -1 -1 0 
1661 16 1 0 615 479 -1 -1 -1 0 
1662 16 1 0 614 478 -1 -1 -1 0 
1663 16 1 0 613 478 -1 -1 -1 0 
1664 16 1 0 612 478 -1 -1 -1 0 
1665 16 0 0 616 479 -1 -1 -1 0 
1666 16 0 0 616 479 -1 -1 -1 0 
1667 16 1 0 613 479 -1 -1 -1 0 
1668 16 0 0 615 479 -1 -1 -1 0 
1669 16 0 0 616 479 -1 -1 -1 0 
1670 16 1 0 614 479 -1 -1 -1 0 
1671 16 1 0 615 479 -1 -1 -1 0 
1672 16 2 0 614 479 -1 -1 -1 0 
1673 16 3 0 614 479 -1 -1 -1 0 
1674 16 3 0 612 479 -1 -1 -1 0 
1675 16 2 0 611 479 -1 -1 -1 0 
1676 16 5 0 606 479 -1 -1 -1 0 
1677 16 4 0 608 479 -1 -1 -1 0 
1678 16 4 0 605 479 -1 -1 -1 0 
1679 16 2 0 608 479 -1 -1 -1 0 
1680 16 1 0 607 479 -1 -1 -1 0 
1681 16 2 0 605 479 -1 -1 -1 0 
1682 16 1 0 605 479 -1 -1 -1 0 
1683 16 0 0 606 479 -1 -1 -1 0 
1684 16 1 0 604 479 -1 -1 -1 0 
1685 16 2 0 603 479 -1 -1 -1 0 
1686 16 1 0 603 479 -1 -1 -1 0 
1687 16 1 0 604 479 -1 -1 -1 0 
1688 16 2 0 603 479 -1 -1 -1 0 
1689 16 3 0 602 479 -1 -1 -1 0 
1690 16 4 0 602 479 -1 -1 -1 0 
1691 16 5 0 601 479 -1 -1 -1 0 
1692 16 5 0 602 479 -1 -1 -1 0 
1693 16 4 0 603 479 -1 -1 -1 0 
1694 16 5 0 600 479 -1 -1 -1 0 
1695 16 7 0 595 479 -1 -1 -1 0 
1696 16 5 0 598 479 -1 -1 -1 0 
1697 16 6 0 597 479 -1 -1 -1 0 
1698 16 6 0 579 476 -1 -1 -1 0 
1699 16 2 0 582 476 -1 -1 -1 0 
1700 16 2 0 600 478 -1 -1 -1 0 
1701 16 3 0 600 478 -1 -1 -1 0 
1702 16 4 0 599 478 -1 -1 -1 0 
1703 16 11 0 591 479 -1 -1 -1 0 
1704 16 8 0 597 479 -1 -1 -1 0 
1705 16 7 0 596 479 -1 -1 -1 0 
1706 16 3 0 583 479 -1 -1 -1 0 
1707 16 7 0 594 479 -1 -1 -1 0 
1708 16 6 0 597 479 -1 -1 -1 0 
1709 16 8 0 595 479 -1 -1 -1 0 
1710 16 7 0 599 479 -1 -1 -1 0 
1711 16 7 0 597 479 -1 -1 -1 0 
1712 16 6 0 599 479 -1 -1 -1 0 
1713 16 6 0 598 479 -1 -1 -1 0 
1714 16 4 0 602 479 -1 -1 -1 0 
1715 16 2 0 602 479 -1 -1 -1 0 
1716 16 1 0 604 479 -1 -1 -1 0 
1717 16 1 0 605 479 -1 -1 -1 0 
1718 16 0 0 606 479 -1 -1 -1 0 
1719 16 3 0 601 479 -1 -1 -1 0 
1720 16 4 0 600 479 -1 -1 -1 0 
1721 16 3 0 602 479 -1 -1 -1 0 
1722 16 3 0 601 479 -1 -1 -1 0 
1723 16 2 0 603 479 -1 -1 -1 0 
1724 16 3 0 601 479 -1 -1 -1 0 
1725 16 4 0 600 479 -1 -1 -1 0 
1726 16 4 0 599 479 -1 -1 -1 0 
1727 16 3 0 602 479 -1 -1 -1 0 
1728 16 4 0 601 479 -1 -1 -1 0 
1729 16 3 0 603 479 -1 -1 -1 0 
1730 16 5 0 599 479 -1 -1 -1 0 
1731 16 4 0 600 479 -1 -1 -1 0 
1732 16 4 0 601 479 -1 -1 -1 0 
1733 16 4 0 602 479 -1 -1 -1 0 
1734 16 5 0 601 479 -1 -1 -1 0 
1735 16 4 0 601 479 -1 -1 -1 0 
1736 16 6 0 598 479 -1 -1 -1 0 
1737 16 4 0 601 479 -1 -1 -1 0 
1738 16 5 0 599 479 -1 -1 -1 0 
1739 16 5 0 599 479 -1 -1 -1 0 
1740 16 6 0 598 479 -1 -1 -1 0 
1741 16 5 0 598 479 -1 -1 -1 0 
1742 16 5 0 600 479 -1 -1 -1 0 
1743 16 5 0 600 479 -1 -1 -1 0 
1744 16 5 0 599 479 -1 -1 -1 0 
1745 16 5 0 599 479 -1 -1 -1 0 
1746 16 5 0 600 479 -1 -1 -1 0 
1747 16 5 0 600 479 -1 -1 -1 0 
1748 16 3 0 603 479 -1 -1 -1 0 
1749 16 4 0 601 479 -1 -1 -1 0 
1750 16 5 0 600 479 -1 -1 -1 0 
1751 16 5 0 599 479 -1 -1 -1 0 
1752 16 4 0 601 479 -1 -1 -1 0 
1753 16 5 0 600 479 -1 -1 -1 0 
1754 16 5 0 599 479 -1 -1 -1 0 
1755 16 4 0 602 479 -1 -1 -1 0 
1756 16 4 0 602 479 -1 -1 -1 0 
1757 16 4 0 601 479 -1 -1 -1 0 
1758 16 6 0 599 479 -1 -1 -1 0 
1759 16 4 0 603 479 -1 -1 -1 0 
1760 16 3 0 604 479 -1 -1 -1 0 
1761 16 5 0 601 479 -1 -1 -1 0 
1762 16 5 0 602 479 -1 -1 -1 0 
1763 16 5 0 601 479 -1 -1 -1 0 
1764 16 5 0 600 479 -1 -1 -1 0 
1765 16 5 0 601 479 -1 -1 -1 0 
1766 16 5 0 600 479 -1 -1 -1 0 
1767 16 4 0 603 479 -1 -1 -1 0 
1768 16 5 0 602 479 -1 -1 -1 0 
1769 16 5 0 603 479 -1 -1 -1 0 
1770 16 5 0 603 479 -1 -1 -1 0 
1771 16 5 0 603 479 -1 -1 -1 0 
1772 16 4 0 604 479 -1 -1 -1 0 
1773 16 4 0 604 479 -1 -1 -1 0 
1774 16 5 0 602 479 -1 -1 -1 0 
1775 16 5 0 601 479 -1 -1 -1 0 
1776 16 6 0 599 479 -1 -1 -1 0 
1777 16 5 0 601 479 -1 -1 -1 0 
1778 16 6 0 600 479 -1 -1 -1 0 
1779 16 6 0 601 479 -1 -1 -1 0 
1780 16 6 0 601 479 -1 -1 -1 0 
1781 16 6 0 601 479 -1 -1 -1 0 
1782 16 6 0 601 479 -1 -1 -1 0 
1783 16 6 0 600 479 -1 -1 -1 0 
1784 16 7 0 599 479 -1 -1 -1 0 
1785 16 6 0 600 479 -1 -1 -1 0 
1786 16 7 0 599 479 -1 -1 -1 0 
1787 16 7 0 599 479 -1 -1 -1 0 
1788 16 5 0 602 479 -1 -1 -1 0 
1789 16 5 0 601 479 -1 -1 -1 0 
1790 16 6 0 599 479 -1 -1 -1 0 
1791 16 5 0 601 479 -1 -1 -1 0 
1792 16 6 0 599 479 -1 -1 -1 0 
1793 16 6 0 598 479 -1 -1 -1 0 
1794 16 5 0 599 479 -1 -1 -1 0 
1795 16 5 0 599 479 -1 -1 -1 0 
1796 16 5 0 600 479 -1 -1 -1 0 
1797 16 5 0 600 479 -1 -1 -1 0 
1798 16 4 0 601 479 -1 -1 -1 0 
1799 16 4 0 601 479 -1 -1 -1 0 
1800 16 3 0 602 479 -1 -1 -1 0 
1801 16 4 0 600 479 -1 -1 -1 0 
1802 16 4 0 600 479 -1 -1 -1 0 
1803 16 5 0 599 479 -1 -1 -1 0 
1804 16 1 0 605 479 -1 -1 -1 0 
1805 16 0 0 605 479 -1 -1 -1 0 
1806 16 3 0 578 479 -1 -1 -1 0 
1807 16 2 0 598 479 -1 -1 -1 0 
1808 16 4 0 598 479 -1 -1 -1 0 
1809 16 7 0 596 479 -1 -1 -1 0 
1810 16 8 0 596 479 -1 -1 -1 0 
1811 16 8 0 596 479 -1 -1 -1 0 
1812 16 5 0 600 479 -1 -1 -1 0 
1813 16 5 0 600 479 -1 -1 -1 0 
1814 16 5 0 600 479 -1 -1 -1 0 
1815 16 5 0 600 479 -1 -1 -1 0 
1816 16 3 0 603 479 -1 -1 -1 0 
1817 16 5 0 598 479 -1 -1 -1 0 
1818 16 5 0 599 479 -1 -1 -1 0 
1819 16 5 0 597 479 -1 -1 -1 0 
1820 16 3 0 604 479 -1 -1 -1 0 
1821 16 4 0 603 479 -1 -1 -1 0 
1822 16 7 0 598 479 -1 -1 -1 0 
1823 16 6 0 602 479 -1 -1 -1 0 
1824 16 5 0 603 479 -1 -1 -1 0 
1825 16 5 0 603 479 -1 -1 -1 0 
1826 16 5 0 603 479 -1 -1 -1 0 
1827 16 2 0 608 479 -1 -1 -1 0 
1828 16 3 0 607 479 -1 -1 -1 0 
1829 16 3 0 608 479 -1 -1 -1 0 
1830 16 3 0 607 479 -1 -1 -1 0 
1831 16 3 0 607 479 -1 -1 -1 0 
1832 16 4 0 605 479 -1 -1 -1 0 
1833 16 8 0 599 479 -1 -1 -1 0 
1834 16 9 0 598 479 -1 -1 -1 0 
1835 16 7 0 599 479 -1 -1 -1 0 
1836 16 5 0 603 479 -1 -1 -1 0 
1837 16 5 0 604 479 -1 -1 -1 0 
1838 16 1 0 610 479 -1 -1 -1 0 
1839 16 0 0 611 479 -1 -1 -1 0 
1840 16 0 0 613 478 -1 -1 -1 0 
1841 16 0 0 615 478 -1 -1 -1 0 
1842 16 0 0 614 477 -1 -1 -1 0 
1843 16 0 0 612 477 -1 -1 -1 0 
1844 16 0 0 612 476 -1 -1 -1 0 
1845 16 0 0 609 476 -1 -1 -1 0 
1846 16 0 0 611 476 -1 -1 -1 0 
1847 16 0 0 613 474 -1 -1 -1 0 
1848 16 1 0 609 474 -1 -1 -1 0 
1849 16 0 0 609 475 -1 -1 -1 0 
1850 16 0 0 609 476 -1 -1 -1 0 
1851 16 3 1 605 474 -1 -1 -1 0 
1852 16 2 2 606 474 -1 -1 -1 0 
1853 16 2 3 607 472 -1 -1 -1 0 
1854 16 0 2 611 472 -1 -1 -1 0 
1855 16 0 1 615 472 -1 -1 -1 0 
1856 16 0 2 611 470 -1 -1 -1 0 
1857 16 0 1 613 471 -1 -1 -1 0 
1858 16 10 0 558 473 -1 -1 -1 0 
1859 16 4 0 562 473 -1 -1 -1 0 
1860 16 5 0 556 472 -1 -1 -1 0 
1861 16 5 0 556 471 -1 -1 -1 0 
1862 16 3 0 557 470 -1 -1 -1 0 
1863 16 5 0 553 472 -1 -1 -1 0 
1864 16 3 0 548 475 -1 -1 -1 0 
1865 16 4 0 541 477 -1 -1 -1 0 
1866 16 2 0 541 479 -1 -1 -1 0 
1867 16 3 0 539 475 -1 -1 -1 0 
1868 16 7 0 533 473 -1 -1 -1 0 
1869 16 6 0 539 471 -1 -1 -1 0 
1870 16 3 0 531 470 -1 -1 -1 0 
1871 16 3 0 520 470 -1 -1 -1 0 
1872 16 2 1 485 471 -1 -1 -1 0 
1873 16 0 1 478 475 -1 -1 -1 0 
1874 16 0 0 477 474 -1 -1 -1 0 
1875 16 0 0 468 472 -1 -1 -1 0 
1876 16 0 0 467 473 -1 -1 -1 0 
1877 16 0 0 465 467 -1 -1 -1 0 
1878 16 1 0 444 467 -1 -1 -1 0 
1879 16 0 0 442 468 -1 -1 -1 0 
1880 16 5 0 392 471 -1 -1 -1 0 
1881 16 3 0 376 468 -1 -1 -1 0 
1882 16 0 0 381 469 -1 -1 -1 0 
1883 16 2 0 373 469 -1 -1 -1 0 
1884 16 3 0 363 470 -1 -1 -1 0 
1885 16 3 0 360 472 -1 -1 -1 0 
1886 16 4 0 362 469 -1 -1 -1 0 
1887 16 0 0 383 468 -1 -1 -1 0 
1888 16 1 0 392 466 -1 -1 -1 0 
1889 16 4 0 380 469 -1 -1 -1 0 
1893 16 4 6 449 463 -1 -1 -1 0 
1894 16 5 4 462 467 -1 -1 -1 0 
1896 16 5 8 485 468 -1 -1 -1 0 
1902 16 26 33 486 440 -1 -1 -1 0 
1903 16 4 11 530 465 -1 -1 -1 0 
1904 16 0 6 541 466 -1 -1 -1 0 
1905 16 0 0 551 473 -1 -1 -1 0 
1906 16 3 0 553 472 -1 -1 -1 0 
1907 16 6 0 554 477 -1 -1 -1 0 
1908 16 0 0 563 477 -1 -1 -1 0 
1909 16 0 0 562 477 -1 -1 -1 0 
1910 16 4 0 549 475 -1 -1 -1 0 
1911 16 0 0 555 475 -1 -1 -1 0 
1912 16 0 0 551 474 -1 -1 -1 0 
1913 16 0 0 600 471 -1 -1 -1 0 
1914 16 1 0 569 471 -1 -1 -1 0 
1915 16 0 0 571 471 -1 -1 -1 0 
1916 16 10 4 540 469 -1 -1 -1 0 
1917 16 7 2 535 476 -1 -1 -1 0 
1918 16 11 2 532 474 -1 -1 -1 0 
1919 16 20 0 506 472 -1 -1 -1 0 
1920 16 22 1 493 470 -1 -1 -1 0 
1923 16 8 0 466 472 -1 -1 -1 0 
1924 16 8 0 442 467 -1 -1 -1 0 
1925 16 5 0 435 472 -1 -1 -1 0 
1926 16 5 1 423 468 -1 -1 -1 0 
1928 16 1 0 391 465 -1 -1 -1 0 
1929 16 8 3 365 465 -1 -1 -1 0 
1930 16 8 1 356 467 -1 -1 -1 0 
1931 16 8 1 355 468 -1 -1 -1 0 
1932 16 5 2 353 469 -1 -1 -1 0 
1933 16 5 2 353 471 -1 -1 -1 0 
