3 1 0 1015 291 900 -1 -1 -1 0 
4 1 0 1003 291 912 -1 -1 -1 0 
5 1 0 1007 291 907 -1 -1 -1 0 
6 1 0 1014 289 897 -1 -1 -1 0 
7 1 0 1012 291 900 -1 -1 -1 0 
8 1 0 1017 292 896 -1 -1 -1 0 
9 1 0 1018 289 894 -1 -1 -1 0 
10 1 0 1021 291 892 -1 -1 -1 0 
11 1 0 1018 294 892 -1 -1 -1 0 
12 1 0 1015 297 893 -1 -1 -1 0 
13 1 0 1015 303 892 -1 -1 -1 0 
14 1 0 1022 312 886 -1 -1 -1 0 
15 1 0 1020 315 886 -1 -1 -1 0 
16 1 0 1023 320 884 -1 -1 -1 0 
17 1 0 1022 329 887 -1 -1 -1 0 
18 1 0 1029 334 881 -1 -1 -1 0 
19 1 0 1029 344 879 -1 -1 -1 0 
20 1 0 1035 356 875 -1 -1 -1 0 
21 1 0 1041 357 868 -1 -1 -1 0 
22 1 0 1042 365 863 -1 -1 -1 0 
