3 1 43 8 587 471 -1 -1 -1 0 
4 1 43 5 582 472 -1 -1 -1 0 
5 1 45 7 584 472 -1 -1 -1 0 
6 1 47 8 584 471 -1 -1 -1 0 
7 1 49 7 582 472 -1 -1 -1 0 
8 1 49 7 582 472 -1 -1 -1 0 
9 1 47 7 585 472 -1 -1 -1 0 
10 1 44 8 588 471 -1 -1 -1 0 
11 1 45 7 585 472 -1 -1 -1 0 
12 1 46 9 584 470 -1 -1 -1 0 
13 1 44 12 592 467 -1 -1 -1 0 
14 1 45 13 592 466 -1 -1 -1 0 
15 1 49 10 582 469 -1 -1 -1 0 
16 1 45 12 590 467 -1 -1 -1 0 
17 1 53 14 582 465 -1 -1 -1 0 
18 1 54 13 582 466 -1 -1 -1 0 
19 1 44 10 589 469 -1 -1 -1 0 
20 1 43 9 591 470 -1 -1 -1 0 
21 1 38 9 598 470 -1 -1 -1 0 
22 1 40 8 594 471 -1 -1 -1 0 
23 1 41 7 592 472 -1 -1 -1 0 
24 1 40 8 595 471 -1 -1 -1 0 
25 1 42 7 592 472 -1 -1 -1 0 
26 1 40 7 595 472 -1 -1 -1 0 
27 1 48 10 591 469 -1 -1 -1 0 
28 1 49 11 590 468 -1 -1 -1 0 
29 1 41 9 596 470 -1 -1 -1 0 
30 1 43 9 593 470 -1 -1 -1 0 
31 1 46 11 593 468 -1 -1 -1 0 
32 1 44 11 595 468 -1 -1 -1 0 
33 1 45 12 594 467 -1 -1 -1 0 
34 1 43 9 592 470 -1 -1 -1 0 
35 1 43 8 592 471 -1 -1 -1 0 
36 1 42 8 593 471 -1 -1 -1 0 
37 1 42 8 592 471 -1 -1 -1 0 
38 1 43 8 591 471 -1 -1 -1 0 
39 1 42 11 597 468 -1 -1 -1 0 
40 1 52 6 586 473 -1 -1 -1 0 
41 1 55 5 582 474 -1 -1 -1 0 
42 1 56 7 583 472 -1 -1 -1 0 
43 1 56 7 581 472 -1 -1 -1 0 
44 1 54 9 581 470 -1 -1 -1 0 
45 1 45 15 586 464 -1 -1 -1 0 
46 1 55 14 578 465 -1 -1 -1 0 
47 1 55 18 572 461 -1 -1 -1 0 
48 1 59 20 562 459 -1 -1 -1 0 
49 1 59 18 560 461 -1 -1 -1 0 
50 1 55 17 562 462 -1 -1 -1 0 
51 1 55 16 559 463 -1 -1 -1 0 
52 1 56 15 557 464 -1 -1 -1 0 
53 1 56 10 552 469 -1 -1 -1 0 
54 1 59 10 548 469 -1 -1 -1 0 
55 1 64 4 541 475 -1 -1 -1 0 
56 1 49 2 567 477 -1 -1 -1 0 
57 1 62 0 547 474 -1 -1 -1 0 
58 1 52 4 551 469 -1 -1 -1 0 
59 1 45 4 562 475 -1 -1 -1 0 
60 1 61 6 516 473 -1 -1 -1 0 
61 1 88 5 479 472 -1 -1 -1 0 
62 1 93 2 466 472 -1 -1 -1 0 
63 1 101 0 454 477 -1 -1 -1 0 
64 1 116 0 431 478 -1 -1 -1 0 
65 1 126 0 421 478 -1 -1 -1 0 
66 1 142 0 389 477 -1 -1 -1 0 
67 1 145 0 390 477 -1 -1 -1 0 
68 1 162 0 395 476 -1 -1 -1 0 
69 1 170 0 400 475 -1 -1 -1 0 
70 1 202 0 379 477 -1 -1 -1 0 
71 1 205 0 381 479 -1 -1 -1 0 
72 1 214 0 370 479 -1 -1 -1 0 
73 1 211 0 374 479 -1 -1 -1 0 
74 1 216 3 331 476 -1 -1 -1 0 
75 1 225 1 339 478 -1 -1 -1 0 
76 1 237 3 302 476 -1 -1 -1 0 
77 1 236 7 290 472 -1 -1 -1 0 
78 1 240 2 279 476 -1 -1 -1 0 
79 1 243 0 265 479 -1 -1 -1 0 
80 1 243 0 259 479 -1 -1 -1 0 
81 1 242 2 258 477 -1 -1 -1 0 
82 1 239 1 260 478 -1 -1 -1 0 
83 1 238 0 260 479 -1 -1 -1 0 
84 1 240 3 257 476 -1 -1 -1 0 
85 1 242 1 254 478 -1 -1 -1 0 
86 1 245 0 249 479 -1 -1 -1 0 
87 1 252 0 242 479 -1 -1 -1 0 
88 1 256 0 239 479 -1 -1 -1 0 
89 1 265 7 230 472 -1 -1 -1 0 
90 1 269 13 227 464 -1 -1 -1 0 
91 1 285 19 211 455 -1 -1 -1 0 
92 1 289 23 207 450 -1 -1 -1 0 
93 1 292 25 203 448 -1 -1 -1 0 
94 1 294 34 201 436 -1 -1 -1 0 
95 1 298 43 194 428 -1 -1 -1 0 
96 1 299 47 192 425 -1 -1 -1 0 
97 1 299 57 187 414 -1 -1 -1 0 
98 1 299 61 184 412 -1 -1 -1 0 
99 1 297 67 178 405 -1 -1 -1 0 
100 1 296 72 175 401 -1 -1 -1 0 
101 1 295 73 171 400 -1 -1 -1 0 
102 1 295 75 165 398 -1 -1 -1 0 
103 1 293 77 163 397 -1 -1 -1 0 
104 1 292 78 161 398 -1 -1 -1 0 
105 1 289 82 163 388 -1 -1 -1 0 
106 1 290 82 161 388 -1 -1 -1 0 
107 1 287 85 164 378 -1 -1 -1 0 
108 1 288 87 160 379 -1 -1 -1 0 
109 1 288 89 160 378 -1 -1 -1 0 
110 1 289 92 158 373 -1 -1 -1 0 
111 1 291 94 153 371 -1 -1 -1 0 
112 1 293 97 151 369 -1 -1 -1 0 
113 1 294 99 150 367 -1 -1 -1 0 
114 1 296 101 147 365 -1 -1 -1 0 
115 1 297 104 146 361 -1 -1 -1 0 
116 1 299 106 143 360 -1 -1 -1 0 
117 1 300 109 141 355 -1 -1 -1 0 
118 1 304 117 138 345 -1 -1 -1 0 
119 1 307 118 132 345 -1 -1 -1 0 
120 1 306 127 132 335 -1 -1 -1 0 
121 1 305 132 132 329 -1 -1 -1 0 
122 1 303 137 131 321 -1 -1 -1 0 
123 1 296 142 129 316 -1 -1 -1 0 
124 1 295 141 126 319 -1 -1 -1 0 
125 1 293 143 125 313 -1 -1 -1 0 
126 1 292 144 124 312 -1 -1 -1 0 
127 1 290 146 125 310 -1 -1 -1 0 
128 1 289 148 125 306 -1 -1 -1 0 
129 1 290 150 122 305 -1 -1 -1 0 
130 1 290 152 121 303 -1 -1 -1 0 
131 1 291 151 119 307 -1 -1 -1 0 
132 1 289 147 122 314 -1 -1 -1 0 
133 1 291 148 121 314 -1 -1 -1 0 
134 1 296 160 120 297 -1 -1 -1 0 
135 1 301 160 116 296 -1 -1 -1 0 
136 1 304 161 115 295 -1 -1 -1 0 
137 1 309 159 110 297 -1 -1 -1 0 
138 1 310 162 109 294 -1 -1 -1 0 
139 1 309 164 109 292 -1 -1 -1 0 
140 1 309 167 109 289 -1 -1 -1 0 
141 1 309 171 106 285 -1 -1 -1 0 
142 1 308 171 103 286 -1 -1 -1 0 
143 1 307 171 102 287 -1 -1 -1 0 
144 1 305 172 103 286 -1 -1 -1 0 
145 1 305 170 102 285 -1 -1 -1 0 
146 1 303 170 104 281 -1 -1 -1 0 
147 1 305 175 101 271 -1 -1 -1 0 
148 1 306 177 99 268 -1 -1 -1 0 
149 1 306 177 97 270 -1 -1 -1 0 
150 1 307 180 96 267 -1 -1 -1 0 
151 1 308 184 95 263 -1 -1 -1 0 
152 1 311 187 94 262 -1 -1 -1 0 
153 1 314 188 91 260 -1 -1 -1 0 
154 1 315 188 91 257 -1 -1 -1 0 
155 1 316 189 92 252 -1 -1 -1 0 
156 1 317 190 92 250 -1 -1 -1 0 
157 1 318 192 91 248 -1 -1 -1 0 
158 1 318 194 91 242 -1 -1 -1 0 
159 1 319 197 90 234 -1 -1 -1 0 
160 1 321 199 86 230 -1 -1 -1 0 
161 1 321 200 85 230 -1 -1 -1 0 
162 1 322 201 82 234 -1 -1 -1 0 
163 1 321 202 82 236 -1 -1 -1 0 
164 1 320 201 83 234 -1 -1 -1 0 
165 1 321 200 81 232 -1 -1 -1 0 
166 1 322 201 78 232 -1 -1 -1 0 
167 1 321 201 80 229 -1 -1 -1 0 
168 1 322 203 78 224 -1 -1 -1 0 
169 1 324 205 76 222 -1 -1 -1 0 
170 1 326 206 75 221 -1 -1 -1 0 
171 1 328 207 74 220 -1 -1 -1 0 
172 1 329 207 75 220 -1 -1 -1 0 
173 1 332 207 74 223 -1 -1 -1 0 
174 1 334 206 74 229 -1 -1 -1 0 
175 1 334 205 76 226 -1 -1 -1 0 
176 1 335 207 75 222 -1 -1 -1 0 
177 1 335 207 76 219 -1 -1 -1 0 
178 1 334 209 77 209 -1 -1 -1 0 
179 1 336 210 74 206 -1 -1 -1 0 
180 1 336 212 72 204 -1 -1 -1 0 
181 1 335 214 73 201 -1 -1 -1 0 
182 1 334 215 70 210 -1 -1 -1 0 
183 1 334 215 68 213 -1 -1 -1 0 
184 1 333 214 68 215 -1 -1 -1 0 
185 1 332 214 68 216 -1 -1 -1 0 
186 1 331 212 69 213 -1 -1 -1 0 
187 1 330 213 69 204 -1 -1 -1 0 
188 1 330 213 67 201 -1 -1 -1 0 
189 1 329 214 67 198 -1 -1 -1 0 
190 1 328 213 69 196 -1 -1 -1 0 
191 1 329 214 67 194 -1 -1 -1 0 
192 1 329 214 67 194 -1 -1 -1 0 
193 1 328 214 69 194 -1 -1 -1 0 
194 1 330 215 68 194 -1 -1 -1 0 
195 1 330 215 69 193 -1 -1 -1 0 
196 1 330 215 69 193 -1 -1 -1 0 
197 1 331 215 69 193 -1 -1 -1 0 
198 1 332 215 69 192 -1 -1 -1 0 
199 1 333 215 69 191 -1 -1 -1 0 
200 1 335 215 67 190 -1 -1 -1 0 
201 1 337 215 66 191 -1 -1 -1 0 
202 1 338 215 66 191 -1 -1 -1 0 
203 1 340 214 65 193 -1 -1 -1 0 
204 1 339 214 67 191 -1 -1 -1 0 
205 1 339 215 66 188 -1 -1 -1 0 
206 1 341 215 62 186 -1 -1 -1 0 
207 1 342 215 59 184 -1 -1 -1 0 
208 1 347 216 51 187 -1 -1 -1 0 
209 1 348 216 49 190 -1 -1 -1 0 
210 1 348 216 49 192 -1 -1 -1 0 
211 1 348 215 49 194 -1 -1 -1 0 
212 1 348 215 48 197 -1 -1 -1 0 
213 1 348 215 47 198 -1 -1 -1 0 
214 1 348 215 45 200 -1 -1 -1 0 
215 1 347 213 45 201 -1 -1 -1 0 
216 1 344 212 46 198 -1 -1 -1 0 
217 1 341 212 49 193 -1 -1 -1 0 
218 1 338 211 52 194 -1 -1 -1 0 
219 1 336 209 54 198 -1 -1 -1 0 
220 1 335 208 56 201 -1 -1 -1 0 
221 1 333 206 59 202 -1 -1 -1 0 
222 1 330 207 63 201 -1 -1 -1 0 
223 1 326 210 68 199 -1 -1 -1 0 
224 1 326 212 67 201 -1 -1 -1 0 
225 1 322 210 72 203 -1 -1 -1 0 
226 1 319 208 73 206 -1 -1 -1 0 
227 1 318 208 72 210 -1 -1 -1 0 
228 1 316 204 73 216 -1 -1 -1 0 
229 1 313 202 77 219 -1 -1 -1 0 
230 1 311 200 82 217 -1 -1 -1 0 
231 1 309 199 84 218 -1 -1 -1 0 
232 1 309 198 83 221 -1 -1 -1 0 
233 1 306 198 87 220 -1 -1 -1 0 
234 1 306 199 87 219 -1 -1 -1 0 
235 1 309 199 84 225 -1 -1 -1 0 
236 1 309 198 85 228 -1 -1 -1 0 
237 1 311 196 83 231 -1 -1 -1 0 
238 1 310 195 85 233 -1 -1 -1 0 
239 1 311 195 84 234 -1 -1 -1 0 
240 1 310 192 85 240 -1 -1 -1 0 
241 1 309 192 88 240 -1 -1 -1 0 
242 1 307 187 90 250 -1 -1 -1 0 
243 1 306 186 92 254 -1 -1 -1 0 
244 1 304 184 94 254 -1 -1 -1 0 
245 1 304 182 93 265 -1 -1 -1 0 
246 1 303 178 95 270 -1 -1 -1 0 
247 1 301 170 98 277 -1 -1 -1 0 
248 1 299 166 102 280 -1 -1 -1 0 
249 1 298 173 103 270 -1 -1 -1 0 
250 1 300 165 101 282 -1 -1 -1 0 
251 1 298 164 105 286 -1 -1 -1 0 
252 1 297 172 108 274 -1 -1 -1 0 
253 1 300 168 105 284 -1 -1 -1 0 
254 1 301 165 106 289 -1 -1 -1 0 
255 1 304 160 105 298 -1 -1 -1 0 
256 1 306 161 107 295 -1 -1 -1 0 
257 1 306 160 110 296 -1 -1 -1 0 
258 1 307 154 114 301 -1 -1 -1 0 
259 1 307 151 118 304 -1 -1 -1 0 
260 1 308 151 120 302 -1 -1 -1 0 
261 1 308 151 121 302 -1 -1 -1 0 
262 1 308 150 122 305 -1 -1 -1 0 
263 1 307 149 124 307 -1 -1 -1 0 
264 1 306 144 125 311 -1 -1 -1 0 
265 1 303 138 128 329 -1 -1 -1 0 
266 1 300 132 132 325 -1 -1 -1 0 
267 1 299 135 132 334 -1 -1 -1 0 
268 1 298 133 136 332 -1 -1 -1 0 
269 1 298 131 137 333 -1 -1 -1 0 
270 1 298 128 141 337 -1 -1 -1 0 
271 1 300 125 141 340 -1 -1 -1 0 
272 1 304 114 143 359 -1 -1 -1 0 
273 1 304 115 145 348 -1 -1 -1 0 
274 1 305 110 148 351 -1 -1 -1 0 
275 1 304 103 150 358 -1 -1 -1 0 
276 1 304 97 159 365 -1 -1 -1 0 
277 1 303 93 165 370 -1 -1 -1 0 
278 1 302 88 171 373 -1 -1 -1 0 
279 1 300 76 181 395 -1 -1 -1 0 
280 1 297 80 180 382 -1 -1 -1 0 
281 1 296 78 183 387 -1 -1 -1 0 
282 1 291 76 188 394 -1 -1 -1 0 
283 1 289 70 190 400 -1 -1 -1 0 
284 1 284 61 195 409 -1 -1 -1 0 
285 1 283 56 196 416 -1 -1 -1 0 
286 1 281 53 199 422 -1 -1 -1 0 
287 1 279 48 201 425 -1 -1 -1 0 
288 1 273 41 209 431 -1 -1 -1 0 
289 1 276 36 205 435 -1 -1 -1 0 
290 1 275 32 210 444 -1 -1 -1 0 
291 1 280 19 214 459 -1 -1 -1 0 
292 1 282 11 218 467 -1 -1 -1 0 
293 1 284 0 228 479 -1 -1 -1 0 
294 1 282 0 239 479 -1 -1 -1 0 
295 1 280 0 254 479 -1 -1 -1 0 
296 1 277 1 265 478 -1 -1 -1 0 
297 1 272 0 282 478 -1 -1 -1 0 
298 1 270 0 289 479 -1 -1 -1 0 
299 1 264 0 297 479 -1 -1 -1 0 
300 1 260 0 296 477 -1 -1 -1 0 
301 1 254 0 298 479 -1 -1 -1 0 
302 1 239 0 302 479 -1 -1 -1 0 
303 1 228 0 302 479 -1 -1 -1 0 
304 1 227 0 294 479 -1 -1 -1 0 
305 1 214 0 291 479 -1 -1 -1 0 
306 1 207 0 295 479 -1 -1 -1 0 
307 1 201 6 297 472 -1 -1 -1 0 
308 1 202 2 289 477 -1 -1 -1 0 
309 1 183 3 291 473 -1 -1 -1 0 
310 1 175 1 288 478 -1 -1 -1 0 
311 1 167 0 287 479 -1 -1 -1 0 
312 1 150 2 310 476 -1 -1 -1 0 
313 1 135 0 329 477 -1 -1 -1 0 
314 1 124 3 341 470 -1 -1 -1 0 
315 1 106 2 368 474 -1 -1 -1 0 
316 1 88 6 399 470 -1 -1 -1 0 
317 1 62 1 444 476 -1 -1 -1 0 
318 1 51 0 462 478 -1 -1 -1 0 
319 1 29 4 509 475 -1 -1 -1 0 
320 1 25 2 524 477 -1 -1 -1 0 
321 1 28 1 510 478 -1 -1 -1 0 
322 1 31 0 508 479 -1 -1 -1 0 
323 1 28 0 512 479 -1 -1 -1 0 
324 1 28 0 515 479 -1 -1 -1 0 
325 1 19 6 529 473 -1 -1 -1 0 
326 1 12 7 539 471 -1 -1 -1 0 
327 1 18 9 528 469 -1 -1 -1 0 
328 1 22 9 533 461 -1 -1 -1 0 
329 1 24 2 523 469 -1 -1 -1 0 
330 1 33 0 552 473 -1 -1 -1 0 
331 1 40 0 543 473 -1 -1 -1 0 
332 1 34 4 564 474 -1 -1 -1 0 
333 1 49 1 531 478 -1 -1 -1 0 
334 1 37 4 553 475 -1 -1 -1 0 
335 1 35 3 548 476 -1 -1 -1 0 
336 1 17 0 584 472 -1 -1 -1 0 
337 1 24 1 568 471 -1 -1 -1 0 
338 1 7 4 593 472 -1 -1 -1 0 
339 1 9 7 595 469 -1 -1 -1 0 
340 1 5 8 603 471 -1 -1 -1 0 
341 1 11 9 601 470 -1 -1 -1 0 
342 1 17 12 593 463 -1 -1 -1 0 
343 1 23 9 589 466 -1 -1 -1 0 
344 1 28 6 581 471 -1 -1 -1 0 
345 1 24 6 585 471 -1 -1 -1 0 
346 1 24 2 589 475 -1 -1 -1 0 
347 1 25 1 590 477 -1 -1 -1 0 
348 1 24 0 591 478 -1 -1 -1 0 
349 1 24 0 590 477 -1 -1 -1 0 
350 1 20 0 594 478 -1 -1 -1 0 
351 1 24 0 590 477 -1 -1 -1 0 
352 1 22 0 594 476 -1 -1 -1 0 
353 1 26 0 588 476 -1 -1 -1 0 
354 1 30 0 584 476 -1 -1 -1 0 
355 1 34 0 577 477 -1 -1 -1 0 
356 1 100 6 495 463 -1 -1 -1 0 
357 1 40 0 573 476 -1 -1 -1 0 
358 1 35 0 574 476 -1 -1 -1 0 
359 1 36 0 574 476 -1 -1 -1 0 
360 1 35 2 575 474 -1 -1 -1 0 
361 1 34 1 575 476 -1 -1 -1 0 
362 1 32 0 578 477 -1 -1 -1 0 
363 1 34 1 574 476 -1 -1 -1 0 
364 1 37 1 571 475 -1 -1 -1 0 
365 1 35 2 576 475 -1 -1 -1 0 
366 1 38 1 569 477 -1 -1 -1 0 
367 1 36 0 575 478 -1 -1 -1 0 
368 1 39 0 570 477 -1 -1 -1 0 
369 1 38 1 571 476 -1 -1 -1 0 
370 1 37 0 572 477 -1 -1 -1 0 
371 1 42 0 566 476 -1 -1 -1 0 
372 1 37 2 572 474 -1 -1 -1 0 
373 1 40 1 567 476 -1 -1 -1 0 
374 1 38 0 571 477 -1 -1 -1 0 
375 1 39 0 569 477 -1 -1 -1 0 
376 1 40 1 569 476 -1 -1 -1 0 
377 1 35 1 576 475 -1 -1 -1 0 
378 1 35 1 576 475 -1 -1 -1 0 
379 1 36 1 575 476 -1 -1 -1 0 
380 1 35 2 578 474 -1 -1 -1 0 
381 1 36 2 574 474 -1 -1 -1 0 
382 1 35 2 575 475 -1 -1 -1 0 
383 1 31 2 581 474 -1 -1 -1 0 
384 1 31 1 580 476 -1 -1 -1 0 
385 1 30 1 581 476 -1 -1 -1 0 
386 1 27 2 587 476 -1 -1 -1 0 
387 1 24 4 591 473 -1 -1 -1 0 
388 1 26 4 585 472 -1 -1 -1 0 
389 1 17 4 598 472 -1 -1 -1 0 
390 1 17 2 596 473 -1 -1 -1 0 
391 1 16 2 597 474 -1 -1 -1 0 
392 1 17 1 598 476 -1 -1 -1 0 
393 1 12 2 607 473 -1 -1 -1 0 
394 1 11 1 611 475 -1 -1 -1 0 
395 1 7 0 618 476 -1 -1 -1 0 
396 1 10 0 614 476 -1 -1 -1 0 
397 1 5 1 622 475 -1 -1 -1 0 
398 1 6 0 619 478 -1 -1 -1 0 
399 1 7 0 617 478 -1 -1 -1 0 
400 1 8 1 616 476 -1 -1 -1 0 
401 1 9 1 615 476 -1 -1 -1 0 
402 1 9 3 615 473 -1 -1 -1 0 
403 1 5 2 622 475 -1 -1 -1 0 
404 1 7 1 617 476 -1 -1 -1 0 
405 1 7 1 617 476 -1 -1 -1 0 
406 1 7 2 619 475 -1 -1 -1 0 
407 1 6 2 622 476 -1 -1 -1 0 
408 1 7 3 621 474 -1 -1 -1 0 
409 1 8 4 619 473 -1 -1 -1 0 
410 1 8 4 619 473 -1 -1 -1 0 
411 1 8 4 618 473 -1 -1 -1 0 
412 1 9 4 618 473 -1 -1 -1 0 
413 1 11 2 615 476 -1 -1 -1 0 
414 1 11 1 616 477 -1 -1 -1 0 
415 1 9 0 621 478 -1 -1 -1 0 
416 1 11 0 617 478 -1 -1 -1 0 
417 1 12 1 615 476 -1 -1 -1 0 
418 1 11 1 617 477 -1 -1 -1 0 
419 1 9 1 620 476 -1 -1 -1 0 
420 1 11 2 616 475 -1 -1 -1 0 
421 1 9 1 619 476 -1 -1 -1 0 
422 1 11 0 616 477 -1 -1 -1 0 
423 1 10 1 619 475 -1 -1 -1 0 
424 1 10 1 618 476 -1 -1 -1 0 
425 1 9 1 620 476 -1 -1 -1 0 
426 1 9 2 619 474 -1 -1 -1 0 
427 1 10 2 620 475 -1 -1 -1 0 
428 1 9 2 619 475 -1 -1 -1 0 
429 1 9 1 619 476 -1 -1 -1 0 
430 1 8 1 622 477 -1 -1 -1 0 
431 1 8 1 621 477 -1 -1 -1 0 
432 1 7 0 623 478 -1 -1 -1 0 
433 1 10 0 617 478 -1 -1 -1 0 
434 1 10 0 616 478 -1 -1 -1 0 
435 1 7 3 622 473 -1 -1 -1 0 
436 1 9 2 616 474 -1 -1 -1 0 
437 1 9 7 615 468 -1 -1 -1 0 
438 1 9 5 617 472 -1 -1 -1 0 
439 1 11 2 611 475 -1 -1 -1 0 
440 1 15 4 595 473 -1 -1 -1 0 
441 1 22 2 586 476 -1 -1 -1 0 
442 1 18 5 594 472 -1 -1 -1 0 
443 1 23 6 585 473 -1 -1 -1 0 
444 1 19 4 596 471 -1 -1 -1 0 
445 1 12 6 607 467 -1 -1 -1 0 
446 1 20 1 601 476 -1 -1 -1 0 
447 1 18 0 606 477 -1 -1 -1 0 
448 1 53 1 585 466 -1 -1 -1 0 
449 1 57 0 582 469 -1 -1 -1 0 
450 1 64 3 575 464 -1 -1 -1 0 
451 1 73 2 566 465 -1 -1 -1 0 
452 1 72 3 567 465 -1 -1 -1 0 
453 1 73 2 566 467 -1 -1 -1 0 
454 1 74 0 565 471 -1 -1 -1 0 
455 1 72 0 567 471 -1 -1 -1 0 
456 1 70 0 569 470 -1 -1 -1 0 
457 1 70 0 569 471 -1 -1 -1 0 
458 1 68 0 571 472 -1 -1 -1 0 
459 1 68 0 571 472 -1 -1 -1 0 
460 1 68 0 571 472 -1 -1 -1 0 
461 1 65 0 574 472 -1 -1 -1 0 
462 1 61 0 578 473 -1 -1 -1 0 
463 1 67 0 572 471 -1 -1 -1 0 
464 1 70 0 569 472 -1 -1 -1 0 
465 1 72 0 567 473 -1 -1 -1 0 
466 1 69 0 570 476 -1 -1 -1 0 
467 1 65 0 574 475 -1 -1 -1 0 
468 1 67 0 572 476 -1 -1 -1 0 
469 1 63 0 576 476 -1 -1 -1 0 
470 1 32 0 596 479 -1 -1 -1 0 
471 1 30 0 598 479 -1 -1 -1 0 
472 1 28 0 599 479 -1 -1 -1 0 
473 1 29 0 596 479 -1 -1 -1 0 
474 1 31 0 595 479 -1 -1 -1 0 
475 1 28 0 599 479 -1 -1 -1 0 
476 1 30 0 595 479 -1 -1 -1 0 
477 1 57 0 581 467 -1 -1 -1 0 
478 1 57 0 582 466 -1 -1 -1 0 
479 1 54 0 585 467 -1 -1 -1 0 
480 1 52 2 587 465 -1 -1 -1 0 
481 1 66 0 573 473 -1 -1 -1 0 
482 1 86 3 553 475 -1 -1 -1 0 
483 1 168 0 468 479 -1 -1 -1 0 
484 1 79 0 560 479 -1 -1 -1 0 
485 1 28 5 611 473 -1 -1 -1 0 
486 1 53 1 586 467 -1 -1 -1 0 
487 1 46 19 576 453 -1 -1 -1 0 
488 1 61 8 539 468 -1 -1 -1 0 
489 1 54 7 561 472 -1 -1 -1 0 
490 1 92 3 519 476 -1 -1 -1 0 
491 1 69 12 543 467 -1 -1 -1 0 
492 1 71 13 537 466 -1 -1 -1 0 
493 1 73 17 536 462 -1 -1 -1 0 
494 1 91 3 521 476 -1 -1 -1 0 
495 1 87 4 534 475 -1 -1 -1 0 
496 1 90 2 535 476 -1 -1 -1 0 
497 1 91 1 537 478 -1 -1 -1 0 
498 1 93 2 537 477 -1 -1 -1 0 
499 1 91 4 537 475 -1 -1 -1 0 
500 1 94 5 531 474 -1 -1 -1 0 
501 1 101 10 522 469 -1 -1 -1 0 
502 1 100 15 527 464 -1 -1 -1 0 
503 1 104 18 521 461 -1 -1 -1 0 
504 1 120 23 509 455 -1 -1 -1 0 
505 1 154 10 477 469 -1 -1 -1 0 
506 1 168 7 462 472 -1 -1 -1 0 
507 1 173 8 453 471 -1 -1 -1 0 
508 1 182 10 442 468 -1 -1 -1 0 
509 1 192 13 433 464 -1 -1 -1 0 
510 1 195 19 432 457 -1 -1 -1 0 
511 1 196 21 431 457 -1 -1 -1 0 
512 1 193 23 438 456 -1 -1 -1 0 
513 1 197 25 432 454 -1 -1 -1 0 
514 1 197 25 437 453 -1 -1 -1 0 
515 1 197 26 436 451 -1 -1 -1 0 
516 1 195 27 437 448 -1 -1 -1 0 
517 1 194 27 438 448 -1 -1 -1 0 
518 1 194 28 436 448 -1 -1 -1 0 
519 1 194 28 435 448 -1 -1 -1 0 
520 1 193 31 440 444 -1 -1 -1 0 
521 1 198 28 431 447 -1 -1 -1 0 
522 1 198 30 430 444 -1 -1 -1 0 
523 1 199 30 430 444 -1 -1 -1 0 
524 1 200 29 430 444 -1 -1 -1 0 
525 1 199 29 429 442 -1 -1 -1 0 
526 1 198 28 429 444 -1 -1 -1 0 
527 1 198 26 429 446 -1 -1 -1 0 
528 1 197 27 430 444 -1 -1 -1 0 
529 1 195 26 432 443 -1 -1 -1 0 
530 1 195 26 430 443 -1 -1 -1 0 
531 1 195 26 431 443 -1 -1 -1 0 
532 1 197 25 429 445 -1 -1 -1 0 
533 1 197 25 429 444 -1 -1 -1 0 
534 1 198 25 428 443 -1 -1 -1 0 
535 1 199 25 427 443 -1 -1 -1 0 
536 1 201 24 425 444 -1 -1 -1 0 
537 1 199 24 429 444 -1 -1 -1 0 
538 1 201 24 425 445 -1 -1 -1 0 
539 1 200 25 426 443 -1 -1 -1 0 
540 1 200 25 427 443 -1 -1 -1 0 
541 1 200 25 425 443 -1 -1 -1 0 
542 1 202 25 422 443 -1 -1 -1 0 
543 1 201 26 422 442 -1 -1 -1 0 
544 1 200 26 425 442 -1 -1 -1 0 
545 1 201 25 421 442 -1 -1 -1 0 
546 1 200 24 423 444 -1 -1 -1 0 
547 1 200 24 423 443 -1 -1 -1 0 
548 1 200 24 422 443 -1 -1 -1 0 
549 1 200 24 422 443 -1 -1 -1 0 
550 1 200 24 422 443 -1 -1 -1 0 
551 1 200 24 422 443 -1 -1 -1 0 
552 1 200 24 422 443 -1 -1 -1 0 
553 1 200 24 422 443 -1 -1 -1 0 
554 1 200 24 422 443 -1 -1 -1 0 
555 1 200 24 422 443 -1 -1 -1 0 
556 1 200 24 422 443 -1 -1 -1 0 
