3 1 0 0 613 471 -1 -1 -1 0 
4 1 0 0 609 471 -1 -1 -1 0 
5 1 0 0 608 471 -1 -1 -1 0 
6 1 0 0 609 472 -1 -1 -1 0 
7 1 0 0 609 472 -1 -1 -1 0 
8 1 0 0 608 472 -1 -1 -1 0 
9 1 0 0 607 472 -1 -1 -1 0 
10 1 0 0 607 472 -1 -1 -1 0 
11 1 0 0 609 472 -1 -1 -1 0 
12 1 0 0 609 473 -1 -1 -1 0 
13 1 0 0 610 472 -1 -1 -1 0 
14 1 0 0 610 472 -1 -1 -1 0 
15 1 0 0 610 471 -1 -1 -1 0 
16 1 0 0 611 470 -1 -1 -1 0 
17 1 0 0 611 471 -1 -1 -1 0 
18 1 0 0 611 471 -1 -1 -1 0 
19 1 0 0 609 471 -1 -1 -1 0 
20 1 0 0 609 471 -1 -1 -1 0 
21 1 0 0 610 472 -1 -1 -1 0 
22 1 0 0 611 471 -1 -1 -1 0 
23 1 0 0 610 471 -1 -1 -1 0 
24 1 0 0 610 471 -1 -1 -1 0 
25 1 0 0 610 471 -1 -1 -1 0 
26 1 0 0 609 472 -1 -1 -1 0 
27 1 0 0 610 472 -1 -1 -1 0 
28 1 0 0 610 471 -1 -1 -1 0 
29 1 0 0 613 471 -1 -1 -1 0 
30 1 0 1 612 470 -1 -1 -1 0 
31 1 0 0 611 471 -1 -1 -1 0 
32 1 0 0 612 470 -1 -1 -1 0 
33 1 0 10 613 464 -1 -1 -1 0 
34 1 0 12 613 463 -1 -1 -1 0 
35 1 0 13 614 463 -1 -1 -1 0 
36 1 0 12 613 464 -1 -1 -1 0 
37 1 0 13 613 463 -1 -1 -1 0 
38 1 0 11 612 466 -1 -1 -1 0 
39 1 0 12 614 464 -1 -1 -1 0 
40 1 0 1 608 471 -1 -1 -1 0 
41 1 0 0 606 472 -1 -1 -1 0 
42 1 0 0 604 471 -1 -1 -1 0 
43 1 0 0 603 472 -1 -1 -1 0 
44 1 0 0 604 472 -1 -1 -1 0 
45 1 0 0 603 472 -1 -1 -1 0 
46 1 0 0 604 472 -1 -1 -1 0 
47 1 0 0 604 473 -1 -1 -1 0 
48 1 0 0 606 471 -1 -1 -1 0 
49 1 0 0 605 472 -1 -1 -1 0 
50 1 0 0 606 472 -1 -1 -1 0 
51 1 0 0 607 471 -1 -1 -1 0 
52 1 0 0 605 472 -1 -1 -1 0 
53 1 0 0 603 472 -1 -1 -1 0 
54 1 9 0 570 474 -1 -1 -1 0 
55 1 0 0 604 472 -1 -1 -1 0 
56 1 0 4 610 474 -1 -1 -1 0 
57 1 0 6 613 473 -1 -1 -1 0 
58 1 0 2 610 469 -1 -1 -1 0 
59 1 0 1 609 466 -1 -1 -1 0 
60 1 0 0 612 466 -1 -1 -1 0 
61 1 0 0 612 465 -1 -1 -1 0 
62 1 0 0 613 468 -1 -1 -1 0 
63 1 0 0 616 469 -1 -1 -1 0 
64 1 0 1 624 477 -1 -1 -1 0 
65 1 0 5 622 474 -1 -1 -1 0 
66 1 0 6 625 473 -1 -1 -1 0 
67 1 1 3 620 476 -1 -1 -1 0 
68 1 0 8 621 471 -1 -1 -1 0 
69 1 55 1 542 478 -1 -1 -1 0 
70 1 112 0 465 479 -1 -1 -1 0 
71 1 129 0 439 479 -1 -1 -1 0 
72 1 159 0 401 478 -1 -1 -1 0 
73 1 160 0 391 474 -1 -1 -1 0 
74 1 161 0 397 478 -1 -1 -1 0 
75 1 159 0 407 478 -1 -1 -1 0 
76 1 168 0 400 475 -1 -1 -1 0 
77 1 172 0 396 477 -1 -1 -1 0 
78 1 192 0 368 478 -1 -1 -1 0 
79 1 196 0 365 477 -1 -1 -1 0 
80 1 200 2 347 475 -1 -1 -1 0 
81 1 201 1 347 473 -1 -1 -1 0 
82 1 200 1 352 473 -1 -1 -1 0 
83 1 201 2 352 471 -1 -1 -1 0 
84 1 204 2 343 473 -1 -1 -1 0 
85 1 204 1 387 478 -1 -1 -1 0 
86 1 202 7 409 472 -1 -1 -1 0 
87 1 206 7 409 472 -1 -1 -1 0 
88 1 203 7 409 472 -1 -1 -1 0 
89 1 207 8 398 471 -1 -1 -1 0 
90 1 211 8 385 471 -1 -1 -1 0 
91 1 202 3 345 476 -1 -1 -1 0 
106 1 200 2 332 477 -1 -1 -1 0 
107 1 205 1 310 478 -1 -1 -1 0 
108 1 215 0 264 477 -1 -1 -1 0 
109 1 219 0 260 474 -1 -1 -1 0 
117 1 278 4 328 475 -1 -1 -1 0 
119 1 363 28 273 442 -1 -1 -1 0 
120 1 358 37 281 431 -1 -1 -1 0 
121 1 356 39 283 429 -1 -1 -1 0 
122 1 368 39 266 432 -1 -1 -1 0 
123 1 378 23 245 453 -1 -1 -1 0 
124 1 379 15 248 463 -1 -1 -1 0 
125 1 376 33 263 441 -1 -1 -1 0 
126 1 377 15 256 461 -1 -1 -1 0 
127 1 378 17 260 461 -1 -1 -1 0 
128 1 378 6 260 471 -1 -1 -1 0 
129 1 380 25 259 451 -1 -1 -1 0 
130 1 381 28 258 451 -1 -1 -1 0 
131 1 380 33 259 445 -1 -1 -1 0 
132 1 382 37 257 438 -1 -1 -1 0 
133 1 385 39 254 433 -1 -1 -1 0 
134 1 385 36 254 436 -1 -1 -1 0 
135 1 378 33 261 441 -1 -1 -1 0 
136 1 375 28 264 445 -1 -1 -1 0 
137 1 371 21 268 453 -1 -1 -1 0 
138 1 369 19 270 455 -1 -1 -1 0 
139 1 365 0 268 478 -1 -1 -1 0 
140 1 365 1 269 475 -1 -1 -1 0 
141 1 367 2 272 476 -1 -1 -1 0 
142 1 368 4 271 475 -1 -1 -1 0 
143 1 366 3 270 475 -1 -1 -1 0 
144 1 361 8 274 471 -1 -1 -1 0 
145 1 357 8 276 471 -1 -1 -1 0 
146 1 356 7 277 472 -1 -1 -1 0 
147 1 351 7 283 472 -1 -1 -1 0 
148 1 350 8 283 471 -1 -1 -1 0 
149 1 352 8 279 471 -1 -1 -1 0 
150 1 353 9 279 470 -1 -1 -1 0 
151 1 355 8 276 471 -1 -1 -1 0 
152 1 356 4 275 474 -1 -1 -1 0 
153 1 355 4 274 474 -1 -1 -1 0 
154 1 354 2 274 476 -1 -1 -1 0 
155 1 352 4 277 473 -1 -1 -1 0 
156 1 353 2 275 476 -1 -1 -1 0 
157 1 354 0 273 477 -1 -1 -1 0 
158 1 358 0 276 473 -1 -1 -1 0 
159 1 365 1 274 469 -1 -1 -1 0 
160 1 370 3 257 465 -1 -1 -1 0 
161 1 374 2 240 473 -1 -1 -1 0 
162 1 388 6 201 465 -1 -1 -1 0 
163 1 383 0 191 476 -1 -1 -1 0 
164 1 366 4 203 470 -1 -1 -1 0 
165 1 361 1 205 471 -1 -1 -1 0 
166 1 356 1 202 470 -1 -1 -1 0 
167 1 352 0 200 474 -1 -1 -1 0 
168 1 337 0 204 471 -1 -1 -1 0 
169 1 328 0 206 479 -1 -1 -1 0 
170 1 309 0 213 479 -1 -1 -1 0 
171 1 282 0 226 478 -1 -1 -1 0 
172 1 272 0 229 476 -1 -1 -1 0 
173 1 254 0 236 479 -1 -1 -1 0 
174 1 248 0 237 479 -1 -1 -1 0 
175 1 245 0 239 479 -1 -1 -1 0 
176 1 234 0 243 479 -1 -1 -1 0 
177 1 224 0 249 479 -1 -1 -1 0 
178 1 219 13 253 446 -1 -1 -1 0 
179 1 205 2 262 468 -1 -1 -1 0 
180 1 205 1 257 470 -1 -1 -1 0 
181 1 207 13 258 455 -1 -1 -1 0 
182 1 212 17 253 452 -1 -1 -1 0 
183 1 234 24 230 444 -1 -1 -1 0 
184 1 238 30 225 439 -1 -1 -1 0 
185 1 244 34 218 435 -1 -1 -1 0 
186 1 252 40 207 431 -1 -1 -1 0 
187 1 254 47 204 426 -1 -1 -1 0 
188 1 255 51 202 422 -1 -1 -1 0 
189 1 256 60 198 412 -1 -1 -1 0 
190 1 256 66 196 406 -1 -1 -1 0 
191 1 256 71 193 400 -1 -1 -1 0 
192 1 259 82 179 388 -1 -1 -1 0 
193 1 260 85 175 385 -1 -1 -1 0 
194 1 262 86 171 387 -1 -1 -1 0 
195 1 263 89 170 383 -1 -1 -1 0 
196 1 264 91 169 379 -1 -1 -1 0 
197 1 265 94 167 377 -1 -1 -1 0 
198 1 260 91 175 388 -1 -1 -1 0 
199 1 262 96 169 383 -1 -1 -1 0 
200 1 263 103 166 376 -1 -1 -1 0 
201 1 266 116 163 363 -1 -1 -1 0 
202 1 268 121 161 358 -1 -1 -1 0 
203 1 279 122 151 357 -1 -1 -1 0 
204 1 286 123 144 354 -1 -1 -1 0 
205 1 290 126 140 351 -1 -1 -1 0 
206 1 290 127 140 350 -1 -1 -1 0 
207 1 293 130 136 346 -1 -1 -1 0 
208 1 294 133 135 341 -1 -1 -1 0 
209 1 295 140 130 333 -1 -1 -1 0 
210 1 295 144 128 329 -1 -1 -1 0 
211 1 294 147 125 324 -1 -1 -1 0 
212 1 294 147 122 323 -1 -1 -1 0 
213 1 292 149 123 318 -1 -1 -1 0 
214 1 292 150 121 315 -1 -1 -1 0 
215 1 289 139 121 328 -1 -1 -1 0 
216 1 286 140 124 327 -1 -1 -1 0 
217 1 290 155 119 302 -1 -1 -1 0 
218 1 291 156 117 300 -1 -1 -1 0 
219 1 283 151 125 312 -1 -1 -1 0 
220 1 283 154 125 310 -1 -1 -1 0 
221 1 291 165 118 292 -1 -1 -1 0 
222 1 294 169 116 284 -1 -1 -1 0 
223 1 299 170 112 278 -1 -1 -1 0 
224 1 302 170 109 275 -1 -1 -1 0 
225 1 305 171 106 272 -1 -1 -1 0 
226 1 308 172 102 270 -1 -1 -1 0 
227 1 310 174 100 273 -1 -1 -1 0 
228 1 311 175 98 269 -1 -1 -1 0 
229 1 313 179 93 261 -1 -1 -1 0 
230 1 315 182 89 258 -1 -1 -1 0 
231 1 315 184 87 264 -1 -1 -1 0 
232 1 315 184 86 264 -1 -1 -1 0 
233 1 315 184 84 265 -1 -1 -1 0 
234 1 315 183 84 266 -1 -1 -1 0 
235 1 314 183 87 262 -1 -1 -1 0 
236 1 314 184 87 260 -1 -1 -1 0 
237 1 312 184 91 258 -1 -1 -1 0 
238 1 311 188 94 249 -1 -1 -1 0 
239 1 312 190 93 245 -1 -1 -1 0 
240 1 314 193 91 241 -1 -1 -1 0 
241 1 316 196 90 237 -1 -1 -1 0 
242 1 318 194 94 240 -1 -1 -1 0 
243 1 321 195 93 238 -1 -1 -1 0 
244 1 327 194 89 237 -1 -1 -1 0 
245 1 329 193 87 232 -1 -1 -1 0 
246 1 332 194 82 234 -1 -1 -1 0 
247 1 331 194 81 234 -1 -1 -1 0 
248 1 333 195 79 232 -1 -1 -1 0 
249 1 335 196 78 238 -1 -1 -1 0 
250 1 334 198 77 228 -1 -1 -1 0 
251 1 335 199 76 225 -1 -1 -1 0 
252 1 338 202 72 226 -1 -1 -1 0 
253 1 338 203 72 236 -1 -1 -1 0 
254 1 337 205 75 220 -1 -1 -1 0 
255 1 338 203 71 232 -1 -1 -1 0 
256 1 338 201 72 238 -1 -1 -1 0 
257 1 338 203 76 227 -1 -1 -1 0 
258 1 337 203 76 223 -1 -1 -1 0 
259 1 338 204 74 224 -1 -1 -1 0 
260 1 337 205 75 218 -1 -1 -1 0 
261 1 337 207 75 212 -1 -1 -1 0 
262 1 337 211 75 201 -1 -1 -1 0 
263 1 338 213 74 198 -1 -1 -1 0 
264 1 339 214 72 199 -1 -1 -1 0 
265 1 340 214 70 200 -1 -1 -1 0 
266 1 341 214 67 201 -1 -1 -1 0 
267 1 342 213 66 200 -1 -1 -1 0 
268 1 343 214 64 198 -1 -1 -1 0 
269 1 348 214 56 204 -1 -1 -1 0 
270 1 349 212 53 217 -1 -1 -1 0 
271 1 349 211 53 218 -1 -1 -1 0 
272 1 349 211 52 218 -1 -1 -1 0 
273 1 350 215 53 209 -1 -1 -1 0 
274 1 351 215 51 208 -1 -1 -1 0 
275 1 351 215 51 207 -1 -1 -1 0 
276 1 351 215 52 207 -1 -1 -1 0 
277 1 350 216 52 206 -1 -1 -1 0 
278 1 349 214 52 211 -1 -1 -1 0 
279 1 349 214 52 212 -1 -1 -1 0 
280 1 348 214 52 212 -1 -1 -1 0 
281 1 347 214 53 214 -1 -1 -1 0 
282 1 346 213 55 215 -1 -1 -1 0 
283 1 347 214 53 214 -1 -1 -1 0 
284 1 347 213 52 216 -1 -1 -1 0 
285 1 348 213 53 206 -1 -1 -1 0 
286 1 349 213 51 204 -1 -1 -1 0 
287 1 349 212 50 199 -1 -1 -1 0 
288 1 351 212 46 198 -1 -1 -1 0 
289 1 353 213 44 197 -1 -1 -1 0 
290 1 353 214 44 195 -1 -1 -1 0 
291 1 353 214 42 194 -1 -1 -1 0 
292 1 350 214 44 194 -1 -1 -1 0 
293 1 348 214 47 194 -1 -1 -1 0 
294 1 344 213 50 195 -1 -1 -1 0 
295 1 340 212 54 196 -1 -1 -1 0 
296 1 335 211 59 198 -1 -1 -1 0 
297 1 331 209 64 198 -1 -1 -1 0 
298 1 331 209 63 202 -1 -1 -1 0 
299 1 325 207 69 199 -1 -1 -1 0 
300 1 324 208 69 199 -1 -1 -1 0 
301 1 321 208 73 203 -1 -1 -1 0 
302 1 318 207 76 204 -1 -1 -1 0 
303 1 314 208 79 205 -1 -1 -1 0 
304 1 311 208 80 205 -1 -1 -1 0 
305 1 305 208 86 207 -1 -1 -1 0 
306 1 304 205 84 210 -1 -1 -1 0 
307 1 296 204 90 208 -1 -1 -1 0 
308 1 293 204 92 206 -1 -1 -1 0 
309 1 292 202 90 208 -1 -1 -1 0 
310 1 290 199 91 219 -1 -1 -1 0 
311 1 288 200 91 223 -1 -1 -1 0 
312 1 287 199 92 219 -1 -1 -1 0 
313 1 288 201 90 218 -1 -1 -1 0 
314 1 288 201 89 218 -1 -1 -1 0 
315 1 288 201 89 218 -1 -1 -1 0 
316 1 289 202 88 225 -1 -1 -1 0 
317 1 289 201 90 228 -1 -1 -1 0 
318 1 289 198 91 229 -1 -1 -1 0 
319 1 288 198 93 230 -1 -1 -1 0 
320 1 289 198 94 234 -1 -1 -1 0 
321 1 288 197 96 236 -1 -1 -1 0 
322 1 287 195 98 240 -1 -1 -1 0 
323 1 286 194 99 243 -1 -1 -1 0 
324 1 285 193 100 243 -1 -1 -1 0 
325 1 282 192 103 246 -1 -1 -1 0 
326 1 280 194 104 249 -1 -1 -1 0 
327 1 279 191 104 258 -1 -1 -1 0 
328 1 278 184 97 287 -1 -1 -1 0 
329 1 274 180 102 280 -1 -1 -1 0 
330 1 274 177 97 278 -1 -1 -1 0 
331 1 274 177 96 273 -1 -1 -1 0 
332 1 274 176 94 276 -1 -1 -1 0 
333 1 274 176 93 278 -1 -1 -1 0 
334 1 274 176 94 275 -1 -1 -1 0 
335 1 275 177 94 277 -1 -1 -1 0 
336 1 278 179 97 277 -1 -1 -1 0 
337 1 281 178 98 283 -1 -1 -1 0 
338 1 283 168 99 295 -1 -1 -1 0 
339 1 281 166 106 295 -1 -1 -1 0 
340 1 281 169 106 292 -1 -1 -1 0 
341 1 280 166 112 288 -1 -1 -1 0 
342 1 280 164 115 291 -1 -1 -1 0 
343 1 279 163 120 298 -1 -1 -1 0 
344 1 278 162 124 301 -1 -1 -1 0 
345 1 278 162 126 300 -1 -1 -1 0 
346 1 277 162 126 303 -1 -1 -1 0 
347 1 275 161 128 304 -1 -1 -1 0 
348 1 276 156 126 312 -1 -1 -1 0 
349 1 275 155 128 314 -1 -1 -1 0 
350 1 277 146 121 324 -1 -1 -1 0 
351 1 278 144 121 325 -1 -1 -1 0 
352 1 279 143 120 327 -1 -1 -1 0 
353 1 281 143 118 330 -1 -1 -1 0 
354 1 282 142 119 335 -1 -1 -1 0 
355 1 283 142 119 335 -1 -1 -1 0 
356 1 285 140 118 336 -1 -1 -1 0 
357 1 286 139 120 335 -1 -1 -1 0 
358 1 294 137 116 338 -1 -1 -1 0 
359 1 297 133 118 343 -1 -1 -1 0 
360 1 299 126 131 351 -1 -1 -1 0 
361 1 299 122 137 356 -1 -1 -1 0 
362 1 298 111 152 368 -1 -1 -1 0 
363 1 297 110 160 369 -1 -1 -1 0 
364 1 297 107 167 372 -1 -1 -1 0 
365 1 298 107 171 372 -1 -1 -1 0 
366 1 301 109 169 366 -1 -1 -1 0 
367 1 304 96 171 383 -1 -1 -1 0 
368 1 304 92 173 387 -1 -1 -1 0 
369 1 299 102 169 375 -1 -1 -1 0 
370 1 296 98 173 380 -1 -1 -1 0 
371 1 299 91 162 388 -1 -1 -1 0 
372 1 302 85 156 390 -1 -1 -1 0 
373 1 304 81 153 395 -1 -1 -1 0 
374 1 307 80 151 393 -1 -1 -1 0 
375 1 308 79 152 393 -1 -1 -1 0 
376 1 310 79 153 391 -1 -1 -1 0 
377 1 312 76 159 397 -1 -1 -1 0 
378 1 315 66 164 412 -1 -1 -1 0 
379 1 315 61 171 417 -1 -1 -1 0 
380 1 317 59 176 416 -1 -1 -1 0 
381 1 316 54 196 415 -1 -1 -1 0 
382 1 315 39 216 431 -1 -1 -1 0 
383 1 314 35 224 430 -1 -1 -1 0 
384 1 312 26 234 444 -1 -1 -1 0 
385 1 308 24 242 446 -1 -1 -1 0 
386 1 305 20 250 448 -1 -1 -1 0 
387 1 303 15 254 457 -1 -1 -1 0 
388 1 302 12 257 462 -1 -1 -1 0 
389 1 306 27 254 426 -1 -1 -1 0 
390 1 295 0 256 473 -1 -1 -1 0 
391 1 291 0 258 477 -1 -1 -1 0 
392 1 287 0 258 478 -1 -1 -1 0 
393 1 284 0 261 478 -1 -1 -1 0 
394 1 281 0 264 479 -1 -1 -1 0 
395 1 280 0 267 479 -1 -1 -1 0 
396 1 274 0 282 479 -1 -1 -1 0 
397 1 273 0 284 479 -1 -1 -1 0 
398 1 268 0 297 479 -1 -1 -1 0 
399 1 268 0 300 479 -1 -1 -1 0 
400 1 276 0 306 479 -1 -1 -1 0 
401 1 291 0 305 479 -1 -1 -1 0 
402 1 294 0 316 478 -1 -1 -1 0 
403 1 297 0 326 476 -1 -1 -1 0 
404 1 292 0 343 479 -1 -1 -1 0 
405 1 289 3 347 474 -1 -1 -1 0 
406 1 276 0 353 476 -1 -1 -1 0 
407 1 268 0 351 479 -1 -1 -1 0 
408 1 261 0 347 479 -1 -1 -1 0 
409 1 217 0 378 476 -1 -1 -1 0 
410 1 193 0 391 479 -1 -1 -1 0 
411 1 156 0 407 479 -1 -1 -1 0 
412 1 129 0 410 479 -1 -1 -1 0 
413 1 102 0 432 479 -1 -1 -1 0 
414 1 71 0 438 478 -1 -1 -1 0 
415 1 65 0 431 479 -1 -1 -1 0 
416 1 58 0 438 479 -1 -1 -1 0 
417 1 53 0 422 475 -1 -1 -1 0 
418 1 55 0 401 479 -1 -1 -1 0 
419 1 40 6 407 472 -1 -1 -1 0 
420 1 49 11 402 468 -1 -1 -1 0 
421 1 49 5 407 470 -1 -1 -1 0 
422 1 42 10 410 460 -1 -1 -1 0 
423 1 14 6 436 468 -1 -1 -1 0 
424 1 2 4 462 475 -1 -1 -1 0 
425 1 13 2 486 477 -1 -1 -1 0 
426 1 20 6 496 469 -1 -1 -1 0 
427 1 9 6 555 473 -1 -1 -1 0 
428 1 14 4 551 471 -1 -1 -1 0 
429 1 15 0 600 479 -1 -1 -1 0 
430 1 20 0 606 479 -1 -1 -1 0 
431 1 5 3 624 476 -1 -1 -1 0 
432 1 11 18 613 461 -1 -1 -1 0 
433 1 12 11 613 468 -1 -1 -1 0 
434 1 10 5 619 466 -1 -1 -1 0 
456 1 27 50 612 429 -1 -1 -1 0 
457 1 23 53 616 421 -1 -1 -1 0 
460 1 24 57 610 411 -1 -1 -1 0 
461 1 24 56 610 411 -1 -1 -1 0 
462 1 26 53 609 414 -1 -1 -1 0 
463 1 28 52 607 415 -1 -1 -1 0 
464 1 28 48 609 420 -1 -1 -1 0 
465 1 38 44 597 426 -1 -1 -1 0 
466 1 38 43 599 428 -1 -1 -1 0 
467 1 35 41 602 429 -1 -1 -1 0 
468 1 69 20 561 455 -1 -1 -1 0 
469 1 73 13 561 465 -1 -1 -1 0 
470 1 68 9 567 469 -1 -1 -1 0 
471 1 70 12 563 466 -1 -1 -1 0 
472 1 77 15 541 461 -1 -1 -1 0 
473 1 38 17 591 458 -1 -1 -1 0 
475 1 27 17 588 455 -1 -1 -1 0 
476 1 20 20 571 452 -1 -1 -1 0 
477 1 47 11 529 464 -1 -1 -1 0 
478 1 47 5 525 471 -1 -1 -1 0 
479 1 66 3 490 470 -1 -1 -1 0 
480 1 68 0 484 475 -1 -1 -1 0 
481 1 18 10 521 466 -1 -1 -1 0 
482 1 28 2 496 473 -1 -1 -1 0 
483 1 24 0 495 478 -1 -1 -1 0 
484 1 27 0 485 474 -1 -1 -1 0 
485 1 30 0 475 472 -1 -1 -1 0 
486 1 16 0 486 467 -1 -1 -1 0 
487 1 1 2 486 469 -1 -1 -1 0 
488 1 0 5 482 465 -1 -1 -1 0 
489 1 0 5 476 464 -1 -1 -1 0 
490 1 1 8 472 459 -1 -1 -1 0 
491 1 0 11 470 456 -1 -1 -1 0 
492 1 6 2 466 467 -1 -1 -1 0 
493 1 1 17 476 451 -1 -1 -1 0 
494 1 0 19 480 449 -1 -1 -1 0 
495 1 0 20 481 450 -1 -1 -1 0 
496 1 2 22 483 449 -1 -1 -1 0 
497 1 2 24 486 448 -1 -1 -1 0 
498 1 2 26 492 448 -1 -1 -1 0 
499 1 7 24 497 449 -1 -1 -1 0 
500 1 9 9 503 461 -1 -1 -1 0 
501 1 10 3 506 467 -1 -1 -1 0 
502 1 5 14 520 458 -1 -1 -1 0 
503 1 5 14 523 459 -1 -1 -1 0 
504 1 4 15 527 457 -1 -1 -1 0 
505 1 4 14 529 457 -1 -1 -1 0 
506 1 4 17 528 455 -1 -1 -1 0 
507 1 2 18 531 454 -1 -1 -1 0 
508 1 2 14 531 459 -1 -1 -1 0 
509 1 2 12 531 460 -1 -1 -1 0 
510 1 1 17 533 455 -1 -1 -1 0 
511 1 2 18 530 453 -1 -1 -1 0 
512 1 1 17 532 454 -1 -1 -1 0 
513 1 1 17 533 453 -1 -1 -1 0 
514 1 3 16 530 455 -1 -1 -1 0 
515 1 3 17 531 454 -1 -1 -1 0 
516 1 3 17 530 454 -1 -1 -1 0 
517 1 3 16 531 456 -1 -1 -1 0 
518 1 2 16 532 455 -1 -1 -1 0 
519 1 1 16 532 455 -1 -1 -1 0 
520 1 2 16 531 455 -1 -1 -1 0 
521 1 2 16 531 455 -1 -1 -1 0 
522 1 3 16 530 455 -1 -1 -1 0 
523 1 3 16 531 456 -1 -1 -1 0 
524 1 3 15 531 456 -1 -1 -1 0 
525 1 3 15 531 456 -1 -1 -1 0 
526 1 4 14 530 457 -1 -1 -1 0 
527 1 3 13 531 458 -1 -1 -1 0 
528 1 3 13 530 458 -1 -1 -1 0 
529 1 3 14 531 457 -1 -1 -1 0 
530 1 3 13 531 459 -1 -1 -1 0 
531 1 3 13 531 459 -1 -1 -1 0 
532 1 2 14 532 457 -1 -1 -1 0 
533 1 4 14 529 458 -1 -1 -1 0 
534 1 4 13 530 459 -1 -1 -1 0 
535 1 4 13 529 460 -1 -1 -1 0 
536 1 4 15 528 457 -1 -1 -1 0 
537 1 7 16 524 456 -1 -1 -1 0 
538 1 9 15 520 458 -1 -1 -1 0 
539 1 10 13 519 460 -1 -1 -1 0 
540 1 10 11 519 462 -1 -1 -1 0 
541 1 16 0 509 475 -1 -1 -1 0 
542 1 16 0 509 475 -1 -1 -1 0 
543 1 15 0 512 475 -1 -1 -1 0 
544 1 17 0 507 476 -1 -1 -1 0 
545 1 13 3 514 471 -1 -1 -1 0 
546 1 17 0 508 476 -1 -1 -1 0 
547 1 18 0 507 475 -1 -1 -1 0 
548 1 18 0 507 475 -1 -1 -1 0 
549 1 16 0 509 475 -1 -1 -1 0 
550 1 15 0 511 474 -1 -1 -1 0 
551 1 16 0 512 475 -1 -1 -1 0 
552 1 18 0 510 474 -1 -1 -1 0 
553 1 21 0 508 474 -1 -1 -1 0 
554 1 20 0 510 474 -1 -1 -1 0 
555 1 15 9 516 463 -1 -1 -1 0 
556 1 14 10 517 463 -1 -1 -1 0 
557 1 13 9 519 463 -1 -1 -1 0 
558 1 13 11 518 461 -1 -1 -1 0 
559 1 13 10 518 462 -1 -1 -1 0 
560 1 17 11 513 461 -1 -1 -1 0 
561 1 17 10 514 463 -1 -1 -1 0 
562 1 16 10 516 462 -1 -1 -1 0 
563 1 18 12 514 460 -1 -1 -1 0 
564 1 18 12 514 459 -1 -1 -1 0 
565 1 18 12 513 459 -1 -1 -1 0 
566 1 18 12 513 460 -1 -1 -1 0 
567 1 19 12 512 460 -1 -1 -1 0 
568 1 19 11 513 461 -1 -1 -1 0 
569 1 20 11 512 461 -1 -1 -1 0 
570 1 22 12 510 459 -1 -1 -1 0 
571 1 19 12 512 460 -1 -1 -1 0 
572 1 18 12 513 460 -1 -1 -1 0 
573 1 17 12 515 461 -1 -1 -1 0 
574 1 18 12 514 461 -1 -1 -1 0 
575 1 19 12 513 460 -1 -1 -1 0 
576 1 19 11 514 461 -1 -1 -1 0 
577 1 19 10 513 462 -1 -1 -1 0 
578 1 17 9 516 463 -1 -1 -1 0 
579 1 16 10 517 461 -1 -1 -1 0 
580 1 18 10 515 462 -1 -1 -1 0 
581 1 18 11 516 460 -1 -1 -1 0 
582 1 18 11 516 461 -1 -1 -1 0 
583 1 18 10 515 462 -1 -1 -1 0 
584 1 16 10 517 461 -1 -1 -1 0 
585 1 15 11 518 460 -1 -1 -1 0 
586 1 15 10 517 462 -1 -1 -1 0 
587 1 17 9 516 462 -1 -1 -1 0 
588 1 15 11 520 460 -1 -1 -1 0 
589 1 20 10 514 462 -1 -1 -1 0 
590 1 34 11 499 461 -1 -1 -1 0 
591 1 32 14 503 458 -1 -1 -1 0 
592 1 17 15 519 458 -1 -1 -1 0 
593 1 15 15 521 459 -1 -1 -1 0 
594 1 13 14 519 458 -1 -1 -1 0 
595 1 9 6 528 466 -1 -1 -1 0 
596 1 22 1 517 476 -1 -1 -1 0 
597 1 23 15 519 461 -1 -1 -1 0 
598 1 21 22 528 453 -1 -1 -1 0 
599 1 21 18 520 456 -1 -1 -1 0 
600 1 20 1 515 469 -1 -1 -1 0 
601 1 20 22 524 448 -1 -1 -1 0 
602 1 24 22 527 450 -1 -1 -1 0 
603 1 24 21 527 452 -1 -1 -1 0 
604 1 23 22 528 451 -1 -1 -1 0 
605 1 24 1 518 469 -1 -1 -1 0 
606 1 24 21 526 450 -1 -1 -1 0 
607 1 21 25 526 446 -1 -1 -1 0 
608 1 27 17 529 460 -1 -1 -1 0 
609 1 16 5 544 469 -1 -1 -1 0 
610 1 11 10 546 464 -1 -1 -1 0 
611 1 7 9 549 466 -1 -1 -1 0 
612 1 5 11 548 462 -1 -1 -1 0 
