3 1 252 7 341 463 -1 -1 -1 0 
4 1 265 9 328 465 -1 -1 -1 0 
5 1 271 10 322 465 -1 -1 -1 0 
6 1 267 11 326 462 -1 -1 -1 0 
7 1 255 6 338 467 -1 -1 -1 0 
8 1 253 6 339 466 -1 -1 -1 0 
9 1 244 7 346 462 -1 -1 -1 0 
10 1 240 6 350 464 -1 -1 -1 0 
11 1 237 5 351 464 -1 -1 -1 0 
12 1 235 3 351 467 -1 -1 -1 0 
13 1 228 4 363 466 -1 -1 -1 0 
14 1 224 2 370 470 -1 -1 -1 0 
15 1 207 1 400 471 -1 -1 -1 0 
16 1 170 7 447 460 -1 -1 -1 0 
17 1 59 4 561 461 -1 -1 -1 0 
18 1 46 4 569 468 -1 -1 -1 0 
19 1 34 1 591 474 -1 -1 -1 0 
20 1 30 1 592 474 -1 -1 -1 0 
21 1 17 1 595 465 -1 -1 -1 0 
22 1 16 0 597 469 -1 -1 -1 0 
23 1 19 0 600 472 -1 -1 -1 0 
24 1 24 0 597 470 -1 -1 -1 0 
25 1 30 0 590 469 -1 -1 -1 0 
26 1 31 0 585 470 -1 -1 -1 0 
27 1 31 3 581 465 -1 -1 -1 0 
28 1 33 1 576 472 -1 -1 -1 0 
29 1 34 2 576 470 -1 -1 -1 0 
30 1 31 2 580 469 -1 -1 -1 0 
31 1 31 3 578 466 -1 -1 -1 0 
32 1 29 3 582 465 -1 -1 -1 0 
33 1 32 3 578 465 -1 -1 -1 0 
34 1 22 3 589 467 -1 -1 -1 0 
35 1 21 4 590 466 -1 -1 -1 0 
36 1 22 4 590 466 -1 -1 -1 0 
37 1 19 5 596 463 -1 -1 -1 0 
38 1 20 5 590 466 -1 -1 -1 0 
39 1 20 5 588 466 -1 -1 -1 0 
40 1 21 3 585 470 -1 -1 -1 0 
41 1 20 5 584 466 -1 -1 -1 0 
42 1 20 5 582 465 -1 -1 -1 0 
43 1 23 6 577 461 -1 -1 -1 0 
44 1 23 5 576 463 -1 -1 -1 0 
45 1 25 5 573 463 -1 -1 -1 0 
46 1 24 5 575 462 -1 -1 -1 0 
47 1 26 6 572 462 -1 -1 -1 0 
48 1 25 6 573 463 -1 -1 -1 0 
49 1 26 6 574 463 -1 -1 -1 0 
50 1 28 6 572 463 -1 -1 -1 0 
51 1 25 6 577 462 -1 -1 -1 0 
52 1 22 6 578 463 -1 -1 -1 0 
53 1 23 6 575 463 -1 -1 -1 0 
54 1 18 7 584 462 -1 -1 -1 0 
55 1 21 6 578 463 -1 -1 -1 0 
56 1 27 5 572 465 -1 -1 -1 0 
57 1 26 6 573 464 -1 -1 -1 0 
58 1 29 7 568 463 -1 -1 -1 0 
59 1 26 7 574 463 -1 -1 -1 0 
60 1 27 7 571 462 -1 -1 -1 0 
61 1 27 6 574 463 -1 -1 -1 0 
62 1 24 5 578 465 -1 -1 -1 0 
63 1 24 4 576 467 -1 -1 -1 0 
64 1 23 3 578 468 -1 -1 -1 0 
65 1 24 3 579 468 -1 -1 -1 0 
66 1 25 3 578 468 -1 -1 -1 0 
67 1 24 3 579 468 -1 -1 -1 0 
68 1 27 4 575 467 -1 -1 -1 0 
69 1 19 5 584 464 -1 -1 -1 0 
70 1 16 4 591 466 -1 -1 -1 0 
71 1 16 5 591 466 -1 -1 -1 0 
72 1 19 5 594 464 -1 -1 -1 0 
73 1 26 3 591 465 -1 -1 -1 0 
74 1 62 3 570 469 -1 -1 -1 0 
75 1 65 4 570 469 -1 -1 -1 0 
76 1 87 3 544 475 -1 -1 -1 0 
77 1 101 0 520 479 -1 -1 -1 0 
78 1 135 4 484 474 -1 -1 -1 0 
79 1 215 5 405 470 -1 -1 -1 0 
80 1 259 1 356 474 -1 -1 -1 0 
81 1 257 0 355 472 -1 -1 -1 0 
82 1 261 0 351 477 -1 -1 -1 0 
83 1 268 0 342 478 -1 -1 -1 0 
84 1 270 1 338 477 -1 -1 -1 0 
85 1 274 5 332 471 -1 -1 -1 0 
86 1 278 7 324 468 -1 -1 -1 0 
87 1 271 8 334 464 -1 -1 -1 0 
88 1 272 8 335 466 -1 -1 -1 0 
89 1 269 4 338 472 -1 -1 -1 0 
90 1 267 3 337 472 -1 -1 -1 0 
91 1 261 0 332 473 -1 -1 -1 0 
92 1 256 0 330 474 -1 -1 -1 0 
93 1 250 0 328 479 -1 -1 -1 0 
94 1 245 0 323 479 -1 -1 -1 0 
95 1 238 3 308 473 -1 -1 -1 0 
96 1 235 2 304 475 -1 -1 -1 0 
97 1 227 0 309 479 -1 -1 -1 0 
98 1 226 0 305 477 -1 -1 -1 0 
99 1 227 0 295 479 -1 -1 -1 0 
100 1 226 0 293 479 -1 -1 -1 0 
101 1 227 0 288 479 -1 -1 -1 0 
102 1 231 0 276 479 -1 -1 -1 0 
103 1 234 0 270 479 -1 -1 -1 0 
104 1 243 6 257 471 -1 -1 -1 0 
105 1 248 14 247 457 -1 -1 -1 0 
106 1 250 19 245 450 -1 -1 -1 0 
107 1 255 27 240 444 -1 -1 -1 0 
108 1 257 31 237 441 -1 -1 -1 0 
109 1 257 37 237 435 -1 -1 -1 0 
110 1 258 44 234 430 -1 -1 -1 0 
111 1 259 52 232 420 -1 -1 -1 0 
112 1 261 67 226 404 -1 -1 -1 0 
113 1 261 77 215 396 -1 -1 -1 0 
114 1 261 81 209 392 -1 -1 -1 0 
115 1 261 83 206 391 -1 -1 -1 0 
116 1 264 83 196 396 -1 -1 -1 0 
117 1 263 85 190 394 -1 -1 -1 0 
118 1 263 87 186 392 -1 -1 -1 0 
119 1 262 89 185 390 -1 -1 -1 0 
120 1 260 82 184 397 -1 -1 -1 0 
121 1 259 90 182 389 -1 -1 -1 0 
122 1 264 100 173 379 -1 -1 -1 0 
123 1 267 106 171 373 -1 -1 -1 0 
124 1 277 119 162 360 -1 -1 -1 0 
125 1 280 122 159 357 -1 -1 -1 0 
126 1 282 125 156 354 -1 -1 -1 0 
127 1 283 126 155 353 -1 -1 -1 0 
128 1 282 130 156 349 -1 -1 -1 0 
129 1 284 135 149 344 -1 -1 -1 0 
130 1 285 137 145 342 -1 -1 -1 0 
131 1 281 135 143 344 -1 -1 -1 0 
132 1 279 142 142 337 -1 -1 -1 0 
133 1 277 147 140 332 -1 -1 -1 0 
134 1 275 150 140 329 -1 -1 -1 0 
135 1 276 154 137 318 -1 -1 -1 0 
136 1 279 160 130 307 -1 -1 -1 0 
137 1 281 163 127 303 -1 -1 -1 0 
138 1 282 166 126 297 -1 -1 -1 0 
139 1 283 162 126 309 -1 -1 -1 0 
140 1 283 162 126 309 -1 -1 -1 0 
141 1 283 162 126 309 -1 -1 -1 0 
142 1 288 163 119 308 -1 -1 -1 0 
143 1 289 163 118 308 -1 -1 -1 0 
144 1 291 152 117 315 -1 -1 -1 0 
145 1 291 152 117 314 -1 -1 -1 0 
146 1 292 154 116 312 -1 -1 -1 0 
147 1 294 164 113 296 -1 -1 -1 0 
148 1 295 169 111 282 -1 -1 -1 0 
149 1 296 172 107 284 -1 -1 -1 0 
150 1 296 174 106 283 -1 -1 -1 0 
151 1 297 173 105 288 -1 -1 -1 0 
152 1 297 173 105 288 -1 -1 -1 0 
153 1 298 173 103 284 -1 -1 -1 0 
154 1 299 174 101 282 -1 -1 -1 0 
155 1 301 171 102 288 -1 -1 -1 0 
156 1 301 171 102 288 -1 -1 -1 0 
157 1 302 175 102 282 -1 -1 -1 0 
158 1 305 179 100 277 -1 -1 -1 0 
159 1 311 181 97 287 -1 -1 -1 0 
160 1 313 180 96 292 -1 -1 -1 0 
161 1 315 180 95 292 -1 -1 -1 0 
162 1 316 181 94 291 -1 -1 -1 0 
163 1 316 181 94 287 -1 -1 -1 0 
164 1 317 182 93 286 -1 -1 -1 0 
165 1 317 182 93 286 -1 -1 -1 0 
166 1 317 182 92 283 -1 -1 -1 0 
167 1 317 184 92 266 -1 -1 -1 0 
168 1 317 185 91 270 -1 -1 -1 0 
169 1 313 186 94 281 -1 -1 -1 0 
170 1 313 186 95 282 -1 -1 -1 0 
171 1 296 185 107 276 -1 -1 -1 0 
172 1 284 186 116 260 -1 -1 -1 0 
173 1 283 187 116 258 -1 -1 -1 0 
174 1 264 188 129 261 -1 -1 -1 0 
175 1 257 190 133 259 -1 -1 -1 0 
176 1 256 190 134 259 -1 -1 -1 0 
177 1 229 197 158 257 -1 -1 -1 0 
178 1 228 198 158 256 -1 -1 -1 0 
179 1 228 198 158 256 -1 -1 -1 0 
180 1 240 200 127 240 -1 -1 -1 0 
181 1 240 201 126 238 -1 -1 -1 0 
182 1 240 201 126 238 -1 -1 -1 0 
183 1 214 186 102 265 -1 -1 -1 0 
184 1 213 185 102 267 -1 -1 -1 0 
185 1 213 185 102 267 -1 -1 -1 0 
186 1 208 188 87 201 -1 -1 -1 0 
187 1 208 189 86 199 -1 -1 -1 0 
188 1 206 188 85 203 -1 -1 -1 0 
189 1 201 185 82 190 -1 -1 -1 0 
190 1 201 186 81 188 -1 -1 -1 0 
191 1 198 187 82 188 -1 -1 -1 0 
192 1 196 186 83 189 -1 -1 -1 0 
193 1 196 186 83 189 -1 -1 -1 0 
194 1 190 184 80 191 -1 -1 -1 0 
195 1 189 184 80 191 -1 -1 -1 0 
196 1 189 183 79 191 -1 -1 -1 0 
197 1 189 184 75 190 -1 -1 -1 0 
198 1 189 184 74 191 -1 -1 -1 0 
199 1 189 183 75 191 -1 -1 -1 0 
200 1 189 184 75 190 -1 -1 -1 0 
201 1 189 185 75 190 -1 -1 -1 0 
202 1 189 185 75 190 -1 -1 -1 0 
203 1 189 185 75 190 -1 -1 -1 0 
204 1 189 185 75 190 -1 -1 -1 0 
205 1 189 185 75 190 -1 -1 -1 0 
206 1 189 185 75 190 -1 -1 -1 0 
207 1 189 185 75 190 -1 -1 -1 0 
208 1 189 184 75 191 -1 -1 -1 0 
209 1 189 184 75 191 -1 -1 -1 0 
210 1 189 184 76 191 -1 -1 -1 0 
211 1 189 185 77 191 -1 -1 -1 0 
212 1 189 186 78 190 -1 -1 -1 0 
213 1 190 186 80 190 -1 -1 -1 0 
214 1 192 188 80 194 -1 -1 -1 0 
215 1 194 186 92 261 -1 -1 -1 0 
216 1 196 185 94 263 -1 -1 -1 0 
217 1 205 186 89 269 -1 -1 -1 0 
218 1 207 184 91 282 -1 -1 -1 0 
219 1 214 183 86 267 -1 -1 -1 0 
220 1 218 184 89 278 -1 -1 -1 0 
221 1 223 182 89 278 -1 -1 -1 0 
222 1 226 183 89 276 -1 -1 -1 0 
223 1 230 183 88 273 -1 -1 -1 0 
224 1 232 183 87 276 -1 -1 -1 0 
225 1 234 184 87 277 -1 -1 -1 0 
226 1 235 184 86 274 -1 -1 -1 0 
227 1 238 185 83 277 -1 -1 -1 0 
228 1 240 184 82 278 -1 -1 -1 0 
229 1 241 183 82 280 -1 -1 -1 0 
230 1 242 183 82 283 -1 -1 -1 0 
231 1 242 182 83 280 -1 -1 -1 0 
232 1 244 184 86 281 -1 -1 -1 0 
233 1 247 187 92 281 -1 -1 -1 0 
234 1 250 188 93 283 -1 -1 -1 0 
235 1 255 189 96 280 -1 -1 -1 0 
236 1 257 190 98 278 -1 -1 -1 0 
237 1 268 188 89 263 -1 -1 -1 0 
238 1 271 187 88 271 -1 -1 -1 0 
239 1 274 186 88 261 -1 -1 -1 0 
240 1 279 187 86 271 -1 -1 -1 0 
241 1 281 187 87 274 -1 -1 -1 0 
242 1 281 187 86 265 -1 -1 -1 0 
243 1 281 185 86 278 -1 -1 -1 0 
244 1 281 185 87 274 -1 -1 -1 0 
245 1 283 186 85 282 -1 -1 -1 0 
246 1 284 184 86 279 -1 -1 -1 0 
247 1 285 185 86 279 -1 -1 -1 0 
248 1 288 185 88 269 -1 -1 -1 0 
249 1 291 185 90 287 -1 -1 -1 0 
250 1 293 187 97 287 -1 -1 -1 0 
251 1 296 189 95 285 -1 -1 -1 0 
252 1 302 190 97 285 -1 -1 -1 0 
253 1 307 189 96 283 -1 -1 -1 0 
254 1 311 189 94 285 -1 -1 -1 0 
255 1 316 188 90 287 -1 -1 -1 0 
256 1 322 188 85 287 -1 -1 -1 0 
257 1 325 188 82 286 -1 -1 -1 0 
258 1 327 188 80 285 -1 -1 -1 0 
259 1 327 188 80 285 -1 -1 -1 0 
260 1 327 187 81 287 -1 -1 -1 0 
261 1 327 187 80 288 -1 -1 -1 0 
262 1 327 187 80 289 -1 -1 -1 0 
263 1 327 187 81 289 -1 -1 -1 0 
264 1 327 187 81 289 -1 -1 -1 0 
265 1 327 187 81 289 -1 -1 -1 0 
266 1 327 188 81 288 -1 -1 -1 0 
267 1 326 189 82 288 -1 -1 -1 0 
268 1 326 188 82 289 -1 -1 -1 0 
269 1 326 188 81 289 -1 -1 -1 0 
270 1 326 189 81 288 -1 -1 -1 0 
271 1 326 190 81 287 -1 -1 -1 0 
272 1 325 191 82 286 -1 -1 -1 0 
273 1 324 191 82 286 -1 -1 -1 0 
274 1 323 192 83 285 -1 -1 -1 0 
275 1 321 192 85 285 -1 -1 -1 0 
276 1 320 193 85 284 -1 -1 -1 0 
277 1 320 192 84 284 -1 -1 -1 0 
278 1 320 191 84 285 -1 -1 -1 0 
279 1 318 188 86 278 -1 -1 -1 0 
280 1 318 187 85 277 -1 -1 -1 0 
281 1 318 187 86 274 -1 -1 -1 0 
282 1 319 187 85 274 -1 -1 -1 0 
283 1 319 186 86 274 -1 -1 -1 0 
284 1 320 186 87 272 -1 -1 -1 0 
285 1 321 185 87 271 -1 -1 -1 0 
286 1 322 184 86 271 -1 -1 -1 0 
287 1 320 183 88 274 -1 -1 -1 0 
288 1 319 181 88 271 -1 -1 -1 0 
289 1 315 179 91 287 -1 -1 -1 0 
290 1 313 178 92 288 -1 -1 -1 0 
291 1 309 179 93 292 -1 -1 -1 0 
292 1 304 178 96 288 -1 -1 -1 0 
293 1 303 179 94 285 -1 -1 -1 0 
294 1 300 179 92 284 -1 -1 -1 0 
295 1 298 178 92 285 -1 -1 -1 0 
296 1 296 176 93 288 -1 -1 -1 0 
297 1 292 176 98 288 -1 -1 -1 0 
298 1 289 176 99 289 -1 -1 -1 0 
299 1 288 177 98 287 -1 -1 -1 0 
300 1 287 177 98 284 -1 -1 -1 0 
301 1 285 178 102 286 -1 -1 -1 0 
302 1 285 177 102 288 -1 -1 -1 0 
303 1 286 178 100 287 -1 -1 -1 0 
304 1 289 177 95 282 -1 -1 -1 0 
305 1 290 175 92 281 -1 -1 -1 0 
306 1 294 173 86 283 -1 -1 -1 0 
307 1 296 171 84 287 -1 -1 -1 0 
308 1 297 169 83 291 -1 -1 -1 0 
309 1 303 164 78 301 -1 -1 -1 0 
310 1 306 165 76 301 -1 -1 -1 0 
311 1 311 161 75 310 -1 -1 -1 0 
312 1 316 167 74 302 -1 -1 -1 0 
313 1 323 162 77 304 -1 -1 -1 0 
314 1 327 160 76 307 -1 -1 -1 0 
315 1 331 158 78 310 -1 -1 -1 0 
316 1 332 158 81 310 -1 -1 -1 0 
317 1 332 158 91 312 -1 -1 -1 0 
318 1 334 161 97 305 -1 -1 -1 0 
319 1 334 158 114 317 -1 -1 -1 0 
320 1 331 159 130 318 -1 -1 -1 0 
321 1 325 165 146 304 -1 -1 -1 0 
322 1 329 166 144 304 -1 -1 -1 0 
323 1 334 165 139 306 -1 -1 -1 0 
324 1 346 165 128 299 -1 -1 -1 0 
325 1 365 164 107 301 -1 -1 -1 0 
326 1 373 164 106 297 -1 -1 -1 0 
327 1 412 165 81 299 -1 -1 -1 0 
328 1 418 164 80 302 -1 -1 -1 0 
329 1 425 163 79 301 -1 -1 -1 0 
330 1 429 166 81 297 -1 -1 -1 0 
331 1 435 167 76 295 -1 -1 -1 0 
332 1 437 168 76 293 -1 -1 -1 0 
333 1 442 163 78 297 -1 -1 -1 0 
334 1 443 162 83 301 -1 -1 -1 0 
335 1 449 159 86 299 -1 -1 -1 0 
336 1 452 157 87 304 -1 -1 -1 0 
337 1 455 156 89 306 -1 -1 -1 0 
338 1 456 156 95 306 -1 -1 -1 0 
339 1 459 156 97 307 -1 -1 -1 0 
340 1 464 157 97 310 -1 -1 -1 0 
341 1 470 153 101 316 -1 -1 -1 0 
342 1 474 151 101 319 -1 -1 -1 0 
343 1 480 157 101 309 -1 -1 -1 0 
344 1 485 156 99 314 -1 -1 -1 0 
345 1 492 151 97 317 -1 -1 -1 0 
346 1 495 150 96 318 -1 -1 -1 0 
347 1 496 151 96 317 -1 -1 -1 0 
348 1 496 151 97 317 -1 -1 -1 0 
349 1 496 151 97 317 -1 -1 -1 0 
350 1 497 151 96 317 -1 -1 -1 0 
351 1 498 151 95 316 -1 -1 -1 0 
352 1 498 152 95 314 -1 -1 -1 0 
353 1 497 152 96 315 -1 -1 -1 0 
354 1 497 151 96 317 -1 -1 -1 0 
355 1 496 151 97 317 -1 -1 -1 0 
356 1 494 151 98 322 -1 -1 -1 0 
357 1 485 154 103 315 -1 -1 -1 0 
358 1 481 154 105 314 -1 -1 -1 0 
359 1 477 154 107 313 -1 -1 -1 0 
360 1 464 152 114 323 -1 -1 -1 0 
361 1 453 157 118 313 -1 -1 -1 0 
362 1 455 155 109 315 -1 -1 -1 0 
363 1 453 156 104 321 -1 -1 -1 0 
364 1 450 155 104 323 -1 -1 -1 0 
365 1 443 152 107 324 -1 -1 -1 0 
366 1 438 153 105 317 -1 -1 -1 0 
367 1 436 152 103 314 -1 -1 -1 0 
368 1 435 152 102 315 -1 -1 -1 0 
369 1 434 153 102 312 -1 -1 -1 0 
370 1 434 154 100 310 -1 -1 -1 0 
371 1 435 154 100 310 -1 -1 -1 0 
372 1 435 155 100 308 -1 -1 -1 0 
373 1 435 151 101 320 -1 -1 -1 0 
374 1 434 150 102 322 -1 -1 -1 0 
375 1 434 151 101 325 -1 -1 -1 0 
376 1 430 151 105 326 -1 -1 -1 0 
377 1 427 152 108 325 -1 -1 -1 0 
378 1 414 152 117 323 -1 -1 -1 0 
379 1 401 152 128 319 -1 -1 -1 0 
380 1 384 152 139 316 -1 -1 -1 0 
381 1 357 153 160 312 -1 -1 -1 0 
382 1 349 153 162 311 -1 -1 -1 0 
383 1 343 155 164 310 -1 -1 -1 0 
384 1 337 154 166 315 -1 -1 -1 0 
385 1 323 160 173 316 -1 -1 -1 0 
386 1 320 164 178 309 -1 -1 -1 0 
387 1 322 162 181 313 -1 -1 -1 0 
388 1 327 158 155 311 -1 -1 -1 0 
389 1 322 152 139 324 -1 -1 -1 0 
390 1 318 148 116 330 -1 -1 -1 0 
391 1 315 144 112 329 -1 -1 -1 0 
392 1 310 142 108 337 -1 -1 -1 0 
393 1 307 151 108 322 -1 -1 -1 0 
394 1 304 147 107 331 -1 -1 -1 0 
395 1 301 147 107 331 -1 -1 -1 0 
396 1 299 148 107 330 -1 -1 -1 0 
397 1 298 148 106 330 -1 -1 -1 0 
398 1 298 148 105 330 -1 -1 -1 0 
399 1 298 147 105 331 -1 -1 -1 0 
400 1 296 147 106 331 -1 -1 -1 0 
401 1 295 146 105 333 -1 -1 -1 0 
402 1 294 145 105 333 -1 -1 -1 0 
403 1 293 144 105 334 -1 -1 -1 0 
404 1 291 142 106 337 -1 -1 -1 0 
405 1 290 141 106 338 -1 -1 -1 0 
406 1 289 153 105 318 -1 -1 -1 0 
407 1 288 154 104 315 -1 -1 -1 0 
408 1 287 155 105 314 -1 -1 -1 0 
409 1 287 156 104 314 -1 -1 -1 0 
410 1 286 157 105 313 -1 -1 -1 0 
411 1 286 157 105 313 -1 -1 -1 0 
412 1 285 158 105 312 -1 -1 -1 0 
413 1 285 159 105 311 -1 -1 -1 0 
414 1 285 159 105 311 -1 -1 -1 0 
415 1 286 159 103 311 -1 -1 -1 0 
416 1 286 159 103 311 -1 -1 -1 0 
417 1 286 159 103 311 -1 -1 -1 0 
418 1 286 159 103 311 -1 -1 -1 0 
419 1 286 158 104 312 -1 -1 -1 0 
420 1 287 157 103 313 -1 -1 -1 0 
421 1 287 157 104 313 -1 -1 -1 0 
422 1 287 156 105 314 -1 -1 -1 0 
423 1 287 156 105 314 -1 -1 -1 0 
424 1 290 151 106 328 -1 -1 -1 0 
425 1 290 150 107 329 -1 -1 -1 0 
426 1 291 148 113 331 -1 -1 -1 0 
427 1 292 147 116 332 -1 -1 -1 0 
428 1 295 155 132 316 -1 -1 -1 0 
429 1 297 157 138 313 -1 -1 -1 0 
430 1 300 165 170 304 -1 -1 -1 0 
431 1 303 171 183 299 -1 -1 -1 0 
432 1 311 178 198 292 -1 -1 -1 0 
433 1 315 181 206 289 -1 -1 -1 0 
434 1 323 185 212 289 -1 -1 -1 0 
435 1 324 181 212 294 -1 -1 -1 0 
436 1 332 174 204 295 -1 -1 -1 0 
437 1 334 170 201 301 -1 -1 -1 0 
438 1 346 165 189 302 -1 -1 -1 0 
439 1 364 164 174 302 -1 -1 -1 0 
440 1 389 160 154 303 -1 -1 -1 0 
441 1 418 158 128 305 -1 -1 -1 0 
442 1 438 157 113 308 -1 -1 -1 0 
443 1 457 156 102 307 -1 -1 -1 0 
444 1 466 157 101 301 -1 -1 -1 0 
445 1 470 156 102 301 -1 -1 -1 0 
446 1 476 156 99 302 -1 -1 -1 0 
447 1 478 156 100 303 -1 -1 -1 0 
448 1 481 155 103 304 -1 -1 -1 0 
449 1 484 155 103 306 -1 -1 -1 0 
450 1 490 149 103 317 -1 -1 -1 0 
451 1 493 147 102 318 -1 -1 -1 0 
452 1 496 147 101 317 -1 -1 -1 0 
453 1 499 157 96 305 -1 -1 -1 0 
454 1 500 157 95 304 -1 -1 -1 0 
455 1 501 156 95 307 -1 -1 -1 0 
456 1 500 156 95 308 -1 -1 -1 0 
457 1 499 155 96 309 -1 -1 -1 0 
458 1 498 155 97 309 -1 -1 -1 0 
459 1 498 154 97 310 -1 -1 -1 0 
460 1 496 154 100 311 -1 -1 -1 0 
461 1 496 154 99 313 -1 -1 -1 0 
462 1 494 150 103 321 -1 -1 -1 0 
463 1 493 150 105 322 -1 -1 -1 0 
464 1 491 150 107 324 -1 -1 -1 0 
465 1 491 146 106 329 -1 -1 -1 0 
466 1 488 144 107 332 -1 -1 -1 0 
467 1 487 142 107 336 -1 -1 -1 0 
468 1 486 136 110 342 -1 -1 -1 0 
469 1 485 134 112 345 -1 -1 -1 0 
470 1 484 130 113 349 -1 -1 -1 0 
471 1 483 128 116 351 -1 -1 -1 0 
472 1 482 126 119 353 -1 -1 -1 0 
473 1 480 126 121 353 -1 -1 -1 0 
474 1 481 126 121 353 -1 -1 -1 0 
475 1 482 125 122 354 -1 -1 -1 0 
476 1 484 118 124 361 -1 -1 -1 0 
477 1 485 116 126 363 -1 -1 -1 0 
478 1 485 107 132 372 -1 -1 -1 0 
479 1 485 103 134 375 -1 -1 -1 0 
480 1 485 93 139 386 -1 -1 -1 0 
481 1 484 90 143 381 -1 -1 -1 0 
482 1 485 85 144 385 -1 -1 -1 0 
483 1 484 83 147 387 -1 -1 -1 0 
484 1 481 80 150 391 -1 -1 -1 0 
485 1 480 77 150 394 -1 -1 -1 0 
486 1 470 70 159 405 -1 -1 -1 0 
487 1 467 65 163 410 -1 -1 -1 0 
488 1 459 56 170 423 -1 -1 -1 0 
489 1 456 50 174 429 -1 -1 -1 0 
490 1 452 45 179 429 -1 -1 -1 0 
491 1 449 39 182 435 -1 -1 -1 0 
492 1 444 34 186 437 -1 -1 -1 0 
493 1 443 29 188 441 -1 -1 -1 0 
494 1 441 17 195 451 -1 -1 -1 0 
495 1 440 5 198 467 -1 -1 -1 0 
496 1 437 0 202 468 -1 -1 -1 0 
497 1 434 0 205 472 -1 -1 -1 0 
498 1 429 0 210 476 -1 -1 -1 0 
499 1 419 0 220 474 -1 -1 -1 0 
500 1 414 0 225 474 -1 -1 -1 0 
501 1 409 0 230 475 -1 -1 -1 0 
502 1 402 0 237 474 -1 -1 -1 0 
503 1 387 0 252 472 -1 -1 -1 0 
504 1 368 0 271 470 -1 -1 -1 0 
505 1 338 0 292 478 -1 -1 -1 0 
506 1 320 0 305 477 -1 -1 -1 0 
507 1 275 0 338 479 -1 -1 -1 0 
508 1 251 4 364 472 -1 -1 -1 0 
509 1 213 9 402 463 -1 -1 -1 0 
510 1 198 8 409 467 -1 -1 -1 0 
511 1 185 0 411 476 -1 -1 -1 0 
512 1 165 1 421 475 -1 -1 -1 0 
513 1 148 0 423 476 -1 -1 -1 0 
514 1 137 1 425 475 -1 -1 -1 0 
515 1 114 4 409 471 -1 -1 -1 0 
516 1 107 4 413 472 -1 -1 -1 0 
517 1 84 4 455 471 -1 -1 -1 0 
518 1 73 1 480 476 -1 -1 -1 0 
519 1 42 5 535 469 -1 -1 -1 0 
520 1 28 3 553 468 -1 -1 -1 0 
521 1 14 5 598 465 -1 -1 -1 0 
522 1 15 12 613 451 -1 -1 -1 0 
523 1 16 11 619 452 -1 -1 -1 0 
524 1 12 9 627 468 -1 -1 -1 0 
525 1 9 5 630 474 -1 -1 -1 0 
526 1 11 9 628 468 -1 -1 -1 0 
527 1 14 4 625 472 -1 -1 -1 0 
528 1 10 1 621 465 -1 -1 -1 0 
529 1 12 4 627 465 -1 -1 -1 0 
530 1 14 8 625 463 -1 -1 -1 0 
531 1 15 18 624 452 -1 -1 -1 0 
532 1 21 13 600 458 -1 -1 -1 0 
533 1 24 7 595 463 -1 -1 -1 0 
534 1 27 6 610 462 -1 -1 -1 0 
535 1 51 0 588 448 -1 -1 -1 0 
536 1 54 0 585 445 -1 -1 -1 0 
537 1 24 0 611 442 -1 -1 -1 0 
538 1 22 0 616 441 -1 -1 -1 0 
539 1 66 0 568 456 -1 -1 -1 0 
540 1 77 0 559 474 -1 -1 -1 0 
541 1 64 6 575 467 -1 -1 -1 0 
544 1 22 19 617 455 -1 -1 -1 0 
546 1 6 16 630 456 -1 -1 -1 0 
547 1 11 16 627 458 -1 -1 -1 0 
548 1 13 12 626 460 -1 -1 -1 0 
549 1 13 8 626 464 -1 -1 -1 0 
550 1 12 1 626 478 -1 -1 -1 0 
551 1 10 6 629 469 -1 -1 -1 0 
552 1 10 6 629 470 -1 -1 -1 0 
553 1 9 5 630 470 -1 -1 -1 0 
554 1 8 8 631 466 -1 -1 -1 0 
555 1 9 9 630 465 -1 -1 -1 0 
556 1 6 7 633 468 -1 -1 -1 0 
557 1 6 7 633 470 -1 -1 -1 0 
558 1 2 8 637 467 -1 -1 -1 0 
559 1 7 9 632 466 -1 -1 -1 0 
560 1 6 9 633 467 -1 -1 -1 0 
561 1 5 8 634 467 -1 -1 -1 0 
562 1 7 7 632 469 -1 -1 -1 0 
563 1 8 8 631 467 -1 -1 -1 0 
564 1 10 7 629 469 -1 -1 -1 0 
565 1 11 9 628 467 -1 -1 -1 0 
566 1 12 8 627 467 -1 -1 -1 0 
567 1 10 8 629 467 -1 -1 -1 0 
568 1 11 7 628 468 -1 -1 -1 0 
569 1 12 7 627 468 -1 -1 -1 0 
570 1 13 6 626 469 -1 -1 -1 0 
571 1 12 8 627 466 -1 -1 -1 0 
572 1 13 6 626 470 -1 -1 -1 0 
573 1 15 5 624 469 -1 -1 -1 0 
574 1 17 5 622 470 -1 -1 -1 0 
575 1 16 7 623 468 -1 -1 -1 0 
576 1 17 9 621 466 -1 -1 -1 0 
577 1 13 8 626 468 -1 -1 -1 0 
578 1 12 7 627 469 -1 -1 -1 0 
579 1 13 7 623 470 -1 -1 -1 0 
580 1 11 6 625 471 -1 -1 -1 0 
581 1 9 7 629 469 -1 -1 -1 0 
582 1 9 6 630 471 -1 -1 -1 0 
583 1 12 4 627 472 -1 -1 -1 0 
584 1 11 7 628 469 -1 -1 -1 0 
585 1 10 7 629 469 -1 -1 -1 0 
586 1 9 7 630 468 -1 -1 -1 0 
587 1 10 8 628 468 -1 -1 -1 0 
588 1 10 8 629 468 -1 -1 -1 0 
589 1 10 7 629 469 -1 -1 -1 0 
590 1 10 7 628 468 -1 -1 -1 0 
591 1 9 8 629 467 -1 -1 -1 0 
592 1 11 9 626 467 -1 -1 -1 0 
593 1 9 7 630 469 -1 -1 -1 0 
594 1 9 7 630 469 -1 -1 -1 0 
595 1 9 7 630 468 -1 -1 -1 0 
596 1 9 8 630 468 -1 -1 -1 0 
597 1 10 7 628 469 -1 -1 -1 0 
598 1 10 7 628 468 -1 -1 -1 0 
599 1 8 7 631 467 -1 -1 -1 0 
600 1 7 6 631 469 -1 -1 -1 0 
601 1 6 4 632 473 -1 -1 -1 0 
602 1 4 4 634 472 -1 -1 -1 0 
603 1 4 4 632 472 -1 -1 -1 0 
604 1 4 3 632 474 -1 -1 -1 0 
605 1 2 2 635 474 -1 -1 -1 0 
606 1 5 2 633 474 -1 -1 -1 0 
607 1 5 0 632 478 -1 -1 -1 0 
608 1 9 3 628 472 -1 -1 -1 0 
609 1 6 1 631 476 -1 -1 -1 0 
610 1 6 0 630 477 -1 -1 -1 0 
611 1 9 2 627 474 -1 -1 -1 0 
612 1 7 3 630 472 -1 -1 -1 0 
613 1 4 1 634 476 -1 -1 -1 0 
614 1 9 3 626 473 -1 -1 -1 0 
615 1 5 1 633 476 -1 -1 -1 0 
616 1 4 0 633 476 -1 -1 -1 0 
617 1 4 0 633 476 -1 -1 -1 0 
618 1 4 1 634 476 -1 -1 -1 0 
619 1 4 4 633 473 -1 -1 -1 0 
620 1 6 4 632 473 -1 -1 -1 0 
621 1 5 1 634 477 -1 -1 -1 0 
622 1 7 0 631 472 -1 -1 -1 0 
623 1 10 0 629 473 -1 -1 -1 0 
624 1 10 0 629 472 -1 -1 -1 0 
625 1 8 0 631 470 -1 -1 -1 0 
626 1 12 0 626 474 -1 -1 -1 0 
627 1 13 0 626 474 -1 -1 -1 0 
628 1 18 0 621 474 -1 -1 -1 0 
629 1 14 1 625 469 -1 -1 -1 0 
630 1 15 1 624 468 -1 -1 -1 0 
631 1 14 1 623 467 -1 -1 -1 0 
632 1 12 2 617 470 -1 -1 -1 0 
633 1 16 3 602 469 -1 -1 -1 0 
634 1 17 1 599 469 -1 -1 -1 0 
635 1 19 1 593 469 -1 -1 -1 0 
636 1 19 1 590 471 -1 -1 -1 0 
637 1 18 0 589 472 -1 -1 -1 0 
638 1 18 0 581 472 -1 -1 -1 0 
639 1 12 0 563 468 -1 -1 -1 0 
640 1 5 0 564 467 -1 -1 -1 0 
641 1 8 0 547 467 -1 -1 -1 0 
642 1 5 0 550 467 -1 -1 -1 0 
643 1 5 0 546 467 -1 -1 -1 0 
644 1 6 0 546 468 -1 -1 -1 0 
645 1 7 0 541 467 -1 -1 -1 0 
646 1 9 0 527 466 -1 -1 -1 0 
647 1 8 0 527 466 -1 -1 -1 0 
648 1 9 0 527 468 -1 -1 -1 0 
649 1 9 0 532 469 -1 -1 -1 0 
650 1 10 0 537 470 -1 -1 -1 0 
651 1 12 1 528 469 -1 -1 -1 0 
652 1 11 0 530 468 -1 -1 -1 0 
653 1 21 1 485 465 -1 -1 -1 0 
