3 1 0 1015 291 900 -1 -1 -1 0 
4 1 0 1003 291 912 -1 -1 -1 0 
5 1 0 1007 291 907 -1 -1 -1 0 
6 1 0 1014 289 897 -1 -1 -1 0 
7 1 0 1012 291 900 -1 -1 -1 0 
8 1 0 1017 292 896 -1 -1 -1 0 
9 1 0 1018 289 894 -1 -1 -1 0 
10 1 0 1021 291 892 -1 -1 -1 0 
11 1 0 1018 294 892 -1 -1 -1 0 
12 1 0 1015 297 893 -1 -1 -1 0 
13 1 0 1015 303 892 -1 -1 -1 0 
14 1 0 1022 312 886 -1 -1 -1 0 
15 1 0 1020 315 886 -1 -1 -1 0 
16 1 0 1023 320 884 -1 -1 -1 0 
17 1 0 1022 329 887 -1 -1 -1 0 
18 1 0 1029 334 881 -1 -1 -1 0 
19 1 0 1029 344 879 -1 -1 -1 0 
20 1 0 1035 356 875 -1 -1 -1 0 
21 1 0 1041 357 868 -1 -1 -1 0 
22 1 0 1042 365 863 -1 -1 -1 0 
23 1 0 1043 368 860 -1 -1 -1 0 
24 1 0 1040 371 862 -1 -1 -1 0 
25 1 0 1049 375 857 -1 -1 -1 0 
26 1 0 1051 379 855 -1 -1 -1 0 
27 1 0 1056 387 853 -1 -1 -1 0 
28 1 0 1060 394 850 -1 -1 -1 0 
29 1 0 1058 398 850 -1 -1 -1 0 
30 1 0 1053 407 855 -1 -1 -1 0 
31 1 0 1053 411 857 -1 -1 -1 0 
32 1 0 1054 414 856 -1 -1 -1 0 
33 1 0 1054 419 858 -1 -1 -1 0 
34 1 0 1053 426 859 -1 -1 -1 0 
35 1 0 1051 435 861 -1 -1 -1 0 
36 1 0 1050 446 861 -1 -1 -1 0 
37 1 1 1054 456 854 -1 -1 -1 0 
38 1 3 1049 462 857 -1 -1 -1 0 
39 1 5 1047 466 861 -1 -1 -1 0 
40 1 8 1048 476 861 -1 -1 -1 0 
41 1 16 1048 477 861 -1 -1 -1 0 
42 1 25 1056 472 853 -1 -1 -1 0 
43 1 36 1052 466 860 -1 -1 -1 0 
44 1 44 1046 467 867 -1 -1 -1 0 
45 1 54 1046 467 867 -1 -1 -1 0 
46 1 62 1052 469 861 -1 -1 -1 0 
47 1 76 1049 470 861 -1 -1 -1 0 
48 1 85 1055 473 854 -1 -1 -1 0 
49 1 97 1061 472 849 -1 -1 -1 0 
50 1 110 1057 477 852 -1 -1 -1 0 
51 1 124 1053 469 854 -1 -1 -1 0 
52 1 136 1055 461 859 -1 -1 -1 0 
53 1 142 1053 462 861 -1 -1 -1 0 
54 1 150 1049 462 867 -1 -1 -1 0 
55 1 159 1048 461 865 -1 -1 -1 0 
56 1 166 1047 462 862 -1 -1 -1 0 
57 1 175 1050 464 857 -1 -1 -1 0 
58 1 182 1052 467 857 -1 -1 -1 0 
59 1 186 1055 469 854 -1 -1 -1 0 
60 1 189 1056 470 852 -1 -1 -1 0 
61 1 188 1057 475 852 -1 -1 -1 0 
62 1 190 1052 478 859 -1 -1 -1 0 
63 1 189 1053 482 859 -1 -1 -1 0 
64 1 192 1052 480 861 -1 -1 -1 0 
65 1 191 1051 481 863 -1 -1 -1 0 
66 1 195 1050 479 865 -1 -1 -1 0 
67 1 195 1051 482 865 -1 -1 -1 0 
68 1 195 1049 487 865 -1 -1 -1 0 
69 1 201 1050 485 864 -1 -1 -1 0 
70 1 212 1045 478 865 -1 -1 -1 0 
71 1 218 1044 473 861 -1 -1 -1 0 
72 1 228 1042 467 867 -1 -1 -1 0 
73 1 235 1031 462 878 -1 -1 -1 0 
74 1 240 1021 463 891 -1 -1 -1 0 
75 1 255 1024 452 881 -1 -1 -1 0 
76 1 272 1029 442 875 -1 -1 -1 0 
77 1 284 1028 435 880 -1 -1 -1 0 
78 1 294 1027 428 882 -1 -1 -1 0 
79 1 305 1020 422 890 -1 -1 -1 0 
80 1 316 1013 418 895 -1 -1 -1 0 
81 1 325 999 419 914 -1 -1 -1 0 
82 1 339 979 407 933 -1 -1 -1 0 
83 1 347 978 401 937 -1 -1 -1 0 
84 1 353 971 401 928 -1 -1 -1 0 
85 1 359 965 394 938 -1 -1 -1 0 
86 1 366 960 391 931 -1 -1 -1 0 
87 1 374 952 380 942 -1 -1 -1 0 
88 1 382 946 373 945 -1 -1 -1 0 
89 1 384 942 373 948 -1 -1 -1 0 
90 1 390 942 372 930 -1 -1 -1 0 
91 1 395 938 370 931 -1 -1 -1 0 
92 1 399 933 364 934 -1 -1 -1 0 
93 1 402 940 362 919 -1 -1 -1 0 
94 1 405 936 361 914 -1 -1 -1 0 
95 1 407 932 359 919 -1 -1 -1 0 
96 1 409 932 353 927 -1 -1 -1 0 
97 1 408 937 344 930 -1 -1 -1 0 
98 1 404 925 345 959 -1 -1 -1 0 
99 1 402 933 342 956 -1 -1 -1 0 
100 1 400 933 340 970 -1 -1 -1 0 
101 1 395 931 341 969 -1 -1 -1 0 
102 1 394 930 339 969 -1 -1 -1 0 
103 1 396 930 332 963 -1 -1 -1 0 
104 1 397 929 326 962 -1 -1 -1 0 
105 1 391 931 321 954 -1 -1 -1 0 
106 1 387 932 322 955 -1 -1 -1 0 
107 1 384 932 322 949 -1 -1 -1 0 
108 1 381 924 322 941 -1 -1 -1 0 
109 1 381 920 317 911 -1 -1 -1 0 
110 1 377 926 315 855 -1 -1 -1 0 
111 1 376 917 312 835 -1 -1 -1 0 
112 1 372 908 320 836 -1 -1 -1 0 
113 1 372 902 320 818 -1 -1 -1 0 
114 1 372 904 321 822 -1 -1 -1 0 
115 1 374 904 321 833 -1 -1 -1 0 
116 1 376 904 317 836 -1 -1 -1 0 
117 1 376 904 318 852 -1 -1 -1 0 
118 1 376 905 318 859 -1 -1 -1 0 
119 1 381 914 320 873 -1 -1 -1 0 
120 1 382 912 319 893 -1 -1 -1 0 
121 1 386 913 316 893 -1 -1 -1 0 
122 1 392 904 313 906 -1 -1 -1 0 
123 1 394 909 312 905 -1 -1 -1 0 
124 1 397 906 315 920 -1 -1 -1 0 
125 1 402 908 309 924 -1 -1 -1 0 
126 1 409 914 305 909 -1 -1 -1 0 
127 1 413 913 304 885 -1 -1 -1 0 
128 1 406 919 307 777 -1 -1 -1 0 
129 1 412 906 305 819 -1 -1 -1 0 
130 1 413 905 306 795 -1 -1 -1 0 
131 1 416 900 303 783 -1 -1 -1 0 
132 1 415 900 304 764 -1 -1 -1 0 
133 1 412 900 306 749 -1 -1 -1 0 
134 1 413 897 300 751 -1 -1 -1 0 
135 1 413 893 298 758 -1 -1 -1 0 
136 1 413 886 294 775 -1 -1 -1 0 
137 1 409 886 297 799 -1 -1 -1 0 
138 1 407 890 296 816 -1 -1 -1 0 
139 1 404 888 299 833 -1 -1 -1 0 
140 1 401 893 301 847 -1 -1 -1 0 
141 1 395 901 300 857 -1 -1 -1 0 
142 1 389 904 301 857 -1 -1 -1 0 
143 1 388 913 291 858 -1 -1 -1 0 
144 1 384 914 289 860 -1 -1 -1 0 
145 1 383 913 283 864 -1 -1 -1 0 
146 1 378 909 286 858 -1 -1 -1 0 
147 1 373 900 287 859 -1 -1 -1 0 
148 1 369 900 288 855 -1 -1 -1 0 
149 1 364 900 291 813 -1 -1 -1 0 
150 1 358 895 295 792 -1 -1 -1 0 
151 1 356 891 293 782 -1 -1 -1 0 
152 1 354 892 292 768 -1 -1 -1 0 
153 1 354 890 290 758 -1 -1 -1 0 
154 1 355 888 289 752 -1 -1 -1 0 
155 1 356 883 287 768 -1 -1 -1 0 
156 1 356 878 285 783 -1 -1 -1 0 
157 1 355 878 286 799 -1 -1 -1 0 
158 1 354 879 291 814 -1 -1 -1 0 
159 1 356 881 291 831 -1 -1 -1 0 
160 1 360 885 290 850 -1 -1 -1 0 
161 1 362 889 292 867 -1 -1 -1 0 
162 1 366 891 290 878 -1 -1 -1 0 
163 1 368 893 289 881 -1 -1 -1 0 
164 1 377 897 283 881 -1 -1 -1 0 
165 1 381 901 282 883 -1 -1 -1 0 
166 1 385 902 281 881 -1 -1 -1 0 
167 1 389 907 278 864 -1 -1 -1 0 
168 1 391 913 276 805 -1 -1 -1 0 
169 1 386 909 282 764 -1 -1 -1 0 
170 1 385 905 281 756 -1 -1 -1 0 
171 1 381 901 285 763 -1 -1 -1 0 
172 1 380 903 286 738 -1 -1 -1 0 
173 1 378 904 289 743 -1 -1 -1 0 
174 1 375 903 291 745 -1 -1 -1 0 
175 1 373 901 292 749 -1 -1 -1 0 
176 1 375 904 290 759 -1 -1 -1 0 
177 1 377 908 288 769 -1 -1 -1 0 
178 1 379 913 287 784 -1 -1 -1 0 
179 1 379 919 288 796 -1 -1 -1 0 
180 1 379 923 283 823 -1 -1 -1 0 
181 1 379 930 282 829 -1 -1 -1 0 
182 1 378 933 280 865 -1 -1 -1 0 
183 1 380 935 280 867 -1 -1 -1 0 
184 1 383 943 274 869 -1 -1 -1 0 
185 1 384 942 269 883 -1 -1 -1 0 
186 1 382 940 268 898 -1 -1 -1 0 
187 1 380 940 267 891 -1 -1 -1 0 
188 1 377 933 268 867 -1 -1 -1 0 
189 1 376 932 267 850 -1 -1 -1 0 
190 1 375 936 268 816 -1 -1 -1 0 
191 1 375 934 276 803 -1 -1 -1 0 
192 1 372 933 282 780 -1 -1 -1 0 
193 1 366 933 282 750 -1 -1 -1 0 
194 1 373 934 276 738 -1 -1 -1 0 
195 1 376 929 277 755 -1 -1 -1 0 
196 1 383 940 280 773 -1 -1 -1 0 
197 1 387 945 270 793 -1 -1 -1 0 
198 1 389 941 270 817 -1 -1 -1 0 
199 1 398 944 262 820 -1 -1 -1 0 
200 1 407 950 267 821 -1 -1 -1 0 
201 1 413 946 277 847 -1 -1 -1 0 
202 1 415 958 278 849 -1 -1 -1 0 
203 1 420 964 273 858 -1 -1 -1 0 
204 1 427 958 271 890 -1 -1 -1 0 
205 1 426 967 265 896 -1 -1 -1 0 
206 1 418 970 276 902 -1 -1 -1 0 
207 1 414 976 279 899 -1 -1 -1 0 
208 1 411 982 281 896 -1 -1 -1 0 
209 1 414 995 270 902 -1 -1 -1 0 
210 1 413 994 274 895 -1 -1 -1 0 
211 1 410 998 286 898 -1 -1 -1 0 
212 1 412 997 292 901 -1 -1 -1 0 
213 1 423 1004 287 889 -1 -1 -1 0 
214 1 433 1005 287 891 -1 -1 -1 0 
215 1 438 1012 295 899 -1 -1 -1 0 
216 1 436 1015 340 902 -1 -1 -1 0 
217 1 438 1022 360 895 -1 -1 -1 0 
218 1 437 1026 377 890 -1 -1 -1 0 
219 1 437 1032 362 879 -1 -1 -1 0 
220 1 431 1033 338 879 -1 -1 -1 0 
221 1 426 1035 338 870 -1 -1 -1 0 
222 1 425 1045 340 862 -1 -1 -1 0 
223 1 417 1050 368 859 -1 -1 -1 0 
224 1 417 1047 374 865 -1 -1 -1 0 
225 1 414 1052 395 859 -1 -1 -1 0 
226 1 422 1054 403 858 -1 -1 -1 0 
227 1 426 1050 419 867 -1 -1 -1 0 
228 1 425 1053 428 859 -1 -1 -1 0 
229 1 443 1061 417 846 -1 -1 -1 0 
230 1 463 1065 413 838 -1 -1 -1 0 
231 1 487 1071 409 837 -1 -1 -1 0 
232 1 505 1072 405 847 -1 -1 -1 0 
233 1 531 1069 384 850 -1 -1 -1 0 
234 1 581 1056 355 863 -1 -1 -1 0 
235 1 632 1061 323 855 -1 -1 -1 0 
236 1 653 1061 311 858 -1 -1 -1 0 
237 1 661 1060 314 858 -1 -1 -1 0 
238 1 666 1059 320 859 -1 -1 -1 0 
239 1 672 1056 325 860 -1 -1 -1 0 
240 1 677 1056 325 861 -1 -1 -1 0 
241 1 683 1057 319 860 -1 -1 -1 0 
242 1 688 1056 319 861 -1 -1 -1 0 
243 1 691 1055 314 863 -1 -1 -1 0 
244 1 694 1059 312 860 -1 -1 -1 0 
245 1 698 1059 307 860 -1 -1 -1 0 
246 1 701 1058 296 861 -1 -1 -1 0 
247 1 705 1058 279 861 -1 -1 -1 0 
248 1 712 1057 275 862 -1 -1 -1 0 
249 1 718 1060 268 857 -1 -1 -1 0 
250 1 722 1063 269 856 -1 -1 -1 0 
251 1 726 1065 266 854 -1 -1 -1 0 
252 1 729 1065 276 854 -1 -1 -1 0 
253 1 738 1062 277 854 -1 -1 -1 0 
254 1 743 1063 313 852 -1 -1 -1 0 
255 1 758 1069 317 849 -1 -1 -1 0 
256 1 764 1074 314 843 -1 -1 -1 0 
257 1 762 1080 317 836 -1 -1 -1 0 
258 1 765 1087 314 830 -1 -1 -1 0 
259 1 767 1090 312 826 -1 -1 -1 0 
260 1 776 1090 303 824 -1 -1 -1 0 
261 1 766 1111 313 808 -1 -1 -1 0 
262 1 759 1118 320 801 -1 -1 -1 0 
263 1 780 1187 299 732 -1 -1 -1 0 
264 1 786 1272 293 645 -1 -1 -1 0 
265 1 797 1285 278 628 -1 -1 -1 0 
266 1 803 1290 271 620 -1 -1 -1 0 
321 1 901 1202 178 709 -1 -1 -1 0 
323 1 819 1211 260 706 -1 -1 -1 0 
324 1 781 1202 298 713 -1 -1 -1 0 
325 1 757 1208 319 707 -1 -1 -1 0 
326 1 715 1208 363 708 -1 -1 -1 0 
327 1 685 1207 394 712 -1 -1 -1 0 
328 1 650 1192 428 727 -1 -1 -1 0 
329 1 622 1176 457 743 -1 -1 -1 0 
330 1 595 1170 477 749 -1 -1 -1 0 
331 1 554 1152 507 767 -1 -1 -1 0 
332 1 526 1132 518 786 -1 -1 -1 0 
333 1 509 1129 510 790 -1 -1 -1 0 
334 1 503 1122 493 797 -1 -1 -1 0 
335 1 490 1117 491 800 -1 -1 -1 0 
336 1 452 1117 518 799 -1 -1 -1 0 
337 1 449 1120 501 791 -1 -1 -1 0 
338 1 475 1086 454 825 -1 -1 -1 0 
339 1 478 1084 442 828 -1 -1 -1 0 
340 1 484 1084 424 825 -1 -1 -1 0 
341 1 481 1080 420 827 -1 -1 -1 0 
342 1 479 1074 415 835 -1 -1 -1 0 
343 1 474 1068 413 845 -1 -1 -1 0 
344 1 467 1066 414 849 -1 -1 -1 0 
345 1 451 1068 424 848 -1 -1 -1 0 
346 1 444 1071 423 843 -1 -1 -1 0 
347 1 399 1070 460 837 -1 -1 -1 0 
348 1 396 1070 459 841 -1 -1 -1 0 
349 1 358 1070 493 843 -1 -1 -1 0 
350 1 344 1066 495 845 -1 -1 -1 0 
351 1 344 1072 486 838 -1 -1 -1 0 
352 1 330 1071 496 838 -1 -1 -1 0 
353 1 323 1072 497 841 -1 -1 -1 0 
354 1 330 1072 487 842 -1 -1 -1 0 
355 1 338 1070 480 840 -1 -1 -1 0 
356 1 352 1070 471 838 -1 -1 -1 0 
357 1 371 1071 462 835 -1 -1 -1 0 
358 1 384 1071 454 834 -1 -1 -1 0 
359 1 390 1070 454 834 -1 -1 -1 0 
360 1 407 1067 445 837 -1 -1 -1 0 
361 1 419 1065 436 844 -1 -1 -1 0 
362 1 430 1062 426 847 -1 -1 -1 0 
363 1 444 1059 415 853 -1 -1 -1 0 
364 1 455 1057 407 859 -1 -1 -1 0 
365 1 464 1054 400 865 -1 -1 -1 0 
366 1 473 1049 396 870 -1 -1 -1 0 
367 1 476 1044 399 875 -1 -1 -1 0 
368 1 485 1039 390 880 -1 -1 -1 0 
369 1 492 1031 388 888 -1 -1 -1 0 
370 1 501 1028 376 891 -1 -1 -1 0 
371 1 506 1028 364 891 -1 -1 -1 0 
372 1 510 1025 358 894 -1 -1 -1 0 
373 1 514 1019 349 900 -1 -1 -1 0 
374 1 517 1009 343 907 -1 -1 -1 0 
375 1 520 1005 338 910 -1 -1 -1 0 
376 1 518 1005 331 889 -1 -1 -1 0 
377 1 519 998 328 898 -1 -1 -1 0 
378 1 518 995 328 897 -1 -1 -1 0 
379 1 517 997 333 889 -1 -1 -1 0 
380 1 518 994 330 892 -1 -1 -1 0 
381 1 522 982 320 908 -1 -1 -1 0 
382 1 520 979 321 909 -1 -1 -1 0 
383 1 520 974 317 910 -1 -1 -1 0 
384 1 521 974 310 904 -1 -1 -1 0 
385 1 518 970 312 903 -1 -1 -1 0 
386 1 518 969 304 901 -1 -1 -1 0 
387 1 515 966 303 894 -1 -1 -1 0 
388 1 514 961 300 892 -1 -1 -1 0 
389 1 511 953 299 896 -1 -1 -1 0 
390 1 512 949 292 885 -1 -1 -1 0 
391 1 516 945 285 859 -1 -1 -1 0 
