3 1 12 1 627 461 -1 -1 -1 0 
4 1 15 2 624 460 -1 -1 -1 0 
5 1 21 4 614 460 -1 -1 -1 0 
6 1 36 1 585 467 -1 -1 -1 0 
7 1 36 0 568 475 -1 -1 -1 0 
8 1 28 0 588 468 -1 -1 -1 0 
9 1 27 0 591 468 -1 -1 -1 0 
10 1 41 0 569 475 -1 -1 -1 0 
11 1 26 0 594 465 -1 -1 -1 0 
12 1 27 0 590 464 -1 -1 -1 0 
13 1 28 0 588 464 -1 -1 -1 0 
14 1 27 0 590 465 -1 -1 -1 0 
15 1 37 0 573 468 -1 -1 -1 0 
16 1 24 0 594 464 -1 -1 -1 0 
17 1 25 0 588 464 -1 -1 -1 0 
18 1 34 0 574 468 -1 -1 -1 0 
19 1 31 0 578 472 -1 -1 -1 0 
20 1 31 0 581 475 -1 -1 -1 0 
21 1 28 0 585 476 -1 -1 -1 0 
22 1 28 0 587 475 -1 -1 -1 0 
23 1 29 0 583 475 -1 -1 -1 0 
24 1 29 0 583 477 -1 -1 -1 0 
25 1 28 0 586 478 -1 -1 -1 0 
26 1 20 5 609 466 -1 -1 -1 0 
27 1 22 6 606 465 -1 -1 -1 0 
28 1 22 7 607 463 -1 -1 -1 0 
29 1 22 7 606 464 -1 -1 -1 0 
30 1 19 7 610 464 -1 -1 -1 0 
31 1 22 6 605 465 -1 -1 -1 0 
32 1 21 6 608 465 -1 -1 -1 0 
33 1 21 8 608 462 -1 -1 -1 0 
34 1 23 9 605 461 -1 -1 -1 0 
35 1 24 8 604 462 -1 -1 -1 0 
36 1 21 9 610 461 -1 -1 -1 0 
37 1 20 11 610 458 -1 -1 -1 0 
38 1 21 11 609 458 -1 -1 -1 0 
39 1 21 12 609 457 -1 -1 -1 0 
40 1 23 13 606 456 -1 -1 -1 0 
41 1 21 12 610 458 -1 -1 -1 0 
42 1 22 11 608 461 -1 -1 -1 0 
43 1 21 11 610 461 -1 -1 -1 0 
44 1 21 11 611 460 -1 -1 -1 0 
45 1 21 11 611 460 -1 -1 -1 0 
46 1 21 10 610 461 -1 -1 -1 0 
47 1 19 11 612 460 -1 -1 -1 0 
48 1 21 11 609 460 -1 -1 -1 0 
49 1 20 11 612 461 -1 -1 -1 0 
50 1 21 11 610 461 -1 -1 -1 0 
51 1 23 9 608 463 -1 -1 -1 0 
52 1 24 9 607 463 -1 -1 -1 0 
53 1 24 9 606 463 -1 -1 -1 0 
54 1 23 9 608 463 -1 -1 -1 0 
55 1 23 9 608 462 -1 -1 -1 0 
56 1 21 8 610 463 -1 -1 -1 0 
57 1 21 9 609 462 -1 -1 -1 0 
58 1 20 8 611 463 -1 -1 -1 0 
59 1 19 8 613 462 -1 -1 -1 0 
60 1 19 8 613 462 -1 -1 -1 0 
61 1 19 7 612 462 -1 -1 -1 0 
62 1 21 9 610 463 -1 -1 -1 0 
63 1 22 9 610 463 -1 -1 -1 0 
64 1 20 9 612 463 -1 -1 -1 0 
65 1 19 9 613 463 -1 -1 -1 0 
66 1 20 9 611 463 -1 -1 -1 0 
67 1 20 8 612 464 -1 -1 -1 0 
68 1 19 8 614 464 -1 -1 -1 0 
69 1 15 7 618 465 -1 -1 -1 0 
70 1 15 7 617 466 -1 -1 -1 0 
71 1 14 7 618 467 -1 -1 -1 0 
72 1 15 7 619 465 -1 -1 -1 0 
73 1 14 7 619 464 -1 -1 -1 0 
74 1 14 7 619 464 -1 -1 -1 0 
75 1 22 1 614 457 -1 -1 -1 0 
76 1 15 0 624 457 -1 -1 -1 0 
77 1 17 0 622 462 -1 -1 -1 0 
78 1 16 0 623 462 -1 -1 -1 0 
79 1 44 7 593 462 -1 -1 -1 0 
80 1 73 9 565 462 -1 -1 -1 0 
81 1 75 10 564 462 -1 -1 -1 0 
82 1 204 10 433 467 -1 -1 -1 0 
83 1 206 11 433 467 -1 -1 -1 0 
84 1 206 11 433 467 -1 -1 -1 0 
85 1 200 16 434 461 -1 -1 -1 0 
86 1 201 16 434 461 -1 -1 -1 0 
87 1 200 18 430 458 -1 -1 -1 0 
88 1 195 16 412 458 -1 -1 -1 0 
89 1 195 16 412 459 -1 -1 -1 0 
90 1 203 2 398 475 -1 -1 -1 0 
91 1 204 12 400 463 -1 -1 -1 0 
92 1 204 14 400 462 -1 -1 -1 0 
93 1 227 0 384 463 -1 -1 -1 0 
94 1 224 0 389 474 -1 -1 -1 0 
95 1 241 2 359 470 -1 -1 -1 0 
96 1 252 8 373 462 -1 -1 -1 0 
97 1 254 10 372 461 -1 -1 -1 0 
98 1 274 6 300 469 -1 -1 -1 0 
99 1 272 8 300 470 -1 -1 -1 0 
100 1 271 7 301 470 -1 -1 -1 0 
101 1 270 9 286 463 -1 -1 -1 0 
102 1 269 9 287 463 -1 -1 -1 0 
103 1 269 8 285 465 -1 -1 -1 0 
104 1 257 0 289 472 -1 -1 -1 0 
105 1 250 0 287 474 -1 -1 -1 0 
106 1 246 0 284 477 -1 -1 -1 0 
107 1 246 0 280 476 -1 -1 -1 0 
108 1 246 0 276 476 -1 -1 -1 0 
109 1 247 0 271 473 -1 -1 -1 0 
110 1 247 0 273 471 -1 -1 -1 0 
111 1 245 0 274 469 -1 -1 -1 0 
112 1 243 1 272 470 -1 -1 -1 0 
113 1 250 0 261 471 -1 -1 -1 0 
114 1 259 0 250 471 -1 -1 -1 0 
115 1 264 0 244 471 -1 -1 -1 0 
116 1 271 0 234 472 -1 -1 -1 0 
117 1 273 2 231 477 -1 -1 -1 0 
118 1 270 9 233 465 -1 -1 -1 0 
119 1 266 15 228 454 -1 -1 -1 0 
120 1 265 21 222 445 -1 -1 -1 0 
121 1 264 37 214 429 -1 -1 -1 0 
122 1 263 42 210 425 -1 -1 -1 0 
123 1 263 57 196 413 -1 -1 -1 0 
124 1 261 60 191 413 -1 -1 -1 0 
125 1 260 61 187 413 -1 -1 -1 0 
126 1 255 64 183 406 -1 -1 -1 0 
127 1 252 70 181 402 -1 -1 -1 0 
128 1 250 73 180 398 -1 -1 -1 0 
129 1 251 77 172 392 -1 -1 -1 0 
130 1 249 79 174 393 -1 -1 -1 0 
131 1 250 82 169 392 -1 -1 -1 0 
132 1 251 87 164 387 -1 -1 -1 0 
133 1 253 96 159 379 -1 -1 -1 0 
134 1 255 101 157 375 -1 -1 -1 0 
135 1 256 103 155 373 -1 -1 -1 0 
136 1 260 108 151 369 -1 -1 -1 0 
137 1 262 110 148 367 -1 -1 -1 0 
138 1 266 109 144 370 -1 -1 -1 0 
139 1 267 110 143 369 -1 -1 -1 0 
140 1 269 116 140 363 -1 -1 -1 0 
141 1 270 119 138 360 -1 -1 -1 0 
142 1 270 122 135 357 -1 -1 -1 0 
143 1 270 124 134 355 -1 -1 -1 0 
144 1 270 126 130 353 -1 -1 -1 0 
145 1 269 127 129 352 -1 -1 -1 0 
146 1 268 132 124 347 -1 -1 -1 0 
147 1 268 134 121 345 -1 -1 -1 0 
148 1 266 131 124 348 -1 -1 -1 0 
149 1 264 133 126 346 -1 -1 -1 0 
150 1 267 131 120 348 -1 -1 -1 0 
151 1 268 135 117 344 -1 -1 -1 0 
152 1 276 137 107 342 -1 -1 -1 0 
153 1 279 137 101 342 -1 -1 -1 0 
154 1 285 136 91 343 -1 -1 -1 0 
155 1 286 137 87 342 -1 -1 -1 0 
156 1 287 137 85 342 -1 -1 -1 0 
157 1 288 135 86 344 -1 -1 -1 0 
158 1 291 135 94 344 -1 -1 -1 0 
159 1 293 136 99 343 -1 -1 -1 0 
160 1 297 138 105 341 -1 -1 -1 0 
161 1 298 143 107 336 -1 -1 -1 0 
162 1 302 145 105 334 -1 -1 -1 0 
163 1 304 147 104 332 -1 -1 -1 0 
164 1 299 144 117 335 -1 -1 -1 0 
165 1 300 144 119 335 -1 -1 -1 0 
166 1 321 142 98 337 -1 -1 -1 0 
167 1 329 138 96 340 -1 -1 -1 0 
168 1 345 140 85 334 -1 -1 -1 0 
169 1 354 138 81 333 -1 -1 -1 0 
170 1 362 137 92 339 -1 -1 -1 0 
171 1 367 136 90 340 -1 -1 -1 0 
172 1 370 135 93 342 -1 -1 -1 0 
173 1 374 139 98 336 -1 -1 -1 0 
174 1 376 144 103 328 -1 -1 -1 0 
175 1 371 147 117 326 -1 -1 -1 0 
176 1 372 151 131 317 -1 -1 -1 0 
177 1 372 152 136 314 -1 -1 -1 0 
178 1 376 153 138 312 -1 -1 -1 0 
180 2 449 144 69 265 -1 -1 -1 0 
181 2 456 149 65 236 -1 -1 -1 0 
252 2 455 135 62 239 -1 -1 -1 0 
253 2 443 136 71 309 -1 -1 -1 0 
254 2 438 135 75 316 -1 -1 -1 0 
255 2 430 134 82 324 -1 -1 -1 0 
256 2 426 133 87 329 -1 -1 -1 0 
257 2 423 135 93 326 -1 -1 -1 0 
258 2 422 135 94 327 -1 -1 -1 0 
259 2 421 134 95 327 -1 -1 -1 0 
260 2 420 135 96 327 -1 -1 -1 0 
261 2 419 135 97 328 -1 -1 -1 0 
262 2 418 135 97 329 -1 -1 -1 0 
263 2 415 130 97 327 -1 -1 -1 0 
264 2 412 128 99 330 -1 -1 -1 0 
265 2 410 127 101 335 -1 -1 -1 0 
266 2 393 125 115 337 -1 -1 -1 0 
267 2 388 124 119 339 -1 -1 -1 0 
268 2 378 133 124 335 -1 -1 -1 0 
269 2 376 134 122 336 -1 -1 -1 0 
270 2 372 130 118 343 -1 -1 -1 0 
271 2 368 129 118 346 -1 -1 -1 0 
272 2 358 128 121 351 -1 -1 -1 0 
273 2 355 127 121 352 -1 -1 -1 0 
274 2 349 126 122 353 -1 -1 -1 0 
275 2 345 126 121 353 -1 -1 -1 0 
276 2 345 127 119 352 -1 -1 -1 0 
277 2 344 130 119 349 -1 -1 -1 0 
278 2 344 130 117 349 -1 -1 -1 0 
279 2 343 130 117 349 -1 -1 -1 0 
280 2 342 131 115 346 -1 -1 -1 0 
281 2 339 133 116 345 -1 -1 -1 0 
282 2 331 133 124 346 -1 -1 -1 0 
283 2 316 133 131 346 -1 -1 -1 0 
284 2 286 132 153 347 -1 -1 -1 0 
285 2 283 133 151 346 -1 -1 -1 0 
286 2 285 135 140 344 -1 -1 -1 0 
287 2 284 136 137 343 -1 -1 -1 0 
288 2 283 136 133 341 -1 -1 -1 0 
289 2 274 132 137 345 -1 -1 -1 0 
290 2 266 129 135 350 -1 -1 -1 0 
291 2 263 129 129 350 -1 -1 -1 0 
292 2 260 129 122 350 -1 -1 -1 0 
293 2 257 128 121 351 -1 -1 -1 0 
294 2 257 128 121 351 -1 -1 -1 0 
295 2 256 131 119 348 -1 -1 -1 0 
296 2 257 132 117 347 -1 -1 -1 0 
297 2 257 133 115 346 -1 -1 -1 0 
298 2 256 133 116 346 -1 -1 -1 0 
299 2 253 132 116 347 -1 -1 -1 0 
300 2 249 132 118 347 -1 -1 -1 0 
301 2 238 132 128 347 -1 -1 -1 0 
302 2 230 131 131 348 -1 -1 -1 0 
303 2 227 132 125 347 -1 -1 -1 0 
304 2 223 131 125 348 -1 -1 -1 0 
305 2 219 135 126 344 -1 -1 -1 0 
306 2 214 138 122 341 -1 -1 -1 0 
307 2 207 140 127 336 -1 -1 -1 0 
308 2 195 140 137 331 -1 -1 -1 0 
309 2 186 140 144 327 -1 -1 -1 0 
310 2 176 133 138 342 -1 -1 -1 0 
311 2 171 132 131 340 -1 -1 -1 0 
312 2 168 130 124 334 -1 -1 -1 0 
313 2 168 134 110 245 -1 -1 -1 0 
314 2 166 134 108 238 -1 -1 -1 0 
315 2 164 133 108 239 -1 -1 -1 0 
316 2 162 133 108 238 -1 -1 -1 0 
317 2 162 134 108 236 -1 -1 -1 0 
318 2 162 135 107 235 -1 -1 -1 0 
319 2 163 136 106 234 -1 -1 -1 0 
320 2 163 136 106 235 -1 -1 -1 0 
321 2 163 137 105 234 -1 -1 -1 0 
322 2 162 137 103 235 -1 -1 -1 0 
323 2 159 136 103 236 -1 -1 -1 0 
324 2 156 136 103 235 -1 -1 -1 0 
325 2 153 137 104 234 -1 -1 -1 0 
326 2 148 136 106 236 -1 -1 -1 0 
327 2 145 137 106 235 -1 -1 -1 0 
328 2 143 137 104 235 -1 -1 -1 0 
329 2 142 137 102 234 -1 -1 -1 0 
330 2 141 138 101 233 -1 -1 -1 0 
331 2 141 139 100 232 -1 -1 -1 0 
332 2 140 139 100 232 -1 -1 -1 0 
333 2 141 139 100 231 -1 -1 -1 0 
334 2 140 138 102 232 -1 -1 -1 0 
335 2 140 138 102 232 -1 -1 -1 0 
336 2 141 137 103 233 -1 -1 -1 0 
337 2 141 136 103 235 -1 -1 -1 0 
338 2 143 136 105 236 -1 -1 -1 0 
339 2 146 136 106 236 -1 -1 -1 0 
340 2 148 136 106 236 -1 -1 -1 0 
341 2 157 135 104 236 -1 -1 -1 0 
342 2 160 133 134 323 -1 -1 -1 0 
343 2 166 138 153 339 -1 -1 -1 0 
344 2 172 140 149 338 -1 -1 -1 0 
345 2 178 141 144 336 -1 -1 -1 0 
346 2 196 141 125 335 -1 -1 -1 0 
347 2 202 140 121 336 -1 -1 -1 0 
348 2 209 136 122 341 -1 -1 -1 0 
349 2 217 132 125 347 -1 -1 -1 0 
350 2 224 132 123 347 -1 -1 -1 0 
351 2 231 132 118 347 -1 -1 -1 0 
352 2 236 131 117 348 -1 -1 -1 0 
353 2 238 132 117 347 -1 -1 -1 0 
354 2 241 133 116 346 -1 -1 -1 0 
355 2 242 133 116 346 -1 -1 -1 0 
356 2 242 133 116 346 -1 -1 -1 0 
357 2 243 134 114 345 -1 -1 -1 0 
358 2 242 134 115 345 -1 -1 -1 0 
359 2 241 134 116 345 -1 -1 -1 0 
360 2 243 135 115 344 -1 -1 -1 0 
361 2 245 135 119 344 -1 -1 -1 0 
362 2 246 134 124 345 -1 -1 -1 0 
363 2 249 133 132 346 -1 -1 -1 0 
364 2 256 132 145 347 -1 -1 -1 0 
365 2 259 132 151 347 -1 -1 -1 0 
366 2 267 133 142 346 -1 -1 -1 0 
367 2 270 134 141 345 -1 -1 -1 0 
368 2 274 136 141 343 -1 -1 -1 0 
369 2 270 137 148 342 -1 -1 -1 0 
370 2 270 137 155 342 -1 -1 -1 0 
371 2 276 134 153 345 -1 -1 -1 0 
372 2 304 123 133 356 -1 -1 -1 0 
373 2 312 130 129 349 -1 -1 -1 0 
374 2 326 130 117 349 -1 -1 -1 0 
375 2 329 129 115 349 -1 -1 -1 0 
376 2 330 130 114 347 -1 -1 -1 0 
377 2 331 131 118 348 -1 -1 -1 0 
378 2 332 130 119 349 -1 -1 -1 0 
379 2 332 130 118 349 -1 -1 -1 0 
380 2 333 131 117 348 -1 -1 -1 0 
381 2 333 132 117 347 -1 -1 -1 0 
382 2 332 132 119 347 -1 -1 -1 0 
383 2 332 131 116 347 -1 -1 -1 0 
384 2 331 130 119 349 -1 -1 -1 0 
385 2 331 129 116 350 -1 -1 -1 0 
386 2 331 129 115 350 -1 -1 -1 0 
387 2 329 130 115 348 -1 -1 -1 0 
388 2 329 130 114 349 -1 -1 -1 0 
389 2 329 131 114 348 -1 -1 -1 0 
390 2 328 132 115 347 -1 -1 -1 0 
391 2 328 131 114 348 -1 -1 -1 0 
392 2 328 130 114 349 -1 -1 -1 0 
393 2 327 129 115 350 -1 -1 -1 0 
394 2 326 129 116 350 -1 -1 -1 0 
395 2 327 129 115 350 -1 -1 -1 0 
396 2 326 129 116 350 -1 -1 -1 0 
397 2 326 129 116 350 -1 -1 -1 0 
398 2 326 130 116 349 -1 -1 -1 0 
399 2 326 129 116 350 -1 -1 -1 0 
400 2 326 129 116 350 -1 -1 -1 0 
401 2 326 129 116 350 -1 -1 -1 0 
402 2 326 130 116 349 -1 -1 -1 0 
403 2 325 130 117 349 -1 -1 -1 0 
404 2 326 130 116 349 -1 -1 -1 0 
405 2 326 131 116 348 -1 -1 -1 0 
406 2 325 131 116 348 -1 -1 -1 0 
407 2 326 130 116 349 -1 -1 -1 0 
408 2 326 129 116 350 -1 -1 -1 0 
409 2 326 130 115 349 -1 -1 -1 0 
410 2 327 130 114 349 -1 -1 -1 0 
411 2 327 131 115 348 -1 -1 -1 0 
412 2 328 130 115 349 -1 -1 -1 0 
413 2 328 131 114 348 -1 -1 -1 0 
414 2 328 132 115 347 -1 -1 -1 0 
415 2 328 132 116 346 -1 -1 -1 0 
416 2 328 132 115 346 -1 -1 -1 0 
417 2 328 132 115 345 -1 -1 -1 0 
418 2 326 132 115 344 -1 -1 -1 0 
419 2 320 132 118 347 -1 -1 -1 0 
420 2 315 124 120 355 -1 -1 -1 0 
421 2 305 133 122 346 -1 -1 -1 0 
422 2 303 134 120 345 -1 -1 -1 0 
423 2 296 134 115 345 -1 -1 -1 0 
424 2 289 136 118 341 -1 -1 -1 0 
425 2 286 137 121 340 -1 -1 -1 0 
426 2 286 136 122 340 -1 -1 -1 0 
427 2 288 136 114 341 -1 -1 -1 0 
428 2 288 137 107 340 -1 -1 -1 0 
429 2 288 136 100 342 -1 -1 -1 0 
430 2 290 135 89 341 -1 -1 -1 0 
431 2 292 134 81 341 -1 -1 -1 0 
432 2 292 134 77 340 -1 -1 -1 0 
433 2 291 134 72 343 -1 -1 -1 0 
434 2 291 136 71 343 -1 -1 -1 0 
435 2 286 139 75 340 -1 -1 -1 0 
436 2 284 141 75 338 -1 -1 -1 0 
437 2 282 146 75 333 -1 -1 -1 0 
438 2 282 147 74 330 -1 -1 -1 0 
439 2 278 154 77 321 -1 -1 -1 0 
440 2 275 156 78 318 -1 -1 -1 0 
441 2 272 157 80 317 -1 -1 -1 0 
442 2 270 156 83 317 -1 -1 -1 0 
443 2 268 157 89 310 -1 -1 -1 0 
444 2 266 160 94 304 -1 -1 -1 0 
445 2 265 157 97 309 -1 -1 -1 0 
446 2 265 157 97 310 -1 -1 -1 0 
447 2 267 157 94 313 -1 -1 -1 0 
448 2 266 158 95 313 -1 -1 -1 0 
449 2 269 168 101 302 -1 -1 -1 0 
450 2 271 169 99 301 -1 -1 -1 0 
451 2 273 173 98 297 -1 -1 -1 0 
452 2 277 173 97 297 -1 -1 -1 0 
453 2 280 172 100 298 -1 -1 -1 0 
454 2 282 172 101 301 -1 -1 -1 0 
455 2 287 174 101 293 -1 -1 -1 0 
456 2 292 172 97 294 -1 -1 -1 0 
457 2 294 173 97 291 -1 -1 -1 0 
458 2 297 173 95 289 -1 -1 -1 0 
459 2 298 175 95 282 -1 -1 -1 0 
460 2 299 179 91 270 -1 -1 -1 0 
461 2 300 181 86 267 -1 -1 -1 0 
462 2 300 181 80 269 -1 -1 -1 0 
463 2 302 182 73 275 -1 -1 -1 0 
464 2 303 182 68 271 -1 -1 -1 0 
465 2 301 182 66 284 -1 -1 -1 0 
466 2 300 182 67 284 -1 -1 -1 0 
467 2 301 183 64 288 -1 -1 -1 0 
468 2 302 181 60 290 -1 -1 -1 0 
469 2 302 181 59 287 -1 -1 -1 0 
470 2 301 180 59 286 -1 -1 -1 0 
471 2 298 180 63 278 -1 -1 -1 0 
472 2 296 180 65 276 -1 -1 -1 0 
473 2 293 182 70 276 -1 -1 -1 0 
474 2 292 181 72 280 -1 -1 -1 0 
475 2 291 176 74 288 -1 -1 -1 0 
476 2 288 177 77 287 -1 -1 -1 0 
477 2 285 177 81 286 -1 -1 -1 0 
478 2 283 176 84 283 -1 -1 -1 0 
479 2 280 174 89 281 -1 -1 -1 0 
480 2 279 173 92 284 -1 -1 -1 0 
481 2 280 175 92 282 -1 -1 -1 0 
482 2 282 172 93 284 -1 -1 -1 0 
483 2 285 173 92 292 -1 -1 -1 0 
484 2 287 170 92 296 -1 -1 -1 0 
485 2 289 163 94 302 -1 -1 -1 0 
486 2 291 165 95 303 -1 -1 -1 0 
487 2 295 165 101 309 -1 -1 -1 0 
488 2 298 163 103 309 -1 -1 -1 0 
489 2 302 161 105 311 -1 -1 -1 0 
490 2 306 163 105 304 -1 -1 -1 0 
491 2 309 158 105 309 -1 -1 -1 0 
492 2 310 156 107 314 -1 -1 -1 0 
493 2 310 152 112 325 -1 -1 -1 0 
494 2 311 153 114 326 -1 -1 -1 0 
495 2 315 154 113 325 -1 -1 -1 0 
496 2 316 153 114 325 -1 -1 -1 0 
497 2 315 149 116 329 -1 -1 -1 0 
498 2 314 145 118 334 -1 -1 -1 0 
499 2 312 136 118 343 -1 -1 -1 0 
500 2 310 132 122 347 -1 -1 -1 0 
501 2 308 133 126 346 -1 -1 -1 0 
502 2 308 131 126 348 -1 -1 -1 0 
503 2 308 128 126 351 -1 -1 -1 0 
504 2 307 127 127 352 -1 -1 -1 0 
505 2 306 124 128 355 -1 -1 -1 0 
506 2 305 122 131 357 -1 -1 -1 0 
507 2 306 120 134 359 -1 -1 -1 0 
508 2 306 116 137 361 -1 -1 -1 0 
509 2 307 110 140 366 -1 -1 -1 0 
510 2 306 105 143 372 -1 -1 -1 0 
511 2 306 97 145 381 -1 -1 -1 0 
512 2 306 93 148 385 -1 -1 -1 0 
513 2 309 89 148 381 -1 -1 -1 0 
514 2 309 88 150 380 -1 -1 -1 0 
515 2 308 86 150 381 -1 -1 -1 0 
516 2 306 83 152 385 -1 -1 -1 0 
517 2 298 79 158 391 -1 -1 -1 0 
518 2 295 75 160 395 -1 -1 -1 0 
519 2 283 66 172 405 -1 -1 -1 0 
520 2 279 62 176 408 -1 -1 -1 0 
521 2 273 55 183 417 -1 -1 -1 0 
522 2 270 51 185 421 -1 -1 -1 0 
523 2 267 47 189 426 -1 -1 -1 0 
524 2 266 42 192 428 -1 -1 -1 0 
525 2 267 34 200 433 -1 -1 -1 0 
526 2 268 27 203 441 -1 -1 -1 0 
527 2 268 20 208 447 -1 -1 -1 0 
528 2 269 5 217 465 -1 -1 -1 0 
529 2 268 0 228 472 -1 -1 -1 0 
530 2 268 0 232 473 -1 -1 -1 0 
531 2 268 1 237 475 -1 -1 -1 0 
532 2 266 2 243 473 -1 -1 -1 0 
533 2 263 0 249 470 -1 -1 -1 0 
534 2 260 0 252 470 -1 -1 -1 0 
535 2 248 0 263 468 -1 -1 -1 0 
536 2 241 0 270 469 -1 -1 -1 0 
537 2 228 0 283 471 -1 -1 -1 0 
538 2 220 0 291 477 -1 -1 -1 0 
539 2 207 0 298 477 -1 -1 -1 0 
540 2 202 0 302 477 -1 -1 -1 0 
541 2 207 0 300 467 -1 -1 -1 0 
542 2 203 0 306 471 -1 -1 -1 0 
543 2 206 4 310 464 -1 -1 -1 0 
544 2 204 3 314 465 -1 -1 -1 0 
545 2 207 7 308 458 -1 -1 -1 0 
546 2 204 5 294 462 -1 -1 -1 0 
547 2 156 6 330 461 -1 -1 -1 0 
548 2 42 4 463 468 -1 -1 -1 0 
549 2 2 4 523 460 -1 -1 -1 0 
550 2 0 9 524 454 -1 -1 -1 0 
551 2 0 9 522 458 -1 -1 -1 0 
552 2 7 7 513 468 -1 -1 -1 0 
553 2 5 7 516 469 -1 -1 -1 0 
554 2 3 7 521 466 -1 -1 -1 0 
555 2 5 5 518 464 -1 -1 -1 0 
556 2 5 4 511 464 -1 -1 -1 0 
557 2 4 2 517 469 -1 -1 -1 0 
558 2 3 3 518 472 -1 -1 -1 0 
559 2 6 2 515 475 -1 -1 -1 0 
560 2 4 1 520 473 -1 -1 -1 0 
561 2 3 1 548 469 -1 -1 -1 0 
562 2 3 9 577 467 -1 -1 -1 0 
563 2 0 5 610 469 -1 -1 -1 0 
564 2 8 2 611 465 -1 -1 -1 0 
565 2 14 7 620 461 -1 -1 -1 0 
566 2 10 6 629 462 -1 -1 -1 0 
567 2 9 4 630 469 -1 -1 -1 0 
568 2 16 5 621 464 -1 -1 -1 0 
569 2 16 6 620 463 -1 -1 -1 0 
570 2 16 11 623 457 -1 -1 -1 0 
571 2 16 12 623 459 -1 -1 -1 0 
572 2 17 8 620 465 -1 -1 -1 0 
573 2 13 8 625 464 -1 -1 -1 0 
574 2 13 9 625 463 -1 -1 -1 0 
575 2 14 10 625 461 -1 -1 -1 0 
576 2 15 8 621 464 -1 -1 -1 0 
577 2 18 7 620 466 -1 -1 -1 0 
578 2 16 7 621 466 -1 -1 -1 0 
579 2 15 6 621 467 -1 -1 -1 0 
580 2 17 5 618 467 -1 -1 -1 0 
581 2 16 4 620 469 -1 -1 -1 0 
582 2 16 4 620 468 -1 -1 -1 0 
583 2 17 6 619 466 -1 -1 -1 0 
584 2 17 7 620 464 -1 -1 -1 0 
585 2 18 7 620 466 -1 -1 -1 0 
586 2 16 7 623 466 -1 -1 -1 0 
587 2 15 6 623 467 -1 -1 -1 0 
588 2 16 5 620 469 -1 -1 -1 0 
589 2 13 5 624 469 -1 -1 -1 0 
590 2 14 6 623 468 -1 -1 -1 0 
591 2 13 6 624 468 -1 -1 -1 0 
592 2 13 5 622 469 -1 -1 -1 0 
593 2 13 5 622 469 -1 -1 -1 0 
594 2 14 6 621 467 -1 -1 -1 0 
595 2 15 6 620 467 -1 -1 -1 0 
596 2 16 5 618 468 -1 -1 -1 0 
597 2 17 6 618 467 -1 -1 -1 0 
598 2 17 6 618 467 -1 -1 -1 0 
599 2 17 5 619 469 -1 -1 -1 0 
600 2 16 5 622 469 -1 -1 -1 0 
601 2 15 4 623 470 -1 -1 -1 0 
602 2 17 4 621 470 -1 -1 -1 0 
603 2 19 4 618 471 -1 -1 -1 0 
604 2 18 4 620 471 -1 -1 -1 0 
605 2 19 4 618 470 -1 -1 -1 0 
606 2 20 4 617 469 -1 -1 -1 0 
607 2 20 4 618 470 -1 -1 -1 0 
608 2 18 5 621 469 -1 -1 -1 0 
609 2 20 5 617 468 -1 -1 -1 0 
610 2 20 4 619 469 -1 -1 -1 0 
611 2 21 3 618 471 -1 -1 -1 0 
612 2 19 3 620 470 -1 -1 -1 0 
613 2 20 3 617 471 -1 -1 -1 0 
614 2 18 3 621 472 -1 -1 -1 0 
615 2 17 3 622 471 -1 -1 -1 0 
616 2 18 4 619 471 -1 -1 -1 0 
617 2 21 3 614 472 -1 -1 -1 0 
618 2 18 3 621 471 -1 -1 -1 0 
619 2 17 3 620 471 -1 -1 -1 0 
620 2 17 3 621 472 -1 -1 -1 0 
621 2 15 2 622 474 -1 -1 -1 0 
622 2 13 4 625 471 -1 -1 -1 0 
623 2 10 4 626 470 -1 -1 -1 0 
624 2 15 5 619 468 -1 -1 -1 0 
625 2 13 6 621 467 -1 -1 -1 0 
626 2 9 6 626 466 -1 -1 -1 0 
627 2 11 6 625 468 -1 -1 -1 0 
628 2 1 12 638 465 -1 -1 -1 0 
629 2 0 12 639 463 -1 -1 -1 0 
630 2 0 6 639 473 -1 -1 -1 0 
631 2 65 6 569 470 -1 -1 -1 0 
632 2 10 7 629 472 -1 -1 -1 0 
633 2 20 8 612 469 -1 -1 -1 0 
634 2 14 4 617 474 -1 -1 -1 0 
635 2 24 7 615 466 -1 -1 -1 0 
636 2 51 7 587 464 -1 -1 -1 0 
637 2 61 7 578 468 -1 -1 -1 0 
638 2 62 6 577 472 -1 -1 -1 0 
639 2 64 7 575 472 -1 -1 -1 0 
640 2 16 10 623 469 -1 -1 -1 0 
641 2 55 9 582 466 -1 -1 -1 0 
642 2 72 7 566 468 -1 -1 -1 0 
643 2 78 3 561 468 -1 -1 -1 0 
644 2 76 3 563 468 -1 -1 -1 0 
645 2 75 6 564 465 -1 -1 -1 0 
646 2 71 5 568 467 -1 -1 -1 0 
647 2 69 5 570 465 -1 -1 -1 0 
648 2 70 6 569 468 -1 -1 -1 0 
649 2 69 10 570 462 -1 -1 -1 0 
650 2 59 9 580 466 -1 -1 -1 0 
651 2 39 5 600 468 -1 -1 -1 0 
652 2 35 10 599 466 -1 -1 -1 0 
653 2 24 15 615 460 -1 -1 -1 0 
654 2 55 10 582 467 -1 -1 -1 0 
655 2 25 12 614 466 -1 -1 -1 0 
656 2 12 13 627 463 -1 -1 -1 0 
657 2 10 14 629 461 -1 -1 -1 0 
658 2 4 13 635 462 -1 -1 -1 0 
659 2 41 11 595 464 -1 -1 -1 0 
660 2 8 15 631 461 -1 -1 -1 0 
661 2 2 15 637 460 -1 -1 -1 0 
662 2 9 15 630 461 -1 -1 -1 0 
663 2 16 15 623 462 -1 -1 -1 0 
664 2 18 9 621 467 -1 -1 -1 0 
665 2 25 8 614 469 -1 -1 -1 0 
666 2 24 10 615 466 -1 -1 -1 0 
667 2 17 11 622 463 -1 -1 -1 0 
668 2 17 6 622 469 -1 -1 -1 0 
669 2 15 5 624 470 -1 -1 -1 0 
670 2 18 4 621 470 -1 -1 -1 0 
671 2 18 4 621 470 -1 -1 -1 0 
672 2 19 8 620 465 -1 -1 -1 0 
673 2 18 7 621 466 -1 -1 -1 0 
674 2 18 9 621 464 -1 -1 -1 0 
675 2 18 9 621 464 -1 -1 -1 0 
676 2 18 9 621 465 -1 -1 -1 0 
677 2 20 8 619 466 -1 -1 -1 0 
678 2 19 7 620 466 -1 -1 -1 0 
679 2 20 6 619 469 -1 -1 -1 0 
680 2 18 4 621 471 -1 -1 -1 0 
681 2 65 7 572 470 -1 -1 -1 0 
682 2 21 7 618 468 -1 -1 -1 0 
683 2 65 7 573 468 -1 -1 -1 0 
684 2 18 6 621 468 -1 -1 -1 0 
685 2 18 9 621 465 -1 -1 -1 0 
686 2 64 9 573 466 -1 -1 -1 0 
687 2 66 9 573 465 -1 -1 -1 0 
688 2 66 10 573 463 -1 -1 -1 0 
689 2 20 6 619 468 -1 -1 -1 0 
690 2 62 8 575 465 -1 -1 -1 0 
691 2 20 4 619 472 -1 -1 -1 0 
692 2 19 4 620 471 -1 -1 -1 0 
693 2 61 8 576 465 -1 -1 -1 0 
694 2 63 8 576 466 -1 -1 -1 0 
695 2 66 9 573 466 -1 -1 -1 0 
696 2 65 10 574 465 -1 -1 -1 0 
697 2 65 9 574 465 -1 -1 -1 0 
698 2 63 9 576 464 -1 -1 -1 0 
699 2 21 8 618 466 -1 -1 -1 0 
700 2 59 9 578 465 -1 -1 -1 0 
701 2 22 10 617 465 -1 -1 -1 0 
702 2 20 8 619 467 -1 -1 -1 0 
703 2 18 8 621 466 -1 -1 -1 0 
704 2 19 8 620 466 -1 -1 -1 0 
705 2 18 8 621 467 -1 -1 -1 0 
706 2 18 8 621 467 -1 -1 -1 0 
707 2 17 8 622 466 -1 -1 -1 0 
708 2 17 8 622 466 -1 -1 -1 0 
709 2 16 8 623 466 -1 -1 -1 0 
710 2 16 6 623 468 -1 -1 -1 0 
711 2 16 6 623 467 -1 -1 -1 0 
712 2 16 7 623 466 -1 -1 -1 0 
713 2 19 8 620 466 -1 -1 -1 0 
714 2 19 6 620 468 -1 -1 -1 0 
715 2 18 6 621 469 -1 -1 -1 0 
716 2 18 6 621 469 -1 -1 -1 0 
717 2 19 6 620 468 -1 -1 -1 0 
718 2 19 8 620 466 -1 -1 -1 0 
719 2 21 8 618 467 -1 -1 -1 0 
720 2 55 7 583 467 -1 -1 -1 0 
721 2 57 7 582 467 -1 -1 -1 0 
722 2 23 8 616 466 -1 -1 -1 0 
723 2 21 8 618 467 -1 -1 -1 0 
724 2 58 8 580 467 -1 -1 -1 0 
725 2 62 9 577 466 -1 -1 -1 0 
726 2 24 7 615 468 -1 -1 -1 0 
727 2 62 9 575 466 -1 -1 -1 0 
728 2 21 6 618 470 -1 -1 -1 0 
729 2 18 6 621 469 -1 -1 -1 0 
730 2 22 7 617 469 -1 -1 -1 0 
731 2 21 6 618 470 -1 -1 -1 0 
732 2 21 6 618 470 -1 -1 -1 0 
733 2 58 9 580 466 -1 -1 -1 0 
734 2 63 9 576 466 -1 -1 -1 0 
735 2 64 9 575 466 -1 -1 -1 0 
736 2 25 7 614 469 -1 -1 -1 0 
737 2 59 9 579 465 -1 -1 -1 0 
738 2 24 8 615 467 -1 -1 -1 0 
739 2 60 9 578 466 -1 -1 -1 0 
740 2 62 10 577 465 -1 -1 -1 0 
741 2 24 7 615 469 -1 -1 -1 0 
742 2 60 9 578 465 -1 -1 -1 0 
743 2 62 9 577 465 -1 -1 -1 0 
744 2 25 7 614 468 -1 -1 -1 0 
745 2 23 7 616 468 -1 -1 -1 0 
746 2 22 8 617 467 -1 -1 -1 0 
747 2 21 8 618 468 -1 -1 -1 0 
748 2 19 7 620 468 -1 -1 -1 0 
749 2 22 7 617 468 -1 -1 -1 0 
750 2 21 7 618 468 -1 -1 -1 0 
751 2 20 8 619 467 -1 -1 -1 0 
752 2 22 7 617 469 -1 -1 -1 0 
753 2 22 7 617 468 -1 -1 -1 0 
754 2 22 7 617 469 -1 -1 -1 0 
755 2 23 8 616 468 -1 -1 -1 0 
756 2 22 7 617 469 -1 -1 -1 0 
757 2 21 9 618 466 -1 -1 -1 0 
758 2 22 9 617 467 -1 -1 -1 0 
759 2 22 8 617 468 -1 -1 -1 0 
760 2 21 8 618 467 -1 -1 -1 0 
761 2 59 9 579 465 -1 -1 -1 0 
762 2 25 9 614 466 -1 -1 -1 0 
763 2 22 9 617 466 -1 -1 -1 0 
764 2 23 10 616 465 -1 -1 -1 0 
765 2 20 9 619 467 -1 -1 -1 0 
766 2 21 9 618 466 -1 -1 -1 0 
767 2 23 9 616 466 -1 -1 -1 0 
768 2 23 9 616 467 -1 -1 -1 0 
769 2 22 9 617 466 -1 -1 -1 0 
770 2 23 8 616 467 -1 -1 -1 0 
771 2 56 9 582 464 -1 -1 -1 0 
772 2 59 8 580 465 -1 -1 -1 0 
773 2 59 8 580 464 -1 -1 -1 0 
774 2 61 9 578 463 -1 -1 -1 0 
775 2 58 9 581 463 -1 -1 -1 0 
776 2 24 8 615 467 -1 -1 -1 0 
777 2 20 9 619 466 -1 -1 -1 0 
778 2 21 8 618 466 -1 -1 -1 0 
779 2 20 9 619 465 -1 -1 -1 0 
780 2 20 10 619 464 -1 -1 -1 0 
781 2 23 10 616 465 -1 -1 -1 0 
782 2 54 10 584 463 -1 -1 -1 0 
783 2 23 9 616 465 -1 -1 -1 0 
784 2 22 9 617 466 -1 -1 -1 0 
785 2 19 9 620 466 -1 -1 -1 0 
786 2 20 9 619 465 -1 -1 -1 0 
787 2 21 9 618 465 -1 -1 -1 0 
788 2 21 10 618 464 -1 -1 -1 0 
789 2 21 8 618 467 -1 -1 -1 0 
790 2 21 8 618 467 -1 -1 -1 0 
791 2 20 8 619 467 -1 -1 -1 0 
792 2 21 9 618 466 -1 -1 -1 0 
793 2 21 9 618 466 -1 -1 -1 0 
794 2 20 9 619 466 -1 -1 -1 0 
795 2 20 8 619 467 -1 -1 -1 0 
796 2 20 8 619 467 -1 -1 -1 0 
797 2 21 7 618 468 -1 -1 -1 0 
