3 1 18 10 621 463 -1 -1 -1 0 
4 1 17 12 622 462 -1 -1 -1 0 
5 1 17 10 622 465 -1 -1 -1 0 
6 1 17 11 622 462 -1 -1 -1 0 
7 1 20 11 619 462 -1 -1 -1 0 
8 1 20 14 619 459 -1 -1 -1 0 
9 1 21 14 618 459 -1 -1 -1 0 
10 1 22 15 617 457 -1 -1 -1 0 
11 1 22 14 616 459 -1 -1 -1 0 
12 1 21 15 617 457 -1 -1 -1 0 
13 1 22 15 615 457 -1 -1 -1 0 
14 1 23 15 615 458 -1 -1 -1 0 
15 1 23 13 616 461 -1 -1 -1 0 
16 1 23 13 616 460 -1 -1 -1 0 
17 1 23 13 616 461 -1 -1 -1 0 
18 1 22 13 617 461 -1 -1 -1 0 
19 1 24 13 615 461 -1 -1 -1 0 
20 1 22 14 617 460 -1 -1 -1 0 
21 1 21 15 618 459 -1 -1 -1 0 
22 1 22 14 617 460 -1 -1 -1 0 
23 1 22 13 617 463 -1 -1 -1 0 
24 1 21 14 618 460 -1 -1 -1 0 
25 1 22 13 617 461 -1 -1 -1 0 
26 1 22 14 617 461 -1 -1 -1 0 
27 1 22 14 617 460 -1 -1 -1 0 
28 1 22 13 617 460 -1 -1 -1 0 
29 1 23 13 616 461 -1 -1 -1 0 
30 1 23 13 616 460 -1 -1 -1 0 
31 1 23 13 616 459 -1 -1 -1 0 
32 1 23 12 616 461 -1 -1 -1 0 
33 1 22 12 617 461 -1 -1 -1 0 
34 1 23 10 616 463 -1 -1 -1 0 
35 1 23 10 616 463 -1 -1 -1 0 
36 1 22 10 617 462 -1 -1 -1 0 
37 1 23 11 616 461 -1 -1 -1 0 
38 1 22 12 617 460 -1 -1 -1 0 
39 1 23 10 616 463 -1 -1 -1 0 
40 1 22 10 617 462 -1 -1 -1 0 
41 1 23 9 616 464 -1 -1 -1 0 
42 1 23 9 616 463 -1 -1 -1 0 
43 1 23 10 616 463 -1 -1 -1 0 
44 1 23 10 616 463 -1 -1 -1 0 
45 1 22 10 617 462 -1 -1 -1 0 
46 1 22 9 617 463 -1 -1 -1 0 
47 1 22 9 617 464 -1 -1 -1 0 
48 1 21 10 618 462 -1 -1 -1 0 
49 1 22 10 617 463 -1 -1 -1 0 
50 1 23 11 616 462 -1 -1 -1 0 
51 1 25 10 614 464 -1 -1 -1 0 
52 1 23 10 616 463 -1 -1 -1 0 
53 1 24 9 615 464 -1 -1 -1 0 
54 1 24 9 615 464 -1 -1 -1 0 
55 1 24 10 615 464 -1 -1 -1 0 
56 1 23 9 616 465 -1 -1 -1 0 
57 1 22 10 617 464 -1 -1 -1 0 
58 1 21 10 618 463 -1 -1 -1 0 
59 1 23 11 616 462 -1 -1 -1 0 
60 1 23 12 616 461 -1 -1 -1 0 
61 1 22 12 617 460 -1 -1 -1 0 
62 1 21 12 618 461 -1 -1 -1 0 
63 1 21 12 618 462 -1 -1 -1 0 
64 1 22 11 617 463 -1 -1 -1 0 
65 1 22 12 617 460 -1 -1 -1 0 
66 1 22 11 617 462 -1 -1 -1 0 
67 1 23 10 616 464 -1 -1 -1 0 
68 1 23 9 616 464 -1 -1 -1 0 
69 1 23 11 616 462 -1 -1 -1 0 
70 1 22 10 617 463 -1 -1 -1 0 
71 1 22 11 617 462 -1 -1 -1 0 
72 1 24 10 615 464 -1 -1 -1 0 
73 1 23 12 616 460 -1 -1 -1 0 
74 1 23 11 616 461 -1 -1 -1 0 
75 1 24 3 615 466 -1 -1 -1 0 
76 1 23 11 616 461 -1 -1 -1 0 
77 1 24 11 615 463 -1 -1 -1 0 
78 1 25 13 614 460 -1 -1 -1 0 
79 1 24 12 615 461 -1 -1 -1 0 
80 1 24 12 615 460 -1 -1 -1 0 
81 1 26 12 613 461 -1 -1 -1 0 
82 1 25 3 614 466 -1 -1 -1 0 
83 1 23 10 616 462 -1 -1 -1 0 
84 1 23 12 616 459 -1 -1 -1 0 
85 1 21 12 618 460 -1 -1 -1 0 
86 1 20 12 619 461 -1 -1 -1 0 
87 1 22 11 617 463 -1 -1 -1 0 
88 1 22 12 617 461 -1 -1 -1 0 
89 1 21 12 618 462 -1 -1 -1 0 
90 1 20 12 619 462 -1 -1 -1 0 
91 1 19 12 620 461 -1 -1 -1 0 
92 1 24 11 615 462 -1 -1 -1 0 
93 1 24 11 615 462 -1 -1 -1 0 
94 1 24 11 615 463 -1 -1 -1 0 
95 1 25 11 614 463 -1 -1 -1 0 
96 1 24 12 615 462 -1 -1 -1 0 
97 1 24 13 615 462 -1 -1 -1 0 
98 1 25 13 614 461 -1 -1 -1 0 
99 1 24 12 615 463 -1 -1 -1 0 
100 1 24 13 615 461 -1 -1 -1 0 
101 1 23 11 616 463 -1 -1 -1 0 
102 1 23 11 616 462 -1 -1 -1 0 
103 1 23 11 616 463 -1 -1 -1 0 
104 1 23 12 616 461 -1 -1 -1 0 
105 1 23 12 616 462 -1 -1 -1 0 
106 1 24 11 615 463 -1 -1 -1 0 
107 1 23 13 616 461 -1 -1 -1 0 
108 1 25 12 614 463 -1 -1 -1 0 
109 1 24 12 615 462 -1 -1 -1 0 
110 1 23 13 616 462 -1 -1 -1 0 
111 1 24 13 615 461 -1 -1 -1 0 
112 1 20 12 619 462 -1 -1 -1 0 
113 1 20 12 619 463 -1 -1 -1 0 
114 1 21 2 618 469 -1 -1 -1 0 
115 1 23 0 616 471 -1 -1 -1 0 
116 1 24 0 615 470 -1 -1 -1 0 
117 1 27 0 612 471 -1 -1 -1 0 
118 1 23 8 616 466 -1 -1 -1 0 
119 1 27 0 612 472 -1 -1 -1 0 
120 1 27 0 612 471 -1 -1 -1 0 
121 1 27 0 612 473 -1 -1 -1 0 
122 1 21 8 618 466 -1 -1 -1 0 
123 1 20 8 619 466 -1 -1 -1 0 
124 1 25 0 613 473 -1 -1 -1 0 
125 1 25 0 613 473 -1 -1 -1 0 
126 1 25 0 614 472 -1 -1 -1 0 
127 1 23 25 616 447 -1 -1 -1 0 
128 1 24 26 615 446 -1 -1 -1 0 
129 1 24 26 615 446 -1 -1 -1 0 
130 1 24 24 615 448 -1 -1 -1 0 
131 1 24 24 615 447 -1 -1 -1 0 
132 1 23 24 616 447 -1 -1 -1 0 
133 1 23 24 616 448 -1 -1 -1 0 
134 1 23 24 616 448 -1 -1 -1 0 
135 1 23 23 616 449 -1 -1 -1 0 
136 1 23 24 616 449 -1 -1 -1 0 
137 1 23 24 616 449 -1 -1 -1 0 
138 1 22 22 617 450 -1 -1 -1 0 
139 1 21 22 618 450 -1 -1 -1 0 
140 1 23 20 616 453 -1 -1 -1 0 
141 1 24 21 615 451 -1 -1 -1 0 
142 1 21 22 618 450 -1 -1 -1 0 
143 1 20 22 619 451 -1 -1 -1 0 
144 1 23 21 616 453 -1 -1 -1 0 
145 1 23 21 616 453 -1 -1 -1 0 
146 1 25 22 614 452 -1 -1 -1 0 
147 1 25 22 614 452 -1 -1 -1 0 
148 1 26 22 613 451 -1 -1 -1 0 
149 1 24 23 615 450 -1 -1 -1 0 
150 1 25 24 614 448 -1 -1 -1 0 
151 1 24 23 615 450 -1 -1 -1 0 
152 1 24 24 615 449 -1 -1 -1 0 
153 1 24 24 615 449 -1 -1 -1 0 
154 1 24 24 615 448 -1 -1 -1 0 
155 1 22 25 617 447 -1 -1 -1 0 
156 1 21 25 618 447 -1 -1 -1 0 
157 1 21 25 618 446 -1 -1 -1 0 
158 1 23 25 616 447 -1 -1 -1 0 
159 1 23 24 616 449 -1 -1 -1 0 
160 1 22 24 617 448 -1 -1 -1 0 
161 1 23 24 616 449 -1 -1 -1 0 
162 1 22 24 617 448 -1 -1 -1 0 
163 1 22 24 617 448 -1 -1 -1 0 
164 1 22 24 617 447 -1 -1 -1 0 
165 1 23 24 616 448 -1 -1 -1 0 
166 1 22 23 617 449 -1 -1 -1 0 
167 1 22 25 617 447 -1 -1 -1 0 
168 1 23 24 616 448 -1 -1 -1 0 
169 1 23 24 616 448 -1 -1 -1 0 
170 1 24 25 615 447 -1 -1 -1 0 
171 1 23 25 616 446 -1 -1 -1 0 
172 1 23 24 616 448 -1 -1 -1 0 
173 1 22 24 617 448 -1 -1 -1 0 
174 1 23 24 616 449 -1 -1 -1 0 
175 1 24 23 615 450 -1 -1 -1 0 
176 1 24 23 615 449 -1 -1 -1 0 
177 1 24 23 615 450 -1 -1 -1 0 
178 1 22 23 617 449 -1 -1 -1 0 
179 1 23 21 616 452 -1 -1 -1 0 
180 1 23 24 616 448 -1 -1 -1 0 
181 1 24 24 615 449 -1 -1 -1 0 
182 1 24 24 615 449 -1 -1 -1 0 
183 1 23 23 616 450 -1 -1 -1 0 
184 1 24 22 615 450 -1 -1 -1 0 
185 1 23 22 616 450 -1 -1 -1 0 
186 1 22 22 617 451 -1 -1 -1 0 
187 1 22 22 617 450 -1 -1 -1 0 
188 1 22 23 617 449 -1 -1 -1 0 
189 1 22 23 617 450 -1 -1 -1 0 
190 1 21 22 618 451 -1 -1 -1 0 
191 1 21 22 618 450 -1 -1 -1 0 
192 1 22 22 617 451 -1 -1 -1 0 
193 1 22 22 617 451 -1 -1 -1 0 
194 1 23 22 616 451 -1 -1 -1 0 
195 1 22 22 617 451 -1 -1 -1 0 
196 1 22 22 617 450 -1 -1 -1 0 
197 1 23 22 616 450 -1 -1 -1 0 
198 1 22 23 617 449 -1 -1 -1 0 
199 1 23 23 616 449 -1 -1 -1 0 
200 1 22 24 617 448 -1 -1 -1 0 
201 1 22 25 617 448 -1 -1 -1 0 
202 1 23 24 616 449 -1 -1 -1 0 
203 1 21 25 618 447 -1 -1 -1 0 
204 1 21 26 618 446 -1 -1 -1 0 
205 1 23 25 616 447 -1 -1 -1 0 
206 1 23 27 616 444 -1 -1 -1 0 
207 1 23 25 616 447 -1 -1 -1 0 
208 1 23 26 616 445 -1 -1 -1 0 
209 1 24 27 615 444 -1 -1 -1 0 
210 1 23 25 616 447 -1 -1 -1 0 
211 1 22 25 617 446 -1 -1 -1 0 
212 1 23 26 616 446 -1 -1 -1 0 
213 1 24 25 615 447 -1 -1 -1 0 
214 1 23 25 616 447 -1 -1 -1 0 
215 1 22 26 617 446 -1 -1 -1 0 
216 1 23 25 616 447 -1 -1 -1 0 
217 1 23 26 616 446 -1 -1 -1 0 
218 1 22 26 617 445 -1 -1 -1 0 
219 1 24 26 615 446 -1 -1 -1 0 
220 1 21 26 618 446 -1 -1 -1 0 
221 1 22 25 617 447 -1 -1 -1 0 
222 1 21 25 618 447 -1 -1 -1 0 
223 1 22 23 617 449 -1 -1 -1 0 
224 1 20 23 619 448 -1 -1 -1 0 
225 1 22 23 617 449 -1 -1 -1 0 
226 1 22 24 617 448 -1 -1 -1 0 
227 1 23 24 616 449 -1 -1 -1 0 
228 1 23 25 616 447 -1 -1 -1 0 
229 1 22 25 617 447 -1 -1 -1 0 
230 1 22 25 617 446 -1 -1 -1 0 
231 1 22 24 617 448 -1 -1 -1 0 
232 1 22 23 617 449 -1 -1 -1 0 
233 1 20 24 619 448 -1 -1 -1 0 
234 1 20 24 619 449 -1 -1 -1 0 
235 1 21 21 618 453 -1 -1 -1 0 
236 1 21 21 618 452 -1 -1 -1 0 
237 1 21 21 618 452 -1 -1 -1 0 
238 1 20 21 619 451 -1 -1 -1 0 
239 1 21 20 618 451 -1 -1 -1 0 
240 1 21 20 618 452 -1 -1 -1 0 
241 1 22 21 616 451 -1 -1 -1 0 
242 1 22 20 616 452 -1 -1 -1 0 
243 1 21 20 617 451 -1 -1 -1 0 
244 1 20 20 618 451 -1 -1 -1 0 
245 1 22 19 617 452 -1 -1 -1 0 
246 1 20 19 619 451 -1 -1 -1 0 
247 1 19 20 620 450 -1 -1 -1 0 
248 1 20 21 618 450 -1 -1 -1 0 
249 1 22 22 616 449 -1 -1 -1 0 
250 1 21 21 618 451 -1 -1 -1 0 
251 1 19 21 620 451 -1 -1 -1 0 
252 1 20 21 618 450 -1 -1 -1 0 
253 1 20 20 619 451 -1 -1 -1 0 
254 1 21 21 618 449 -1 -1 -1 0 
255 1 22 21 616 450 -1 -1 -1 0 
256 1 20 22 619 449 -1 -1 -1 0 
257 1 20 23 619 449 -1 -1 -1 0 
258 1 20 23 619 449 -1 -1 -1 0 
259 1 20 23 619 448 -1 -1 -1 0 
260 1 20 23 619 448 -1 -1 -1 0 
261 1 21 24 618 448 -1 -1 -1 0 
262 1 22 22 617 451 -1 -1 -1 0 
263 1 22 21 617 451 -1 -1 -1 0 
264 1 22 21 617 450 -1 -1 -1 0 
265 1 22 22 617 449 -1 -1 -1 0 
266 1 22 21 617 451 -1 -1 -1 0 
267 1 22 20 617 451 -1 -1 -1 0 
268 1 21 21 618 450 -1 -1 -1 0 
269 1 21 21 618 450 -1 -1 -1 0 
270 1 19 22 620 450 -1 -1 -1 0 
271 1 20 22 619 450 -1 -1 -1 0 
272 1 18 11 621 466 -1 -1 -1 0 
273 1 19 9 620 467 -1 -1 -1 0 
274 1 1 6 638 466 -1 -1 -1 0 
275 1 3 9 636 462 -1 -1 -1 0 
276 1 14 13 625 463 -1 -1 -1 0 
277 1 64 19 573 454 -1 -1 -1 0 
278 1 64 21 575 450 -1 -1 -1 0 
279 1 8 10 631 463 -1 -1 -1 0 
280 1 5 9 634 462 -1 -1 -1 0 
281 1 3 9 636 463 -1 -1 -1 0 
282 1 0 9 639 461 -1 -1 -1 0 
283 1 0 12 639 458 -1 -1 -1 0 
284 1 1 13 638 458 -1 -1 -1 0 
285 1 0 14 639 456 -1 -1 -1 0 
286 1 3 14 636 457 -1 -1 -1 0 
287 1 2 13 637 458 -1 -1 -1 0 
288 1 6 1 633 470 -1 -1 -1 0 
289 1 3 0 636 471 -1 -1 -1 0 
290 1 5 0 634 469 -1 -1 -1 0 
291 1 9 0 630 468 -1 -1 -1 0 
292 1 5 0 634 468 -1 -1 -1 0 
293 1 1 0 638 467 -1 -1 -1 0 
294 1 3 0 636 467 -1 -1 -1 0 
295 1 3 0 636 469 -1 -1 -1 0 
296 1 0 9 639 460 -1 -1 -1 0 
297 1 2 14 637 456 -1 -1 -1 0 
298 1 0 15 639 455 -1 -1 -1 0 
299 1 5 16 634 454 -1 -1 -1 0 
300 1 3 16 636 455 -1 -1 -1 0 
301 1 2 16 637 455 -1 -1 -1 0 
302 1 1 17 638 453 -1 -1 -1 0 
303 1 2 16 637 456 -1 -1 -1 0 
304 1 5 17 634 455 -1 -1 -1 0 
305 1 4 17 635 455 -1 -1 -1 0 
306 1 3 18 636 453 -1 -1 -1 0 
307 1 3 14 636 457 -1 -1 -1 0 
308 1 2 14 637 457 -1 -1 -1 0 
309 1 7 4 632 466 -1 -1 -1 0 
310 1 6 3 633 467 -1 -1 -1 0 
311 1 5 1 634 468 -1 -1 -1 0 
312 1 6 0 633 468 -1 -1 -1 0 
313 1 4 1 635 467 -1 -1 -1 0 
314 1 2 10 637 460 -1 -1 -1 0 
315 1 3 14 636 457 -1 -1 -1 0 
316 1 2 13 637 459 -1 -1 -1 0 
317 1 3 13 636 459 -1 -1 -1 0 
318 1 2 14 637 458 -1 -1 -1 0 
319 1 3 15 636 456 -1 -1 -1 0 
320 1 8 4 631 466 -1 -1 -1 0 
321 1 6 2 633 468 -1 -1 -1 0 
322 1 2 14 637 456 -1 -1 -1 0 
323 1 1 14 638 457 -1 -1 -1 0 
324 1 7 5 632 466 -1 -1 -1 0 
325 1 7 3 632 468 -1 -1 -1 0 
326 1 6 2 633 468 -1 -1 -1 0 
327 1 6 3 633 467 -1 -1 -1 0 
328 1 1 13 638 458 -1 -1 -1 0 
329 1 7 4 632 466 -1 -1 -1 0 
330 1 7 2 632 468 -1 -1 -1 0 
331 1 6 2 633 468 -1 -1 -1 0 
332 1 7 1 632 470 -1 -1 -1 0 
333 1 3 12 636 459 -1 -1 -1 0 
334 1 2 13 637 458 -1 -1 -1 0 
335 1 3 14 636 456 -1 -1 -1 0 
336 1 5 2 634 469 -1 -1 -1 0 
337 1 0 13 639 457 -1 -1 -1 0 
338 1 6 2 633 469 -1 -1 -1 0 
339 1 0 12 639 459 -1 -1 -1 0 
340 1 4 2 635 469 -1 -1 -1 0 
341 1 0 11 639 460 -1 -1 -1 0 
342 1 5 3 634 468 -1 -1 -1 0 
343 1 3 13 636 457 -1 -1 -1 0 
344 1 0 13 639 458 -1 -1 -1 0 
345 1 0 14 639 458 -1 -1 -1 0 
346 1 6 4 633 467 -1 -1 -1 0 
347 1 1 13 638 459 -1 -1 -1 0 
348 1 1 14 638 457 -1 -1 -1 0 
349 1 2 15 637 456 -1 -1 -1 0 
350 1 1 14 638 458 -1 -1 -1 0 
351 1 4 2 635 470 -1 -1 -1 0 
352 1 1 12 638 459 -1 -1 -1 0 
353 1 2 12 637 459 -1 -1 -1 0 
354 1 1 13 638 458 -1 -1 -1 0 
355 1 5 3 634 470 -1 -1 -1 0 
356 1 0 12 639 460 -1 -1 -1 0 
357 1 1 14 638 458 -1 -1 -1 0 
358 1 1 15 638 458 -1 -1 -1 0 
359 1 2 14 637 458 -1 -1 -1 0 
360 1 5 2 634 470 -1 -1 -1 0 
361 1 0 13 639 459 -1 -1 -1 0 
362 1 0 14 639 458 -1 -1 -1 0 
363 1 4 3 635 469 -1 -1 -1 0 
364 1 3 12 636 459 -1 -1 -1 0 
365 1 2 14 637 457 -1 -1 -1 0 
366 1 3 14 636 458 -1 -1 -1 0 
367 1 0 14 639 457 -1 -1 -1 0 
368 1 0 13 639 458 -1 -1 -1 0 
369 1 1 15 638 456 -1 -1 -1 0 
370 1 4 15 635 457 -1 -1 -1 0 
371 1 3 17 636 455 -1 -1 -1 0 
372 1 2 16 637 455 -1 -1 -1 0 
373 1 7 3 632 468 -1 -1 -1 0 
374 1 4 14 635 457 -1 -1 -1 0 
375 1 7 2 632 470 -1 -1 -1 0 
376 1 1 14 638 457 -1 -1 -1 0 
377 1 2 13 637 459 -1 -1 -1 0 
378 1 7 2 632 469 -1 -1 -1 0 
379 1 0 14 639 457 -1 -1 -1 0 
380 1 1 14 638 457 -1 -1 -1 0 
381 1 7 1 632 471 -1 -1 -1 0 
382 1 1 13 638 459 -1 -1 -1 0 
383 1 6 2 633 469 -1 -1 -1 0 
384 1 0 13 639 458 -1 -1 -1 0 
385 1 1 13 638 459 -1 -1 -1 0 
386 1 0 14 639 459 -1 -1 -1 0 
387 1 4 2 635 472 -1 -1 -1 0 
388 1 3 1 636 470 -1 -1 -1 0 
389 1 5 1 634 471 -1 -1 -1 0 
390 1 0 14 639 458 -1 -1 -1 0 
391 1 0 15 639 457 -1 -1 -1 0 
392 1 5 1 634 470 -1 -1 -1 0 
393 1 2 13 637 458 -1 -1 -1 0 
394 1 3 14 636 457 -1 -1 -1 0 
395 1 7 1 632 470 -1 -1 -1 0 
396 1 0 12 639 459 -1 -1 -1 0 
397 1 4 2 635 468 -1 -1 -1 0 
398 1 0 13 639 458 -1 -1 -1 0 
399 1 0 14 639 458 -1 -1 -1 0 
400 1 1 15 638 457 -1 -1 -1 0 
401 1 1 14 638 458 -1 -1 -1 0 
402 1 0 13 639 460 -1 -1 -1 0 
403 1 1 13 638 459 -1 -1 -1 0 
404 1 0 15 639 456 -1 -1 -1 0 
405 1 3 16 636 455 -1 -1 -1 0 
406 1 4 16 635 456 -1 -1 -1 0 
407 1 2 16 637 456 -1 -1 -1 0 
408 1 2 16 637 456 -1 -1 -1 0 
409 1 1 16 638 456 -1 -1 -1 0 
410 1 0 17 639 455 -1 -1 -1 0 
411 1 4 5 635 467 -1 -1 -1 0 
412 1 0 16 639 455 -1 -1 -1 0 
413 1 1 17 638 455 -1 -1 -1 0 
414 1 3 17 636 456 -1 -1 -1 0 
415 1 2 17 637 456 -1 -1 -1 0 
416 1 0 18 639 454 -1 -1 -1 0 
417 1 3 17 636 455 -1 -1 -1 0 
418 1 5 17 634 456 -1 -1 -1 0 
419 1 2 16 637 456 -1 -1 -1 0 
420 1 6 16 633 455 -1 -1 -1 0 
421 1 6 16 633 456 -1 -1 -1 0 
422 1 10 3 629 467 -1 -1 -1 0 
423 1 2 15 637 457 -1 -1 -1 0 
424 1 10 16 629 455 -1 -1 -1 0 
425 1 5 11 634 459 -1 -1 -1 0 
426 1 11 4 628 463 -1 -1 -1 0 
427 1 11 4 628 462 -1 -1 -1 0 
428 1 8 5 627 462 -1 -1 -1 0 
429 1 17 5 621 461 -1 -1 -1 0 
430 1 52 6 584 462 -1 -1 -1 0 
431 1 64 10 575 458 -1 -1 -1 0 
432 1 14 5 625 464 -1 -1 -1 0 
433 1 7 4 632 467 -1 -1 -1 0 
434 1 20 9 619 465 -1 -1 -1 0 
435 1 47 15 592 462 -1 -1 -1 0 
436 1 60 15 579 463 -1 -1 -1 0 
437 1 90 9 540 462 -1 -1 -1 0 
438 1 115 3 510 471 -1 -1 -1 0 
439 1 117 9 503 460 -1 -1 -1 0 
440 1 110 7 507 471 -1 -1 -1 0 
441 1 115 4 491 467 -1 -1 -1 0 
442 1 132 7 481 463 -1 -1 -1 0 
443 1 159 10 474 463 -1 -1 -1 0 
444 1 156 10 483 456 -1 -1 -1 0 
445 1 166 11 473 459 -1 -1 -1 0 
446 1 153 6 459 459 -1 -1 -1 0 
447 1 160 3 439 465 -1 -1 -1 0 
448 1 164 3 421 467 -1 -1 -1 0 
449 1 172 6 406 466 -1 -1 -1 0 
450 1 188 10 376 461 -1 -1 -1 0 
451 1 188 12 379 459 -1 -1 -1 0 
452 1 196 13 363 457 -1 -1 -1 0 
453 1 194 14 371 453 -1 -1 -1 0 
454 1 195 14 370 454 -1 -1 -1 0 
455 1 196 8 368 461 -1 -1 -1 0 
456 1 197 6 364 466 -1 -1 -1 0 
457 1 207 4 344 467 -1 -1 -1 0 
458 1 209 3 336 471 -1 -1 -1 0 
459 1 221 0 312 474 -1 -1 -1 0 
460 1 225 0 310 473 -1 -1 -1 0 
461 1 234 0 299 472 -1 -1 -1 0 
462 1 237 0 298 471 -1 -1 -1 0 
463 1 239 0 298 473 -1 -1 -1 0 
464 1 245 2 289 471 -1 -1 -1 0 
465 1 247 0 283 474 -1 -1 -1 0 
466 1 249 0 280 478 -1 -1 -1 0 
467 1 254 0 271 471 -1 -1 -1 0 
468 1 256 0 266 470 -1 -1 -1 0 
469 1 264 0 257 473 -1 -1 -1 0 
470 1 268 0 253 475 -1 -1 -1 0 
471 1 271 0 250 478 -1 -1 -1 0 
472 1 276 0 244 478 -1 -1 -1 0 
473 1 285 15 236 454 -1 -1 -1 0 
474 1 288 24 232 446 -1 -1 -1 0 
475 1 291 40 223 430 -1 -1 -1 0 
476 1 289 45 224 426 -1 -1 -1 0 
477 1 284 49 215 422 -1 -1 -1 0 
478 1 279 52 216 417 -1 -1 -1 0 
479 1 269 57 217 411 -1 -1 -1 0 
480 1 263 57 219 410 -1 -1 -1 0 
481 1 256 60 218 413 -1 -1 -1 0 
482 1 251 63 221 412 -1 -1 -1 0 
483 1 249 69 217 406 -1 -1 -1 0 
484 1 250 73 213 402 -1 -1 -1 0 
485 1 254 80 204 395 -1 -1 -1 0 
486 1 257 83 201 393 -1 -1 -1 0 
487 1 264 86 195 390 -1 -1 -1 0 
488 1 268 88 191 389 -1 -1 -1 0 
489 1 278 90 182 387 -1 -1 -1 0 
490 1 281 92 179 385 -1 -1 -1 0 
491 1 282 92 177 386 -1 -1 -1 0 
492 1 284 100 173 378 -1 -1 -1 0 
493 1 286 103 169 376 -1 -1 -1 0 
494 1 288 97 160 382 -1 -1 -1 0 
495 1 282 113 164 364 -1 -1 -1 0 
496 1 281 118 162 359 -1 -1 -1 0 
497 1 271 119 161 360 -1 -1 -1 0 
498 1 270 122 155 357 -1 -1 -1 0 
499 1 267 123 153 356 -1 -1 -1 0 
500 1 262 125 147 354 -1 -1 -1 0 
501 1 260 126 144 353 -1 -1 -1 0 
502 1 261 129 133 347 -1 -1 -1 0 
503 1 262 129 125 347 -1 -1 -1 0 
504 1 267 127 109 351 -1 -1 -1 0 
505 1 264 127 110 352 -1 -1 -1 0 
506 1 263 128 107 351 -1 -1 -1 0 
507 1 265 129 99 350 -1 -1 -1 0 
508 1 266 130 96 349 -1 -1 -1 0 
509 1 261 129 99 350 -1 -1 -1 0 
510 1 258 126 97 353 -1 -1 -1 0 
511 1 255 126 93 353 -1 -1 -1 0 
512 1 254 127 90 352 -1 -1 -1 0 
513 1 252 126 90 353 -1 -1 -1 0 
514 1 252 126 88 353 -1 -1 -1 0 
515 1 249 125 87 354 -1 -1 -1 0 
516 1 247 125 86 354 -1 -1 -1 0 
517 1 246 123 85 356 -1 -1 -1 0 
518 1 245 122 85 357 -1 -1 -1 0 
519 1 247 121 83 358 -1 -1 -1 0 
520 1 247 121 84 358 -1 -1 -1 0 
521 1 251 122 80 357 -1 -1 -1 0 
522 1 251 123 81 356 -1 -1 -1 0 
523 1 253 123 80 356 -1 -1 -1 0 
524 1 253 122 81 357 -1 -1 -1 0 
525 1 254 123 81 356 -1 -1 -1 0 
526 1 254 124 82 355 -1 -1 -1 0 
527 1 255 124 82 355 -1 -1 -1 0 
528 1 255 124 83 355 -1 -1 -1 0 
529 1 256 125 83 354 -1 -1 -1 0 
530 1 255 125 84 354 -1 -1 -1 0 
531 1 256 125 84 354 -1 -1 -1 0 
532 1 256 125 84 354 -1 -1 -1 0 
533 1 256 125 84 354 -1 -1 -1 0 
534 1 256 125 83 354 -1 -1 -1 0 
535 1 256 125 83 354 -1 -1 -1 0 
536 1 256 125 84 354 -1 -1 -1 0 
537 1 255 125 84 354 -1 -1 -1 0 
538 1 256 125 84 354 -1 -1 -1 0 
539 1 256 125 83 354 -1 -1 -1 0 
540 1 256 124 83 355 -1 -1 -1 0 
541 1 255 124 85 355 -1 -1 -1 0 
542 1 255 125 84 354 -1 -1 -1 0 
543 1 256 125 84 354 -1 -1 -1 0 
544 1 256 125 83 354 -1 -1 -1 0 
545 1 256 124 83 355 -1 -1 -1 0 
546 1 256 124 83 355 -1 -1 -1 0 
547 1 255 123 84 356 -1 -1 -1 0 
548 1 256 122 83 357 -1 -1 -1 0 
549 1 256 122 82 357 -1 -1 -1 0 
550 1 256 121 81 358 -1 -1 -1 0 
551 1 255 121 81 358 -1 -1 -1 0 
552 1 255 121 82 358 -1 -1 -1 0 
553 1 255 122 81 357 -1 -1 -1 0 
554 1 254 122 82 357 -1 -1 -1 0 
555 1 254 122 82 357 -1 -1 -1 0 
556 1 255 122 81 357 -1 -1 -1 0 
557 1 254 122 81 357 -1 -1 -1 0 
558 1 254 122 82 357 -1 -1 -1 0 
559 1 254 122 83 357 -1 -1 -1 0 
560 1 255 122 81 357 -1 -1 -1 0 
561 1 254 122 81 357 -1 -1 -1 0 
562 1 254 122 81 357 -1 -1 -1 0 
563 1 254 122 81 357 -1 -1 -1 0 
564 1 255 123 81 356 -1 -1 -1 0 
565 1 256 124 81 355 -1 -1 -1 0 
566 1 256 124 81 355 -1 -1 -1 0 
567 1 257 125 79 354 -1 -1 -1 0 
568 1 259 126 77 353 -1 -1 -1 0 
569 1 259 128 78 351 -1 -1 -1 0 
570 1 260 128 77 351 -1 -1 -1 0 
571 1 260 129 80 350 -1 -1 -1 0 
572 1 262 130 86 349 -1 -1 -1 0 
573 1 263 131 91 347 -1 -1 -1 0 
574 1 265 132 92 345 -1 -1 -1 0 
575 1 265 131 95 347 -1 -1 -1 0 
576 1 265 133 107 345 -1 -1 -1 0 
577 1 268 133 114 346 -1 -1 -1 0 
578 1 268 133 114 346 -1 -1 -1 0 
579 1 268 132 120 347 -1 -1 -1 0 
580 1 269 132 120 347 -1 -1 -1 0 
581 1 267 131 123 348 -1 -1 -1 0 
582 1 270 130 121 349 -1 -1 -1 0 
583 1 274 130 121 349 -1 -1 -1 0 
584 1 281 127 125 352 -1 -1 -1 0 
585 1 292 126 116 353 -1 -1 -1 0 
586 1 319 122 92 357 -1 -1 -1 0 
587 1 335 121 75 358 -1 -1 -1 0 
588 1 338 122 83 357 -1 -1 -1 0 
589 1 340 122 86 356 -1 -1 -1 0 
590 1 342 122 92 350 -1 -1 -1 0 
591 1 344 122 92 349 -1 -1 -1 0 
592 1 344 121 111 358 -1 -1 -1 0 
593 1 346 122 118 357 -1 -1 -1 0 
594 1 351 121 118 358 -1 -1 -1 0 
595 1 352 121 120 358 -1 -1 -1 0 
596 1 353 121 121 358 -1 -1 -1 0 
597 1 357 120 119 359 -1 -1 -1 0 
598 1 361 121 117 358 -1 -1 -1 0 
599 1 363 120 122 359 -1 -1 -1 0 
600 1 364 118 132 361 -1 -1 -1 0 
601 1 367 116 136 363 -1 -1 -1 0 
602 1 371 116 139 359 -1 -1 -1 0 
603 1 376 116 137 358 -1 -1 -1 0 
604 1 384 118 129 354 -1 -1 -1 0 
605 1 386 118 127 354 -1 -1 -1 0 
606 1 386 119 125 354 -1 -1 -1 0 
607 1 385 117 127 356 -1 -1 -1 0 
608 1 384 118 125 355 -1 -1 -1 0 
609 1 384 119 122 354 -1 -1 -1 0 
610 1 380 121 124 353 -1 -1 -1 0 
611 1 372 121 125 352 -1 -1 -1 0 
612 1 365 119 120 356 -1 -1 -1 0 
613 1 360 117 122 359 -1 -1 -1 0 
614 1 354 120 119 358 -1 -1 -1 0 
615 1 349 119 118 358 -1 -1 -1 0 
616 1 347 120 112 354 -1 -1 -1 0 
617 1 344 121 102 350 -1 -1 -1 0 
618 1 342 125 98 344 -1 -1 -1 0 
619 1 338 126 96 343 -1 -1 -1 0 
620 1 325 128 99 351 -1 -1 -1 0 
621 1 315 128 104 351 -1 -1 -1 0 
622 1 269 130 143 349 -1 -1 -1 0 
623 1 253 131 157 348 -1 -1 -1 0 
624 1 252 145 164 332 -1 -1 -1 0 
625 1 254 148 157 327 -1 -1 -1 0 
626 1 248 134 136 342 -1 -1 -1 0 
627 1 249 131 120 345 -1 -1 -1 0 
628 1 245 128 96 351 -1 -1 -1 0 
629 1 240 126 96 353 -1 -1 -1 0 
630 1 233 125 85 354 -1 -1 -1 0 
631 1 225 127 85 345 -1 -1 -1 0 
632 1 216 126 84 353 -1 -1 -1 0 
633 1 211 126 86 353 -1 -1 -1 0 
634 1 199 128 91 351 -1 -1 -1 0 
635 1 195 128 91 351 -1 -1 -1 0 
636 1 191 134 93 345 -1 -1 -1 0 
637 1 187 137 96 268 -1 -1 -1 0 
638 1 181 135 101 242 -1 -1 -1 0 
639 1 169 136 112 238 -1 -1 -1 0 
640 1 160 127 120 334 -1 -1 -1 0 
641 1 154 130 131 343 -1 -1 -1 0 
642 1 154 130 131 344 -1 -1 -1 0 
643 1 154 131 134 347 -1 -1 -1 0 
644 1 152 130 148 349 -1 -1 -1 0 
645 1 153 130 149 349 -1 -1 -1 0 
646 1 156 132 151 347 -1 -1 -1 0 
647 1 158 132 152 347 -1 -1 -1 0 
648 1 159 134 155 345 -1 -1 -1 0 
649 1 161 133 154 346 -1 -1 -1 0 
650 1 166 133 141 346 -1 -1 -1 0 
651 1 173 134 129 345 -1 -1 -1 0 
652 1 179 134 124 345 -1 -1 -1 0 
653 1 193 139 117 340 -1 -1 -1 0 
654 1 199 140 116 338 -1 -1 -1 0 
655 1 211 141 112 338 -1 -1 -1 0 
656 1 215 135 114 344 -1 -1 -1 0 
657 1 220 133 113 346 -1 -1 -1 0 
658 1 226 137 110 342 -1 -1 -1 0 
659 1 222 137 123 342 -1 -1 -1 0 
660 1 222 138 126 341 -1 -1 -1 0 
661 1 243 139 112 340 -1 -1 -1 0 
662 1 250 140 107 338 -1 -1 -1 0 
663 1 256 140 104 338 -1 -1 -1 0 
664 1 260 137 104 342 -1 -1 -1 0 
665 1 262 136 105 343 -1 -1 -1 0 
666 1 264 136 106 343 -1 -1 -1 0 
667 1 267 135 105 344 -1 -1 -1 0 
668 1 274 130 106 349 -1 -1 -1 0 
669 1 277 133 106 346 -1 -1 -1 0 
670 1 283 131 102 348 -1 -1 -1 0 
671 1 289 129 101 349 -1 -1 -1 0 
672 1 294 127 103 351 -1 -1 -1 0 
673 1 297 125 108 351 -1 -1 -1 0 
674 1 300 124 110 355 -1 -1 -1 0 
675 1 302 125 113 354 -1 -1 -1 0 
676 1 303 124 115 355 -1 -1 -1 0 
677 1 303 124 124 355 -1 -1 -1 0 
678 1 305 124 129 355 -1 -1 -1 0 
679 1 310 123 131 355 -1 -1 -1 0 
680 1 313 121 132 357 -1 -1 -1 0 
681 1 314 121 132 358 -1 -1 -1 0 
682 1 314 123 131 356 -1 -1 -1 0 
683 1 310 124 133 355 -1 -1 -1 0 
684 1 309 125 132 354 -1 -1 -1 0 
685 1 307 126 128 353 -1 -1 -1 0 
686 1 305 127 129 352 -1 -1 -1 0 
687 1 300 128 130 351 -1 -1 -1 0 
688 1 298 129 130 350 -1 -1 -1 0 
689 1 297 129 127 350 -1 -1 -1 0 
690 1 296 129 126 350 -1 -1 -1 0 
691 1 293 130 127 349 -1 -1 -1 0 
692 1 292 130 127 349 -1 -1 -1 0 
693 1 290 130 128 349 -1 -1 -1 0 
694 1 288 130 129 349 -1 -1 -1 0 
695 1 286 129 130 350 -1 -1 -1 0 
696 1 287 130 128 349 -1 -1 -1 0 
697 1 287 129 130 350 -1 -1 -1 0 
698 1 287 127 133 352 -1 -1 -1 0 
699 1 293 129 135 349 -1 -1 -1 0 
700 1 294 130 142 349 -1 -1 -1 0 
701 1 298 132 152 345 -1 -1 -1 0 
702 1 303 137 151 338 -1 -1 -1 0 
703 1 312 141 151 334 -1 -1 -1 0 
704 1 319 142 146 333 -1 -1 -1 0 
705 1 321 141 151 335 -1 -1 -1 0 
706 1 322 141 157 330 -1 -1 -1 0 
707 1 328 133 162 334 -1 -1 -1 0 
708 1 335 132 162 338 -1 -1 -1 0 
709 1 351 129 154 341 -1 -1 -1 0 
710 1 383 127 124 333 -1 -1 -1 0 
711 1 400 121 112 337 -1 -1 -1 0 
712 1 405 123 110 336 -1 -1 -1 0 
713 1 407 124 110 336 -1 -1 -1 0 
714 1 411 129 106 330 -1 -1 -1 0 
715 1 411 129 106 330 -1 -1 -1 0 
716 1 414 127 104 332 -1 -1 -1 0 
717 1 418 129 102 333 -1 -1 -1 0 
718 1 419 131 102 332 -1 -1 -1 0 
719 1 419 131 102 332 -1 -1 -1 0 
720 1 419 132 102 331 -1 -1 -1 0 
721 1 419 132 102 331 -1 -1 -1 0 
722 1 419 132 101 331 -1 -1 -1 0 
723 1 419 131 100 333 -1 -1 -1 0 
724 1 413 129 106 332 -1 -1 -1 0 
725 1 411 127 107 335 -1 -1 -1 0 
726 1 404 125 112 337 -1 -1 -1 0 
727 1 391 126 126 335 -1 -1 -1 0 
728 1 364 129 146 333 -1 -1 -1 0 
729 1 352 131 158 338 -1 -1 -1 0 
730 1 330 134 173 338 -1 -1 -1 0 
731 1 326 136 171 336 -1 -1 -1 0 
732 1 322 138 158 334 -1 -1 -1 0 
733 1 321 136 152 337 -1 -1 -1 0 
734 1 321 130 139 348 -1 -1 -1 0 
735 1 315 127 138 344 -1 -1 -1 0 
736 1 308 125 129 350 -1 -1 -1 0 
737 1 302 124 132 353 -1 -1 -1 0 
738 1 299 124 133 355 -1 -1 -1 0 
739 1 296 123 131 356 -1 -1 -1 0 
740 1 295 126 127 353 -1 -1 -1 0 
741 1 294 127 126 352 -1 -1 -1 0 
742 1 293 127 126 352 -1 -1 -1 0 
743 1 292 127 127 352 -1 -1 -1 0 
744 1 294 127 125 352 -1 -1 -1 0 
745 1 295 128 123 350 -1 -1 -1 0 
746 1 295 128 122 351 -1 -1 -1 0 
747 1 292 129 125 350 -1 -1 -1 0 
748 1 279 131 135 348 -1 -1 -1 0 
749 1 266 131 143 345 -1 -1 -1 0 
750 1 249 129 154 350 -1 -1 -1 0 
751 1 236 136 163 343 -1 -1 -1 0 
752 1 231 138 162 341 -1 -1 -1 0 
753 1 235 137 147 341 -1 -1 -1 0 
754 1 236 136 141 342 -1 -1 -1 0 
755 1 226 132 134 341 -1 -1 -1 0 
756 1 222 131 130 342 -1 -1 -1 0 
757 1 213 126 128 353 -1 -1 -1 0 
758 1 209 125 123 354 -1 -1 -1 0 
759 1 204 121 123 358 -1 -1 -1 0 
760 1 202 119 125 358 -1 -1 -1 0 
761 1 200 121 123 355 -1 -1 -1 0 
762 1 199 120 123 356 -1 -1 -1 0 
763 1 195 119 124 358 -1 -1 -1 0 
764 1 191 120 127 357 -1 -1 -1 0 
765 1 190 120 126 358 -1 -1 -1 0 
766 1 192 123 126 355 -1 -1 -1 0 
767 1 194 123 128 356 -1 -1 -1 0 
768 1 197 122 129 357 -1 -1 -1 0 
769 1 200 121 130 357 -1 -1 -1 0 
770 1 204 128 137 350 -1 -1 -1 0 
771 1 207 128 139 351 -1 -1 -1 0 
772 1 212 126 141 353 -1 -1 -1 0 
773 1 223 125 136 354 -1 -1 -1 0 
774 1 228 124 134 354 -1 -1 -1 0 
775 1 230 123 137 354 -1 -1 -1 0 
776 1 235 122 146 357 -1 -1 -1 0 
777 1 239 121 149 358 -1 -1 -1 0 
778 1 246 122 147 357 -1 -1 -1 0 
779 1 261 119 142 360 -1 -1 -1 0 
780 1 269 118 137 361 -1 -1 -1 0 
781 1 273 118 138 361 -1 -1 -1 0 
782 1 275 118 138 359 -1 -1 -1 0 
783 1 276 120 142 358 -1 -1 -1 0 
784 1 280 120 141 351 -1 -1 -1 0 
785 1 285 118 142 352 -1 -1 -1 0 
786 1 288 115 143 356 -1 -1 -1 0 
787 1 291 105 143 368 -1 -1 -1 0 
788 1 291 103 148 370 -1 -1 -1 0 
789 1 291 95 153 379 -1 -1 -1 0 
790 1 293 92 155 383 -1 -1 -1 0 
791 1 293 88 157 388 -1 -1 -1 0 
792 1 296 85 159 388 -1 -1 -1 0 
793 1 297 83 160 389 -1 -1 -1 0 
794 1 298 80 161 392 -1 -1 -1 0 
795 1 303 81 161 387 -1 -1 -1 0 
796 1 306 80 162 389 -1 -1 -1 0 
797 1 309 79 165 392 -1 -1 -1 0 
798 1 320 71 168 401 -1 -1 -1 0 
799 1 325 68 169 403 -1 -1 -1 0 
800 1 332 58 177 414 -1 -1 -1 0 
801 1 335 53 179 421 -1 -1 -1 0 
802 1 340 46 175 426 -1 -1 -1 0 
803 1 343 41 172 430 -1 -1 -1 0 
804 1 350 35 163 437 -1 -1 -1 0 
805 1 354 29 161 435 -1 -1 -1 0 
806 1 355 26 164 436 -1 -1 -1 0 
807 1 357 20 163 443 -1 -1 -1 0 
808 1 354 9 168 454 -1 -1 -1 0 
809 1 352 2 171 463 -1 -1 -1 0 
810 1 346 0 179 466 -1 -1 -1 0 
811 1 343 0 184 469 -1 -1 -1 0 
812 1 336 0 190 467 -1 -1 -1 0 
813 1 334 2 191 465 -1 -1 -1 0 
814 1 332 2 195 466 -1 -1 -1 0 
815 1 332 1 196 468 -1 -1 -1 0 
816 1 334 2 200 468 -1 -1 -1 0 
817 1 335 2 202 467 -1 -1 -1 0 
818 1 337 1 201 470 -1 -1 -1 0 
819 1 339 3 202 467 -1 -1 -1 0 
820 1 345 6 207 466 -1 -1 -1 0 
821 1 348 6 218 465 -1 -1 -1 0 
822 1 351 5 207 463 -1 -1 -1 0 
823 1 351 3 207 472 -1 -1 -1 0 
824 1 352 1 200 469 -1 -1 -1 0 
825 1 355 0 187 472 -1 -1 -1 0 
826 1 352 0 189 473 -1 -1 -1 0 
827 1 348 10 191 463 -1 -1 -1 0 
828 1 334 13 206 459 -1 -1 -1 0 
829 1 326 13 208 459 -1 -1 -1 0 
830 1 314 7 210 465 -1 -1 -1 0 
831 1 293 2 221 473 -1 -1 -1 0 
832 1 276 0 245 471 -1 -1 -1 0 
833 1 258 4 267 467 -1 -1 -1 0 
834 1 248 1 271 471 -1 -1 -1 0 
835 1 242 7 275 466 -1 -1 -1 0 
836 1 246 13 282 457 -1 -1 -1 0 
837 1 245 11 294 458 -1 -1 -1 0 
838 1 245 3 296 466 -1 -1 -1 0 
839 1 246 1 293 466 -1 -1 -1 0 
840 1 247 3 289 463 -1 -1 -1 0 
841 1 252 2 284 464 -1 -1 -1 0 
842 1 254 3 283 465 -1 -1 -1 0 
843 1 258 5 284 462 -1 -1 -1 0 
844 1 261 3 280 466 -1 -1 -1 0 
845 1 263 2 275 466 -1 -1 -1 0 
846 1 264 2 273 465 -1 -1 -1 0 
847 1 264 2 274 465 -1 -1 -1 0 
848 1 266 4 273 462 -1 -1 -1 0 
849 1 269 3 267 464 -1 -1 -1 0 
850 1 270 6 265 461 -1 -1 -1 0 
851 1 272 5 262 462 -1 -1 -1 0 
852 1 275 4 259 464 -1 -1 -1 0 
853 1 276 2 257 467 -1 -1 -1 0 
854 1 276 2 258 466 -1 -1 -1 0 
855 1 278 2 256 465 -1 -1 -1 0 
856 1 280 1 254 467 -1 -1 -1 0 
857 1 281 1 254 466 -1 -1 -1 0 
858 1 283 0 253 467 -1 -1 -1 0 
859 1 283 0 255 470 -1 -1 -1 0 
860 1 286 0 251 470 -1 -1 -1 0 
861 1 287 0 248 471 -1 -1 -1 0 
862 1 288 0 247 471 -1 -1 -1 0 
863 1 291 0 242 471 -1 -1 -1 0 
864 1 292 0 241 472 -1 -1 -1 0 
865 1 294 0 240 473 -1 -1 -1 0 
866 1 301 0 231 471 -1 -1 -1 0 
867 1 302 0 229 470 -1 -1 -1 0 
868 1 304 0 228 470 -1 -1 -1 0 
869 1 304 0 228 471 -1 -1 -1 0 
870 1 303 0 228 469 -1 -1 -1 0 
871 1 303 0 226 469 -1 -1 -1 0 
872 1 296 0 234 472 -1 -1 -1 0 
873 1 294 0 235 473 -1 -1 -1 0 
874 1 286 0 247 473 -1 -1 -1 0 
875 1 283 11 249 456 -1 -1 -1 0 
876 1 271 0 264 476 -1 -1 -1 0 
877 1 267 0 267 474 -1 -1 -1 0 
878 1 258 0 278 470 -1 -1 -1 0 
879 1 254 0 282 474 -1 -1 -1 0 
880 1 250 0 286 475 -1 -1 -1 0 
881 1 249 0 280 474 -1 -1 -1 0 
882 1 251 2 274 468 -1 -1 -1 0 
883 1 262 3 263 468 -1 -1 -1 0 
884 1 274 5 245 468 -1 -1 -1 0 
885 1 287 9 227 464 -1 -1 -1 0 
886 1 287 10 226 463 -1 -1 -1 0 
887 1 303 1 214 470 -1 -1 -1 0 
888 1 308 0 211 471 -1 -1 -1 0 
889 1 317 1 206 471 -1 -1 -1 0 
890 1 322 0 200 473 -1 -1 -1 0 
891 1 326 0 198 472 -1 -1 -1 0 
892 1 326 0 201 472 -1 -1 -1 0 
893 1 328 0 200 472 -1 -1 -1 0 
894 1 328 0 201 473 -1 -1 -1 0 
895 1 327 0 202 473 -1 -1 -1 0 
896 1 325 0 204 474 -1 -1 -1 0 
897 1 321 3 202 471 -1 -1 -1 0 
898 1 318 3 205 469 -1 -1 -1 0 
899 1 316 3 201 469 -1 -1 -1 0 
900 1 316 3 198 469 -1 -1 -1 0 
901 1 315 3 198 471 -1 -1 -1 0 
902 1 314 3 202 473 -1 -1 -1 0 
903 1 314 3 201 472 -1 -1 -1 0 
904 1 316 2 197 475 -1 -1 -1 0 
905 1 315 0 203 476 -1 -1 -1 0 
906 1 318 0 201 470 -1 -1 -1 0 
907 1 320 0 200 469 -1 -1 -1 0 
908 1 323 0 197 469 -1 -1 -1 0 
909 1 329 13 187 457 -1 -1 -1 0 
910 1 332 19 183 450 -1 -1 -1 0 
911 1 338 23 176 447 -1 -1 -1 0 
912 1 342 27 169 443 -1 -1 -1 0 
913 1 342 31 170 439 -1 -1 -1 0 
914 1 344 34 169 437 -1 -1 -1 0 
915 1 343 36 171 435 -1 -1 -1 0 
916 1 343 39 171 432 -1 -1 -1 0 
917 1 341 44 174 427 -1 -1 -1 0 
918 1 339 50 177 422 -1 -1 -1 0 
919 1 338 54 179 418 -1 -1 -1 0 
920 1 336 58 177 415 -1 -1 -1 0 
921 1 334 62 175 410 -1 -1 -1 0 
922 1 334 63 171 409 -1 -1 -1 0 
923 1 326 70 169 399 -1 -1 -1 0 
924 1 323 72 166 397 -1 -1 -1 0 
925 1 314 82 162 388 -1 -1 -1 0 
926 1 312 86 160 383 -1 -1 -1 0 
927 1 309 82 158 387 -1 -1 -1 0 
928 1 307 80 159 388 -1 -1 -1 0 
929 1 306 81 159 387 -1 -1 -1 0 
930 1 304 81 159 387 -1 -1 -1 0 
931 1 305 81 156 388 -1 -1 -1 0 
932 1 303 84 157 389 -1 -1 -1 0 
933 1 304 85 155 389 -1 -1 -1 0 
934 1 304 85 156 388 -1 -1 -1 0 
935 1 304 85 156 386 -1 -1 -1 0 
936 1 304 85 156 385 -1 -1 -1 0 
937 1 305 85 155 384 -1 -1 -1 0 
938 1 305 86 156 382 -1 -1 -1 0 
939 1 307 86 154 382 -1 -1 -1 0 
940 1 307 85 155 384 -1 -1 -1 0 
941 1 308 86 158 383 -1 -1 -1 0 
942 1 310 88 158 380 -1 -1 -1 0 
943 1 314 84 154 390 -1 -1 -1 0 
944 1 318 85 158 384 -1 -1 -1 0 
945 1 329 85 155 386 -1 -1 -1 0 
946 1 332 85 157 385 -1 -1 -1 0 
947 1 339 86 158 382 -1 -1 -1 0 
948 1 341 87 160 382 -1 -1 -1 0 
949 1 349 84 157 386 -1 -1 -1 0 
950 1 352 83 157 388 -1 -1 -1 0 
951 1 353 82 154 389 -1 -1 -1 0 
952 1 356 79 152 390 -1 -1 -1 0 
953 1 358 76 152 396 -1 -1 -1 0 
954 1 358 74 153 399 -1 -1 -1 0 
955 1 356 75 158 398 -1 -1 -1 0 
956 1 354 74 160 392 -1 -1 -1 0 
957 1 354 71 161 395 -1 -1 -1 0 
958 1 354 69 162 399 -1 -1 -1 0 
959 1 347 62 166 407 -1 -1 -1 0 
960 1 343 59 170 409 -1 -1 -1 0 
961 1 339 54 175 414 -1 -1 -1 0 
962 1 336 49 177 419 -1 -1 -1 0 
963 1 331 43 183 425 -1 -1 -1 0 
964 1 330 40 184 428 -1 -1 -1 0 
965 1 330 34 183 435 -1 -1 -1 0 
966 1 329 32 184 436 -1 -1 -1 0 
967 1 330 31 186 437 -1 -1 -1 0 
968 1 332 28 182 442 -1 -1 -1 0 
969 1 333 27 183 443 -1 -1 -1 0 
970 1 336 25 182 445 -1 -1 -1 0 
971 1 340 20 185 448 -1 -1 -1 0 
972 1 344 16 183 450 -1 -1 -1 0 
973 1 350 7 188 459 -1 -1 -1 0 
974 1 353 4 191 462 -1 -1 -1 0 
975 1 358 6 191 459 -1 -1 -1 0 
976 1 364 9 189 457 -1 -1 -1 0 
977 1 368 7 186 460 -1 -1 -1 0 
978 1 369 8 187 460 -1 -1 -1 0 
979 1 372 10 180 457 -1 -1 -1 0 
980 1 371 8 183 460 -1 -1 -1 0 
981 1 367 5 190 464 -1 -1 -1 0 
982 1 363 4 192 466 -1 -1 -1 0 
983 1 355 2 202 469 -1 -1 -1 0 
984 1 347 4 205 468 -1 -1 -1 0 
985 1 338 6 209 464 -1 -1 -1 0 
986 1 326 3 221 468 -1 -1 -1 0 
987 1 313 2 236 470 -1 -1 -1 0 
988 1 299 4 275 468 -1 -1 -1 0 
989 1 299 10 243 459 -1 -1 -1 0 
990 1 287 5 249 466 -1 -1 -1 0 
991 1 284 8 248 464 -1 -1 -1 0 
992 1 287 9 238 463 -1 -1 -1 0 
993 1 292 5 240 466 -1 -1 -1 0 
994 1 298 3 220 470 -1 -1 -1 0 
995 1 289 1 246 471 -1 -1 -1 0 
996 1 293 0 244 468 -1 -1 -1 0 
997 1 246 0 287 473 -1 -1 -1 0 
998 1 204 0 322 469 -1 -1 -1 0 
999 1 97 0 442 474 -1 -1 -1 0 
1000 1 35 0 481 472 -1 -1 -1 0 
1001 1 7 0 515 475 -1 -1 -1 0 
1002 1 3 0 508 474 -1 -1 -1 0 
1003 1 0 3 510 466 -1 -1 -1 0 
1004 1 4 4 505 461 -1 -1 -1 0 
1005 1 5 4 498 456 -1 -1 -1 0 
1006 1 1 2 500 461 -1 -1 -1 0 
1007 1 0 1 502 463 -1 -1 -1 0 
1011 1 12 8 473 454 -1 -1 -1 0 
1012 1 12 7 470 454 -1 -1 -1 0 
1013 1 9 5 468 458 -1 -1 -1 0 
1014 1 8 4 467 460 -1 -1 -1 0 
1015 1 7 2 474 463 -1 -1 -1 0 
1016 1 8 1 476 465 -1 -1 -1 0 
1017 1 9 0 478 470 -1 -1 -1 0 
1018 1 9 0 483 469 -1 -1 -1 0 
1019 1 8 0 489 468 -1 -1 -1 0 
1020 1 10 0 498 470 -1 -1 -1 0 
1021 1 5 0 515 470 -1 -1 -1 0 
1023 1 13 2 513 467 -1 -1 -1 0 
1024 1 11 2 517 469 -1 -1 -1 0 
1025 1 12 1 524 469 -1 -1 -1 0 
1026 1 12 0 541 473 -1 -1 -1 0 
1027 1 10 13 554 466 -1 -1 -1 0 
1028 1 11 12 592 465 -1 -1 -1 0 
1029 1 20 4 584 470 -1 -1 -1 0 
1030 1 34 5 546 471 -1 -1 -1 0 
1031 1 14 16 598 460 -1 -1 -1 0 
1032 1 6 16 617 459 -1 -1 -1 0 
1033 1 7 21 616 450 -1 -1 -1 0 
1034 1 52 22 585 444 -1 -1 -1 0 
1035 1 66 11 569 456 -1 -1 -1 0 
1036 1 65 13 570 456 -1 -1 -1 0 
1037 1 65 13 570 456 -1 -1 -1 0 
1038 1 14 5 625 467 -1 -1 -1 0 
1039 1 11 5 628 467 -1 -1 -1 0 
1040 1 12 7 627 465 -1 -1 -1 0 
1041 1 11 7 628 465 -1 -1 -1 0 
1042 1 7 4 632 466 -1 -1 -1 0 
1043 1 5 5 634 467 -1 -1 -1 0 
1044 1 5 5 634 467 -1 -1 -1 0 
1045 1 5 5 634 467 -1 -1 -1 0 
1046 1 5 5 634 467 -1 -1 -1 0 
1047 1 6 7 633 465 -1 -1 -1 0 
1048 1 6 7 633 464 -1 -1 -1 0 
1049 1 9 7 630 466 -1 -1 -1 0 
1050 1 9 6 630 466 -1 -1 -1 0 
1051 1 10 8 629 464 -1 -1 -1 0 
1052 1 12 8 627 464 -1 -1 -1 0 
1053 1 14 7 625 466 -1 -1 -1 0 
1054 1 13 8 626 464 -1 -1 -1 0 
1055 1 15 8 624 464 -1 -1 -1 0 
1056 1 57 12 581 461 -1 -1 -1 0 
1057 1 18 9 621 465 -1 -1 -1 0 
1058 1 17 9 622 464 -1 -1 -1 0 
1059 1 16 7 623 467 -1 -1 -1 0 
1060 1 14 7 625 466 -1 -1 -1 0 
1061 1 14 7 625 465 -1 -1 -1 0 
1062 1 15 7 624 465 -1 -1 -1 0 
1063 1 15 8 624 464 -1 -1 -1 0 
1064 1 16 8 623 464 -1 -1 -1 0 
1065 1 59 14 579 458 -1 -1 -1 0 
1066 1 61 14 578 458 -1 -1 -1 0 
1067 1 61 15 578 457 -1 -1 -1 0 
1068 1 61 15 578 458 -1 -1 -1 0 
1069 1 61 15 578 458 -1 -1 -1 0 
1070 1 61 15 578 458 -1 -1 -1 0 
1071 1 61 15 578 458 -1 -1 -1 0 
1072 1 61 15 578 458 -1 -1 -1 0 
1073 1 18 8 621 467 -1 -1 -1 0 
1074 1 15 7 624 466 -1 -1 -1 0 
1075 1 15 6 624 467 -1 -1 -1 0 
1076 1 15 6 624 466 -1 -1 -1 0 
1077 1 15 6 624 466 -1 -1 -1 0 
1078 1 15 6 624 466 -1 -1 -1 0 
1079 1 56 14 582 459 -1 -1 -1 0 
1080 1 60 14 579 460 -1 -1 -1 0 
1081 1 61 14 578 460 -1 -1 -1 0 
1082 1 18 7 621 466 -1 -1 -1 0 
1083 1 17 7 622 465 -1 -1 -1 0 
1084 1 16 6 623 466 -1 -1 -1 0 
1085 1 14 8 625 464 -1 -1 -1 0 
1086 1 14 8 625 464 -1 -1 -1 0 
1087 1 14 8 625 464 -1 -1 -1 0 
1088 1 56 13 582 459 -1 -1 -1 0 
1089 1 58 13 581 459 -1 -1 -1 0 
1090 1 57 14 582 458 -1 -1 -1 0 
1091 1 14 7 625 467 -1 -1 -1 0 
1092 1 13 7 626 467 -1 -1 -1 0 
1093 1 14 7 625 466 -1 -1 -1 0 
1094 1 16 8 623 464 -1 -1 -1 0 
1095 1 16 8 623 465 -1 -1 -1 0 
1096 1 54 14 584 458 -1 -1 -1 0 
1097 1 14 10 625 465 -1 -1 -1 0 
1098 1 55 14 583 459 -1 -1 -1 0 
1099 1 56 15 583 459 -1 -1 -1 0 
1100 1 58 15 581 459 -1 -1 -1 0 
1101 1 56 16 583 458 -1 -1 -1 0 
1102 1 57 15 582 459 -1 -1 -1 0 
1103 1 55 15 584 459 -1 -1 -1 0 
1104 1 56 15 583 459 -1 -1 -1 0 
1105 1 56 16 583 458 -1 -1 -1 0 
1106 1 59 15 580 459 -1 -1 -1 0 
1107 1 57 16 582 457 -1 -1 -1 0 
1108 1 58 15 581 458 -1 -1 -1 0 
1109 1 58 14 581 459 -1 -1 -1 0 
1110 1 59 14 580 459 -1 -1 -1 0 
1111 1 22 9 617 466 -1 -1 -1 0 
1112 1 58 14 581 459 -1 -1 -1 0 
1113 1 60 14 579 460 -1 -1 -1 0 
1114 1 60 14 579 458 -1 -1 -1 0 
1115 1 18 10 621 463 -1 -1 -1 0 
1116 1 17 9 622 464 -1 -1 -1 0 
1117 1 17 9 622 462 -1 -1 -1 0 
1118 1 18 8 621 464 -1 -1 -1 0 
1119 1 16 7 623 464 -1 -1 -1 0 
1120 1 14 5 625 467 -1 -1 -1 0 
1121 1 19 1 620 469 -1 -1 -1 0 
1122 1 18 0 621 469 -1 -1 -1 0 
1123 1 25 0 614 470 -1 -1 -1 0 
1124 1 22 1 617 470 -1 -1 -1 0 
1125 1 17 0 622 474 -1 -1 -1 0 
1126 1 18 2 621 473 -1 -1 -1 0 
1127 1 12 5 624 471 -1 -1 -1 0 
1128 1 9 5 623 471 -1 -1 -1 0 
1129 1 7 2 618 472 -1 -1 -1 0 
1133 1 58 0 530 473 -1 -1 -1 0 
1138 1 156 1 376 465 -1 -1 -1 0 
1139 1 140 0 430 470 -1 -1 -1 0 
1140 1 141 0 436 470 -1 -1 -1 0 
1141 1 149 0 413 472 -1 -1 -1 0 
1142 1 125 5 411 467 -1 -1 -1 0 
1143 1 128 8 382 464 -1 -1 -1 0 
1144 1 122 8 385 466 -1 -1 -1 0 
1145 1 118 6 399 469 -1 -1 -1 0 
1146 1 112 3 403 473 -1 -1 -1 0 
1147 1 107 6 421 468 -1 -1 -1 0 
1148 1 93 1 451 472 -1 -1 -1 0 
1149 1 93 0 456 477 -1 -1 -1 0 
1150 1 97 1 433 477 -1 -1 -1 0 
1151 1 93 6 433 473 -1 -1 -1 0 
1152 1 90 6 446 473 -1 -1 -1 0 
1153 1 89 7 452 472 -1 -1 -1 0 
1154 1 82 9 468 470 -1 -1 -1 0 
1155 1 84 10 465 469 -1 -1 -1 0 
1156 1 86 10 460 469 -1 -1 -1 0 
1157 1 85 11 463 468 -1 -1 -1 0 
1158 1 86 11 461 468 -1 -1 -1 0 
1159 1 86 11 461 468 -1 -1 -1 0 
1160 1 86 10 460 469 -1 -1 -1 0 
1161 1 83 9 467 470 -1 -1 -1 0 
1162 1 83 8 468 471 -1 -1 -1 0 
1163 1 83 7 466 472 -1 -1 -1 0 
1164 1 81 7 470 472 -1 -1 -1 0 
1165 1 80 6 472 473 -1 -1 -1 0 
1166 1 81 7 471 472 -1 -1 -1 0 
1167 1 81 6 470 473 -1 -1 -1 0 
1168 1 80 5 467 474 -1 -1 -1 0 
1169 1 76 4 474 475 -1 -1 -1 0 
1170 1 76 3 473 476 -1 -1 -1 0 
1171 1 75 0 474 479 -1 -1 -1 0 
1172 1 75 0 477 478 -1 -1 -1 0 
1173 1 80 0 480 477 -1 -1 -1 0 
1174 1 74 0 504 473 -1 -1 -1 0 
1175 1 75 4 502 465 -1 -1 -1 0 
1176 1 70 9 503 461 -1 -1 -1 0 
1177 1 55 14 533 456 -1 -1 -1 0 
1178 1 66 7 514 466 -1 -1 -1 0 
1179 1 76 6 497 467 -1 -1 -1 0 
1180 1 81 5 478 468 -1 -1 -1 0 
1181 1 108 4 452 465 -1 -1 -1 0 
1182 1 111 3 453 465 -1 -1 -1 0 
1183 1 110 0 481 471 -1 -1 -1 0 
1184 1 121 2 458 466 -1 -1 -1 0 
1185 1 128 2 447 469 -1 -1 -1 0 
1186 1 127 3 447 465 -1 -1 -1 0 
1187 1 117 3 468 466 -1 -1 -1 0 
1188 1 110 2 484 463 -1 -1 -1 0 
1189 1 111 1 485 463 -1 -1 -1 0 
1190 1 113 1 482 463 -1 -1 -1 0 
1191 1 115 0 476 466 -1 -1 -1 0 
1192 1 111 0 463 468 -1 -1 -1 0 
1193 1 105 0 468 469 -1 -1 -1 0 
1194 1 105 1 494 466 -1 -1 -1 0 
1195 1 107 0 493 465 -1 -1 -1 0 
1196 1 109 0 492 466 -1 -1 -1 0 
1197 1 107 2 499 462 -1 -1 -1 0 
1198 1 109 3 466 464 -1 -1 -1 0 
1199 1 109 3 459 464 -1 -1 -1 0 
1200 1 109 4 455 462 -1 -1 -1 0 
1201 1 102 2 462 466 -1 -1 -1 0 
1202 1 106 3 453 464 -1 -1 -1 0 
1203 1 101 4 461 464 -1 -1 -1 0 
1204 1 105 2 457 465 -1 -1 -1 0 
1205 1 125 0 447 468 -1 -1 -1 0 
1206 1 118 1 442 467 -1 -1 -1 0 
1207 1 109 0 451 468 -1 -1 -1 0 
1208 1 103 1 459 465 -1 -1 -1 0 
1209 1 131 0 434 469 -1 -1 -1 0 
1210 1 123 1 434 466 -1 -1 -1 0 
1211 1 120 2 439 465 -1 -1 -1 0 
1212 1 131 1 435 465 -1 -1 -1 0 
1213 1 111 0 450 469 -1 -1 -1 0 
1214 1 110 0 446 471 -1 -1 -1 0 
1215 1 111 0 444 473 -1 -1 -1 0 
1216 1 113 0 444 472 -1 -1 -1 0 
1217 1 132 0 431 469 -1 -1 -1 0 
1218 1 139 0 422 470 -1 -1 -1 0 
1219 1 140 0 423 470 -1 -1 -1 0 
1220 1 135 1 428 467 -1 -1 -1 0 
1221 1 147 0 411 470 -1 -1 -1 0 
1222 1 147 0 413 470 -1 -1 -1 0 
1223 1 150 0 408 470 -1 -1 -1 0 
1224 1 168 0 390 469 -1 -1 -1 0 
1225 1 184 0 384 469 -1 -1 -1 0 
1226 1 193 0 374 466 -1 -1 -1 0 
1227 1 203 1 367 464 -1 -1 -1 0 
1228 1 205 1 366 465 -1 -1 -1 0 
1229 1 210 3 359 462 -1 -1 -1 0 
1230 1 210 4 357 460 -1 -1 -1 0 
1231 1 207 2 363 464 -1 -1 -1 0 
1232 1 204 4 368 461 -1 -1 -1 0 
1233 1 203 5 365 462 -1 -1 -1 0 
1234 1 200 8 366 457 -1 -1 -1 0 
1235 1 194 7 371 459 -1 -1 -1 0 
1236 1 192 7 371 458 -1 -1 -1 0 
1237 1 190 7 370 461 -1 -1 -1 0 
1238 1 188 5 366 465 -1 -1 -1 0 
1239 1 182 1 359 470 -1 -1 -1 0 
1240 1 174 0 364 472 -1 -1 -1 0 
1241 1 183 0 343 472 -1 -1 -1 0 
1242 1 188 0 331 471 -1 -1 -1 0 
1243 1 187 0 325 472 -1 -1 -1 0 
1244 1 187 0 321 473 -1 -1 -1 0 
1245 1 189 0 314 474 -1 -1 -1 0 
1246 1 189 0 311 471 -1 -1 -1 0 
1247 1 190 0 298 470 -1 -1 -1 0 
1248 1 189 0 296 470 -1 -1 -1 0 
1249 1 200 0 278 475 -1 -1 -1 0 
1250 1 203 0 275 475 -1 -1 -1 0 
1251 1 212 0 265 477 -1 -1 -1 0 
1252 1 217 0 260 479 -1 -1 -1 0 
1253 1 226 0 252 479 -1 -1 -1 0 
1254 1 230 0 249 479 -1 -1 -1 0 
1255 1 236 5 244 474 -1 -1 -1 0 
1256 1 238 10 245 469 -1 -1 -1 0 
1257 1 241 16 244 460 -1 -1 -1 0 
1258 1 243 18 242 457 -1 -1 -1 0 
1259 1 245 33 238 441 -1 -1 -1 0 
1260 1 247 40 233 437 -1 -1 -1 0 
1261 1 247 49 227 426 -1 -1 -1 0 
1262 1 246 58 220 416 -1 -1 -1 0 
1263 1 245 63 217 411 -1 -1 -1 0 
1264 1 243 65 211 410 -1 -1 -1 0 
1265 1 242 65 209 409 -1 -1 -1 0 
1266 1 251 62 193 417 -1 -1 -1 0 
1267 1 251 67 193 412 -1 -1 -1 0 
1268 1 252 71 191 408 -1 -1 -1 0 
1269 1 251 72 190 407 -1 -1 -1 0 
1270 1 250 77 190 402 -1 -1 -1 0 
1271 1 251 81 188 398 -1 -1 -1 0 
1272 1 253 79 188 400 -1 -1 -1 0 
1273 1 254 79 187 400 -1 -1 -1 0 
1274 1 257 81 185 398 -1 -1 -1 0 
1275 1 261 99 184 379 -1 -1 -1 0 
1276 1 263 81 181 398 -1 -1 -1 0 
1277 1 271 103 178 374 -1 -1 -1 0 
1278 1 276 107 173 370 -1 -1 -1 0 
1279 1 280 110 168 368 -1 -1 -1 0 
1280 1 283 112 166 366 -1 -1 -1 0 
1281 1 285 115 165 363 -1 -1 -1 0 
1282 1 287 118 162 361 -1 -1 -1 0 
1283 1 288 111 159 368 -1 -1 -1 0 
1284 1 288 124 161 354 -1 -1 -1 0 
1285 1 288 127 157 352 -1 -1 -1 0 
1286 1 288 130 155 349 -1 -1 -1 0 
1287 1 287 130 151 349 -1 -1 -1 0 
1288 1 287 130 147 349 -1 -1 -1 0 
1289 1 285 131 147 348 -1 -1 -1 0 
1290 1 283 131 149 348 -1 -1 -1 0 
1291 1 280 133 150 346 -1 -1 -1 0 
1292 1 278 129 152 350 -1 -1 -1 0 
1293 1 277 129 152 350 -1 -1 -1 0 
1294 1 278 133 148 346 -1 -1 -1 0 
1295 1 279 135 144 344 -1 -1 -1 0 
1296 1 279 136 145 343 -1 -1 -1 0 
1297 1 281 139 141 340 -1 -1 -1 0 
1298 1 283 144 139 335 -1 -1 -1 0 
1299 1 284 145 138 334 -1 -1 -1 0 
1300 1 286 150 136 329 -1 -1 -1 0 
1301 1 288 150 135 329 -1 -1 -1 0 
1302 1 289 151 135 328 -1 -1 -1 0 
1303 1 291 153 136 326 -1 -1 -1 0 
1304 1 297 157 129 322 -1 -1 -1 0 
1305 1 299 159 129 320 -1 -1 -1 0 
1306 1 303 159 126 320 -1 -1 -1 0 
1307 1 305 160 123 314 -1 -1 -1 0 
1308 1 304 154 122 322 -1 -1 -1 0 
1309 1 305 154 121 322 -1 -1 -1 0 
1310 1 307 164 115 309 -1 -1 -1 0 
1311 1 308 166 112 308 -1 -1 -1 0 
1312 1 307 167 112 307 -1 -1 -1 0 
1313 1 304 165 113 311 -1 -1 -1 0 
1314 1 299 176 113 293 -1 -1 -1 0 
1315 1 293 174 116 294 -1 -1 -1 0 
1316 1 291 174 115 294 -1 -1 -1 0 
1317 1 289 172 115 295 -1 -1 -1 0 
1318 1 287 171 114 297 -1 -1 -1 0 
1319 1 282 172 116 295 -1 -1 -1 0 
1320 1 278 173 119 288 -1 -1 -1 0 
1321 1 278 174 118 286 -1 -1 -1 0 
1322 1 275 175 118 281 -1 -1 -1 0 
1323 1 275 176 117 280 -1 -1 -1 0 
1324 1 274 177 117 280 -1 -1 -1 0 
1325 1 274 179 116 278 -1 -1 -1 0 
1326 1 275 179 115 280 -1 -1 -1 0 
1327 1 275 180 113 281 -1 -1 -1 0 
1328 1 276 181 114 278 -1 -1 -1 0 
1329 1 277 182 113 274 -1 -1 -1 0 
1330 1 278 183 111 271 -1 -1 -1 0 
1331 1 283 186 107 265 -1 -1 -1 0 
1332 1 285 188 106 260 -1 -1 -1 0 
1333 1 286 189 106 257 -1 -1 -1 0 
1334 1 288 186 105 266 -1 -1 -1 0 
1335 1 289 185 105 273 -1 -1 -1 0 
1336 1 289 186 106 266 -1 -1 -1 0 
1337 1 291 186 102 261 -1 -1 -1 0 
1338 1 291 186 102 258 -1 -1 -1 0 
1339 1 292 188 100 255 -1 -1 -1 0 
1340 1 292 189 99 259 -1 -1 -1 0 
1341 1 290 193 103 256 -1 -1 -1 0 
1342 1 290 193 101 259 -1 -1 -1 0 
1343 1 289 194 102 253 -1 -1 -1 0 
1344 1 288 197 101 248 -1 -1 -1 0 
1345 1 287 199 101 244 -1 -1 -1 0 
1346 1 285 200 101 243 -1 -1 -1 0 
1347 1 284 195 99 247 -1 -1 -1 0 
1348 1 283 194 98 250 -1 -1 -1 0 
1349 1 279 192 96 271 -1 -1 -1 0 
1350 1 277 192 98 266 -1 -1 -1 0 
1351 1 277 192 96 266 -1 -1 -1 0 
1352 1 278 193 94 270 -1 -1 -1 0 
1353 1 276 193 95 258 -1 -1 -1 0 
1354 1 276 194 94 250 -1 -1 -1 0 
1355 1 276 195 92 248 -1 -1 -1 0 
1356 1 278 196 90 243 -1 -1 -1 0 
1357 1 280 197 90 231 -1 -1 -1 0 
1358 1 281 198 88 229 -1 -1 -1 0 
1359 1 282 199 87 231 -1 -1 -1 0 
1360 1 284 199 83 233 -1 -1 -1 0 
1361 1 285 199 82 233 -1 -1 -1 0 
1362 1 287 199 79 235 -1 -1 -1 0 
1363 1 291 196 75 237 -1 -1 -1 0 
1364 1 293 197 71 241 -1 -1 -1 0 
1365 1 295 196 68 236 -1 -1 -1 0 
1366 1 297 197 65 235 -1 -1 -1 0 
1367 1 299 196 63 236 -1 -1 -1 0 
1368 1 302 197 58 236 -1 -1 -1 0 
1369 1 304 197 54 240 -1 -1 -1 0 
1370 1 304 197 54 239 -1 -1 -1 0 
1371 1 304 197 51 229 -1 -1 -1 0 
1372 1 305 198 49 225 -1 -1 -1 0 
1373 1 306 199 48 222 -1 -1 -1 0 
1374 1 307 199 47 224 -1 -1 -1 0 
1375 1 307 199 48 224 -1 -1 -1 0 
1376 1 307 200 49 223 -1 -1 -1 0 
1377 1 306 200 51 223 -1 -1 -1 0 
1378 1 307 199 51 222 -1 -1 -1 0 
1379 1 307 199 52 224 -1 -1 -1 0 
1380 1 307 197 54 234 -1 -1 -1 0 
1381 1 305 197 58 240 -1 -1 -1 0 
1382 1 303 196 63 235 -1 -1 -1 0 
1383 1 302 197 65 244 -1 -1 -1 0 
1384 1 299 197 71 225 -1 -1 -1 0 
1385 1 295 202 80 219 -1 -1 -1 0 
1386 1 295 203 80 218 -1 -1 -1 0 
1387 1 291 201 85 225 -1 -1 -1 0 
1388 1 288 201 89 225 -1 -1 -1 0 
1389 1 287 202 90 223 -1 -1 -1 0 
1390 1 288 201 87 223 -1 -1 -1 0 
1391 1 287 201 85 223 -1 -1 -1 0 
1392 1 285 200 81 223 -1 -1 -1 0 
1393 1 282 199 83 223 -1 -1 -1 0 
1394 1 277 200 84 220 -1 -1 -1 0 
1395 1 274 201 84 217 -1 -1 -1 0 
1396 1 271 205 87 213 -1 -1 -1 0 
1397 1 269 206 87 212 -1 -1 -1 0 
1398 1 268 205 86 213 -1 -1 -1 0 
1399 1 266 205 87 213 -1 -1 -1 0 
1400 1 266 206 85 212 -1 -1 -1 0 
1401 1 266 205 85 210 -1 -1 -1 0 
1402 1 266 206 84 208 -1 -1 -1 0 
1403 1 267 207 83 207 -1 -1 -1 0 
1404 1 270 208 80 206 -1 -1 -1 0 
1405 1 271 209 80 205 -1 -1 -1 0 
1406 1 272 210 79 204 -1 -1 -1 0 
1407 1 273 209 80 203 -1 -1 -1 0 
1408 1 277 205 79 204 -1 -1 -1 0 
1409 1 280 205 78 201 -1 -1 -1 0 
1410 1 283 204 76 200 -1 -1 -1 0 
1411 1 284 204 76 201 -1 -1 -1 0 
1412 1 285 203 77 209 -1 -1 -1 0 
1413 1 286 204 77 213 -1 -1 -1 0 
1414 1 288 205 78 210 -1 -1 -1 0 
1415 1 290 206 76 209 -1 -1 -1 0 
1416 1 292 207 74 212 -1 -1 -1 0 
1417 1 291 208 73 207 -1 -1 -1 0 
1418 1 293 209 70 206 -1 -1 -1 0 
1419 1 293 209 72 207 -1 -1 -1 0 
1420 1 293 208 74 206 -1 -1 -1 0 
1421 1 291 209 72 204 -1 -1 -1 0 
1422 1 290 209 74 201 -1 -1 -1 0 
1423 1 290 211 72 201 -1 -1 -1 0 
1424 1 289 211 72 200 -1 -1 -1 0 
1425 1 288 211 71 198 -1 -1 -1 0 
1426 1 287 210 71 199 -1 -1 -1 0 
1427 1 287 210 70 199 -1 -1 -1 0 
1428 1 285 211 71 202 -1 -1 -1 0 
1429 1 284 211 72 201 -1 -1 -1 0 
1430 1 284 209 70 201 -1 -1 -1 0 
1431 1 283 211 72 198 -1 -1 -1 0 
1432 1 284 211 69 199 -1 -1 -1 0 
1433 1 283 210 70 197 -1 -1 -1 0 
1434 1 283 211 69 194 -1 -1 -1 0 
1435 1 283 212 69 188 -1 -1 -1 0 
1436 1 284 212 67 188 -1 -1 -1 0 
1437 1 284 214 67 189 -1 -1 -1 0 
1438 1 287 215 63 188 -1 -1 -1 0 
1439 1 288 215 62 187 -1 -1 -1 0 
1440 1 292 211 54 191 -1 -1 -1 0 
1441 1 292 211 53 192 -1 -1 -1 0 
1442 1 291 213 54 187 -1 -1 -1 0 
1443 1 291 215 50 186 -1 -1 -1 0 
1444 1 290 214 49 186 -1 -1 -1 0 
1445 1 288 214 48 187 -1 -1 -1 0 
1446 1 286 215 48 188 -1 -1 -1 0 
1447 1 285 215 48 189 -1 -1 -1 0 
1448 1 281 215 53 190 -1 -1 -1 0 
1449 1 278 216 54 189 -1 -1 -1 0 
1450 1 276 215 55 192 -1 -1 -1 0 
1451 1 274 215 57 193 -1 -1 -1 0 
1452 1 271 214 59 194 -1 -1 -1 0 
1453 1 270 213 59 200 -1 -1 -1 0 
1454 1 270 212 60 200 -1 -1 -1 0 
1455 1 269 212 63 202 -1 -1 -1 0 
1456 1 265 215 60 200 -1 -1 -1 0 
1457 1 263 214 60 198 -1 -1 -1 0 
1458 1 262 214 49 196 -1 -1 -1 0 
1459 1 260 213 48 197 -1 -1 -1 0 
1460 1 257 213 47 194 -1 -1 -1 0 
1461 1 252 215 49 211 -1 -1 -1 0 
1462 1 249 215 52 202 -1 -1 -1 0 
1463 1 245 214 54 196 -1 -1 -1 0 
1464 1 244 216 53 198 -1 -1 -1 0 
1465 1 244 214 53 240 -1 -1 -1 0 
1466 1 243 212 54 237 -1 -1 -1 0 
1467 1 244 217 53 190 -1 -1 -1 0 
1468 1 240 216 57 188 -1 -1 -1 0 
1469 1 238 215 58 187 -1 -1 -1 0 
1470 1 236 216 60 185 -1 -1 -1 0 
1471 1 234 215 62 186 -1 -1 -1 0 
1472 1 233 214 63 187 -1 -1 -1 0 
1473 1 233 213 66 191 -1 -1 -1 0 
1474 1 233 214 67 195 -1 -1 -1 0 
1475 1 233 211 73 238 -1 -1 -1 0 
1476 1 232 211 77 242 -1 -1 -1 0 
1477 1 232 216 83 190 -1 -1 -1 0 
1478 1 234 218 81 192 -1 -1 -1 0 
1479 1 234 215 83 188 -1 -1 -1 0 
1480 1 237 215 79 187 -1 -1 -1 0 
1481 1 241 213 73 190 -1 -1 -1 0 
1482 1 243 213 71 191 -1 -1 -1 0 
1483 1 247 214 68 187 -1 -1 -1 0 
1484 1 253 214 67 186 -1 -1 -1 0 
1485 1 255 216 68 185 -1 -1 -1 0 
1486 1 255 215 71 187 -1 -1 -1 0 
1487 1 257 216 77 184 -1 -1 -1 0 
1488 1 265 215 71 183 -1 -1 -1 0 
1489 1 275 218 62 186 -1 -1 -1 0 
1490 1 278 218 63 184 -1 -1 -1 0 
1491 1 280 218 62 184 -1 -1 -1 0 
1492 1 282 218 62 190 -1 -1 -1 0 
1493 1 287 215 60 210 -1 -1 -1 0 
1494 1 289 214 60 201 -1 -1 -1 0 
1495 1 292 214 59 193 -1 -1 -1 0 
1496 1 298 216 55 191 -1 -1 -1 0 
1497 1 300 217 54 190 -1 -1 -1 0 
1498 1 301 219 54 188 -1 -1 -1 0 
1499 1 300 220 58 186 -1 -1 -1 0 
1500 1 301 219 60 186 -1 -1 -1 0 
1501 1 302 216 59 190 -1 -1 -1 0 
1502 1 303 214 61 205 -1 -1 -1 0 
1503 1 305 214 60 207 -1 -1 -1 0 
1504 1 308 214 59 208 -1 -1 -1 0 
1505 1 315 215 55 195 -1 -1 -1 0 
1506 1 318 217 54 186 -1 -1 -1 0 
1507 1 320 217 54 182 -1 -1 -1 0 
1508 1 322 218 53 180 -1 -1 -1 0 
1509 1 323 219 53 180 -1 -1 -1 0 
1510 1 323 221 54 179 -1 -1 -1 0 
1511 1 323 221 54 179 -1 -1 -1 0 
1512 1 323 221 55 179 -1 -1 -1 0 
1513 1 323 222 55 178 -1 -1 -1 0 
1514 1 323 222 54 178 -1 -1 -1 0 
1515 1 323 222 54 177 -1 -1 -1 0 
1516 1 323 222 53 177 -1 -1 -1 0 
1517 1 323 221 52 178 -1 -1 -1 0 
1518 1 324 221 49 178 -1 -1 -1 0 
1519 1 323 221 49 177 -1 -1 -1 0 
1520 1 324 221 46 179 -1 -1 -1 0 
1521 1 325 221 45 183 -1 -1 -1 0 
1522 1 325 221 45 188 -1 -1 -1 0 
1523 1 324 221 46 185 -1 -1 -1 0 
1524 1 324 221 46 184 -1 -1 -1 0 
1525 1 321 223 48 179 -1 -1 -1 0 
1526 1 315 221 51 185 -1 -1 -1 0 
1527 1 309 219 57 188 -1 -1 -1 0 
1528 1 303 218 60 206 -1 -1 -1 0 
1529 1 301 221 59 184 -1 -1 -1 0 
1530 1 296 222 63 183 -1 -1 -1 0 
1531 1 294 220 65 185 -1 -1 -1 0 
1532 1 293 220 64 187 -1 -1 -1 0 
1533 1 292 218 63 195 -1 -1 -1 0 
1534 1 288 218 64 198 -1 -1 -1 0 
1535 1 283 219 65 192 -1 -1 -1 0 
1536 1 282 218 63 199 -1 -1 -1 0 
1537 1 278 220 62 186 -1 -1 -1 0 
1538 1 277 218 61 181 -1 -1 -1 0 
1539 1 276 217 59 187 -1 -1 -1 0 
1540 1 275 218 60 192 -1 -1 -1 0 
1541 1 275 217 60 191 -1 -1 -1 0 
1542 1 274 217 62 190 -1 -1 -1 0 
1543 1 274 217 63 189 -1 -1 -1 0 
1544 1 274 217 64 189 -1 -1 -1 0 
1545 1 274 217 65 191 -1 -1 -1 0 
1546 1 273 215 67 192 -1 -1 -1 0 
1547 1 273 214 66 189 -1 -1 -1 0 
1548 1 272 213 65 188 -1 -1 -1 0 
1549 1 268 214 68 186 -1 -1 -1 0 
1550 1 262 215 71 189 -1 -1 -1 0 
1551 1 258 216 75 189 -1 -1 -1 0 
1552 1 257 218 74 186 -1 -1 -1 0 
1553 1 256 217 70 182 -1 -1 -1 0 
1554 1 255 218 69 180 -1 -1 -1 0 
1555 1 254 220 69 178 -1 -1 -1 0 
1556 1 251 220 67 182 -1 -1 -1 0 
1557 1 248 216 68 191 -1 -1 -1 0 
1558 1 245 215 71 191 -1 -1 -1 0 
1559 1 244 216 70 186 -1 -1 -1 0 
1560 1 244 216 64 185 -1 -1 -1 0 
1561 1 241 218 62 175 -1 -1 -1 0 
1562 1 240 215 60 173 -1 -1 -1 0 
1563 1 237 216 61 182 -1 -1 -1 0 
1564 1 235 218 62 181 -1 -1 -1 0 
1565 1 234 218 63 180 -1 -1 -1 0 
1566 1 234 218 62 179 -1 -1 -1 0 
1567 1 233 217 62 181 -1 -1 -1 0 
1568 1 233 216 62 182 -1 -1 -1 0 
1569 1 234 216 60 182 -1 -1 -1 0 
1570 1 233 217 61 181 -1 -1 -1 0 
1571 1 233 217 61 182 -1 -1 -1 0 
1572 1 233 217 61 184 -1 -1 -1 0 
1573 1 234 212 63 177 -1 -1 -1 0 
1574 1 234 213 63 175 -1 -1 -1 0 
1575 1 233 217 66 174 -1 -1 -1 0 
1576 1 237 216 74 181 -1 -1 -1 0 
1577 1 239 214 78 189 -1 -1 -1 0 
1578 1 240 213 81 189 -1 -1 -1 0 
1579 1 241 216 88 188 -1 -1 -1 0 
1580 1 242 221 99 183 -1 -1 -1 0 
1581 1 243 224 104 170 -1 -1 -1 0 
1582 1 246 225 107 167 -1 -1 -1 0 
1583 1 249 227 112 166 -1 -1 -1 0 
1584 1 254 226 112 172 -1 -1 -1 0 
1585 1 254 227 114 172 -1 -1 -1 0 
1586 1 246 229 121 176 -1 -1 -1 0 
1587 1 252 228 113 177 -1 -1 -1 0 
1588 1 258 226 110 175 -1 -1 -1 0 
1589 1 269 225 98 170 -1 -1 -1 0 
1590 1 291 220 78 182 -1 -1 -1 0 
1591 1 302 220 70 179 -1 -1 -1 0 
1592 1 309 219 68 176 -1 -1 -1 0 
1593 1 316 219 63 171 -1 -1 -1 0 
1594 1 319 218 61 172 -1 -1 -1 0 
1595 1 322 222 61 172 -1 -1 -1 0 
1596 1 323 224 61 172 -1 -1 -1 0 
1597 1 324 224 60 177 -1 -1 -1 0 
1598 1 325 223 61 177 -1 -1 -1 0 
1599 1 327 220 59 181 -1 -1 -1 0 
1600 1 327 219 61 183 -1 -1 -1 0 
1601 1 327 219 61 181 -1 -1 -1 0 
1602 1 326 224 64 173 -1 -1 -1 0 
1603 1 327 225 63 172 -1 -1 -1 0 
1604 1 327 226 63 171 -1 -1 -1 0 
1605 1 327 225 62 173 -1 -1 -1 0 
1606 1 327 221 61 181 -1 -1 -1 0 
1607 1 325 224 64 171 -1 -1 -1 0 
1608 1 327 221 58 175 -1 -1 -1 0 
1609 1 326 220 58 176 -1 -1 -1 0 
1610 1 323 220 61 178 -1 -1 -1 0 
1611 1 314 223 68 180 -1 -1 -1 0 
1612 1 307 222 74 182 -1 -1 -1 0 
1613 1 302 225 71 182 -1 -1 -1 0 
1614 1 302 225 70 179 -1 -1 -1 0 
1615 1 299 223 68 176 -1 -1 -1 0 
1616 1 296 221 69 176 -1 -1 -1 0 
1617 1 291 221 69 178 -1 -1 -1 0 
1618 1 289 220 66 179 -1 -1 -1 0 
1619 1 286 222 67 178 -1 -1 -1 0 
1620 1 285 222 65 180 -1 -1 -1 0 
1621 1 283 219 64 190 -1 -1 -1 0 
1622 1 280 220 68 188 -1 -1 -1 0 
1623 1 279 220 67 189 -1 -1 -1 0 
1624 1 278 221 68 185 -1 -1 -1 0 
1625 1 277 222 67 184 -1 -1 -1 0 
1626 1 277 221 67 187 -1 -1 -1 0 
1627 1 276 220 67 189 -1 -1 -1 0 
1628 1 277 218 66 192 -1 -1 -1 0 
1629 1 276 218 68 195 -1 -1 -1 0 
1630 1 276 217 69 197 -1 -1 -1 0 
1631 1 275 216 71 188 -1 -1 -1 0 
1632 1 276 214 69 195 -1 -1 -1 0 
1633 1 274 211 71 207 -1 -1 -1 0 
1634 1 273 210 73 207 -1 -1 -1 0 
1635 1 272 209 74 207 -1 -1 -1 0 
1636 1 271 211 73 204 -1 -1 -1 0 
1637 1 270 212 73 204 -1 -1 -1 0 
1638 1 269 213 74 203 -1 -1 -1 0 
1639 1 268 214 73 204 -1 -1 -1 0 
1640 1 265 210 71 216 -1 -1 -1 0 
1641 1 263 207 72 220 -1 -1 -1 0 
1642 1 259 205 75 222 -1 -1 -1 0 
1643 1 256 204 76 222 -1 -1 -1 0 
1644 1 254 203 77 228 -1 -1 -1 0 
1645 1 252 202 80 229 -1 -1 -1 0 
1646 1 252 202 79 230 -1 -1 -1 0 
1647 1 250 202 83 233 -1 -1 -1 0 
1648 1 250 203 84 232 -1 -1 -1 0 
1649 1 250 203 85 232 -1 -1 -1 0 
1650 1 254 198 79 258 -1 -1 -1 0 
1651 1 253 199 84 242 -1 -1 -1 0 
1652 1 254 199 83 238 -1 -1 -1 0 
1653 1 254 196 86 241 -1 -1 -1 0 
1654 1 255 193 87 248 -1 -1 -1 0 
1655 1 256 189 88 262 -1 -1 -1 0 
1656 1 256 191 91 257 -1 -1 -1 0 
1657 1 256 192 92 255 -1 -1 -1 0 
1658 1 258 193 91 263 -1 -1 -1 0 
1659 1 259 191 91 268 -1 -1 -1 0 
1660 1 258 189 94 272 -1 -1 -1 0 
1661 1 260 186 93 277 -1 -1 -1 0 
1662 1 261 184 94 279 -1 -1 -1 0 
1663 1 262 183 94 279 -1 -1 -1 0 
1664 1 265 179 95 282 -1 -1 -1 0 
1665 1 269 177 97 286 -1 -1 -1 0 
1666 1 272 174 98 291 -1 -1 -1 0 
1667 1 275 174 100 291 -1 -1 -1 0 
1668 1 277 176 101 290 -1 -1 -1 0 
1669 1 282 175 119 294 -1 -1 -1 0 
1670 1 285 175 131 294 -1 -1 -1 0 
1671 1 284 176 125 291 -1 -1 -1 0 
1672 1 286 176 137 293 -1 -1 -1 0 
1673 1 287 177 136 293 -1 -1 -1 0 
1674 1 286 172 138 298 -1 -1 -1 0 
1675 1 287 170 138 301 -1 -1 -1 0 
1676 1 315 166 110 305 -1 -1 -1 0 
1677 1 325 167 105 297 -1 -1 -1 0 
1678 1 348 160 89 311 -1 -1 -1 0 
1679 1 355 163 91 303 -1 -1 -1 0 
1680 1 362 163 90 303 -1 -1 -1 0 
1681 1 370 161 86 305 -1 -1 -1 0 
1682 1 373 158 90 308 -1 -1 -1 0 
1683 1 378 164 92 303 -1 -1 -1 0 
1684 1 383 166 97 304 -1 -1 -1 0 
1685 1 386 162 98 317 -1 -1 -1 0 
1686 1 386 161 99 318 -1 -1 -1 0 
1687 1 386 165 113 304 -1 -1 -1 0 
1688 1 394 163 109 304 -1 -1 -1 0 
1689 1 413 161 94 305 -1 -1 -1 0 
1690 1 427 161 83 306 -1 -1 -1 0 
1691 1 441 160 80 303 -1 -1 -1 0 
1692 1 444 159 81 305 -1 -1 -1 0 
1693 1 448 158 82 307 -1 -1 -1 0 
1694 1 451 158 83 308 -1 -1 -1 0 
1695 1 454 160 88 308 -1 -1 -1 0 
1696 1 457 160 91 307 -1 -1 -1 0 
1697 1 461 162 93 302 -1 -1 -1 0 
1698 1 466 163 88 299 -1 -1 -1 0 
1699 1 472 162 85 299 -1 -1 -1 0 
1700 1 476 161 80 294 -1 -1 -1 0 
1701 1 481 158 73 283 -1 -1 -1 0 
1702 1 484 157 71 281 -1 -1 -1 0 
1703 1 486 157 71 275 -1 -1 -1 0 
1704 1 487 157 70 262 -1 -1 -1 0 
1705 1 489 157 67 263 -1 -1 -1 0 
1706 1 490 157 66 263 -1 -1 -1 0 
1707 1 490 157 66 268 -1 -1 -1 0 
1708 1 490 156 67 269 -1 -1 -1 0 
1709 1 490 155 67 270 -1 -1 -1 0 
1710 1 491 155 66 271 -1 -1 -1 0 
1711 1 491 155 66 267 -1 -1 -1 0 
1712 1 491 156 65 268 -1 -1 -1 0 
1713 1 491 156 66 265 -1 -1 -1 0 
1714 1 492 156 65 264 -1 -1 -1 0 
1715 1 492 156 65 263 -1 -1 -1 0 
1716 1 492 157 64 265 -1 -1 -1 0 
1717 1 492 157 65 264 -1 -1 -1 0 
1718 1 492 157 64 265 -1 -1 -1 0 
1719 1 492 157 65 266 -1 -1 -1 0 
1720 1 492 157 65 266 -1 -1 -1 0 
1721 1 492 157 64 266 -1 -1 -1 0 
1722 1 492 156 65 267 -1 -1 -1 0 
1723 1 491 157 66 266 -1 -1 -1 0 
1724 1 491 157 66 262 -1 -1 -1 0 
1725 1 492 157 64 263 -1 -1 -1 0 
1726 1 492 158 64 263 -1 -1 -1 0 
1727 1 491 157 66 262 -1 -1 -1 0 
1728 1 491 157 65 266 -1 -1 -1 0 
1729 1 491 157 66 262 -1 -1 -1 0 
1730 1 491 157 65 265 -1 -1 -1 0 
1731 1 490 157 67 263 -1 -1 -1 0 
1732 1 490 157 66 259 -1 -1 -1 0 
1733 1 491 157 65 263 -1 -1 -1 0 
1734 1 490 157 66 266 -1 -1 -1 0 
1735 1 489 156 68 264 -1 -1 -1 0 
1736 1 489 155 67 265 -1 -1 -1 0 
1737 1 488 156 67 267 -1 -1 -1 0 
1738 1 488 156 67 269 -1 -1 -1 0 
1739 1 486 157 69 262 -1 -1 -1 0 
1740 1 486 159 68 259 -1 -1 -1 0 
1741 1 485 161 69 256 -1 -1 -1 0 
1742 1 483 161 69 261 -1 -1 -1 0 
1743 1 481 160 71 266 -1 -1 -1 0 
1744 1 479 161 73 266 -1 -1 -1 0 
1745 1 477 163 75 255 -1 -1 -1 0 
1746 1 477 162 74 255 -1 -1 -1 0 
1747 1 476 160 75 258 -1 -1 -1 0 
1748 1 476 160 76 267 -1 -1 -1 0 
1749 1 474 160 78 262 -1 -1 -1 0 
1750 1 475 161 76 262 -1 -1 -1 0 
1751 1 475 159 76 266 -1 -1 -1 0 
1752 1 475 159 76 267 -1 -1 -1 0 
1753 1 475 162 77 265 -1 -1 -1 0 
1754 1 476 162 75 265 -1 -1 -1 0 
1755 1 477 161 76 262 -1 -1 -1 0 
1756 1 477 161 75 262 -1 -1 -1 0 
1757 1 478 154 76 276 -1 -1 -1 0 
1758 1 477 151 78 281 -1 -1 -1 0 
1759 1 477 149 79 286 -1 -1 -1 0 
1760 1 477 146 78 293 -1 -1 -1 0 
1761 1 477 138 77 305 -1 -1 -1 0 
1762 1 476 137 79 307 -1 -1 -1 0 
1763 1 476 133 78 318 -1 -1 -1 0 
1764 1 475 131 79 325 -1 -1 -1 0 
1765 1 473 130 82 330 -1 -1 -1 0 
1766 1 470 129 86 335 -1 -1 -1 0 
1767 1 465 120 90 343 -1 -1 -1 0 
1768 1 462 118 93 345 -1 -1 -1 0 
1769 1 459 116 96 348 -1 -1 -1 0 
1770 1 455 112 99 354 -1 -1 -1 0 
1771 1 443 118 104 349 -1 -1 -1 0 
1772 1 437 115 111 355 -1 -1 -1 0 
1773 1 428 113 121 357 -1 -1 -1 0 
1774 1 424 111 124 358 -1 -1 -1 0 
1775 1 422 109 125 361 -1 -1 -1 0 
1776 1 417 107 130 365 -1 -1 -1 0 
1777 1 413 105 134 366 -1 -1 -1 0 
1778 1 410 104 137 368 -1 -1 -1 0 
1779 1 407 103 139 369 -1 -1 -1 0 
1780 1 406 102 140 370 -1 -1 -1 0 
1781 1 404 101 142 371 -1 -1 -1 0 
1782 1 404 99 142 373 -1 -1 -1 0 
1783 1 404 90 144 383 -1 -1 -1 0 
1784 1 404 85 145 388 -1 -1 -1 0 
1785 1 399 79 154 389 -1 -1 -1 0 
1786 1 400 74 156 396 -1 -1 -1 0 
1787 1 399 69 157 403 -1 -1 -1 0 
1788 1 396 66 160 408 -1 -1 -1 0 
1789 1 393 62 163 408 -1 -1 -1 0 
1790 1 390 59 165 410 -1 -1 -1 0 
1791 1 387 52 165 419 -1 -1 -1 0 
1792 1 380 53 174 416 -1 -1 -1 0 
1793 1 374 47 179 424 -1 -1 -1 0 
1794 1 368 39 185 432 -1 -1 -1 0 
1795 1 356 26 197 445 -1 -1 -1 0 
1796 1 350 21 201 451 -1 -1 -1 0 
1797 1 340 6 210 470 -1 -1 -1 0 
1798 1 335 3 215 474 -1 -1 -1 0 
1799 1 332 3 217 473 -1 -1 -1 0 
1800 1 333 3 216 469 -1 -1 -1 0 
1801 1 330 1 222 471 -1 -1 -1 0 
1802 1 330 0 223 471 -1 -1 -1 0 
1803 1 333 0 217 473 -1 -1 -1 0 
1804 1 333 2 216 472 -1 -1 -1 0 
1805 1 336 2 219 469 -1 -1 -1 0 
1806 1 338 3 217 470 -1 -1 -1 0 
1807 1 340 2 215 471 -1 -1 -1 0 
1808 1 340 1 217 472 -1 -1 -1 0 
1809 1 343 3 216 468 -1 -1 -1 0 
1810 1 344 2 217 469 -1 -1 -1 0 
1811 1 342 1 218 472 -1 -1 -1 0 
1812 1 340 0 218 474 -1 -1 -1 0 
1813 1 332 0 226 475 -1 -1 -1 0 
1814 1 328 0 233 475 -1 -1 -1 0 
1815 1 322 1 236 473 -1 -1 -1 0 
1816 1 315 4 238 468 -1 -1 -1 0 
1817 1 292 7 259 464 -1 -1 -1 0 
1818 1 270 0 285 470 -1 -1 -1 0 
1819 1 259 2 301 469 -1 -1 -1 0 
1820 1 246 6 317 464 -1 -1 -1 0 
1821 1 245 7 315 465 -1 -1 -1 0 
1822 1 246 4 328 468 -1 -1 -1 0 
1823 1 245 3 330 471 -1 -1 -1 0 
1824 1 250 11 321 462 -1 -1 -1 0 
1825 1 252 6 310 464 -1 -1 -1 0 
1826 1 254 0 304 470 -1 -1 -1 0 
1827 1 254 8 305 459 -1 -1 -1 0 
1828 1 227 6 338 463 -1 -1 -1 0 
1829 1 162 6 384 467 -1 -1 -1 0 
1830 1 104 3 440 468 -1 -1 -1 0 
1831 1 83 6 462 467 -1 -1 -1 0 
1832 1 53 7 507 463 -1 -1 -1 0 
1833 1 36 4 525 467 -1 -1 -1 0 
1834 1 36 5 525 465 -1 -1 -1 0 
1835 1 20 6 549 466 -1 -1 -1 0 
1836 1 12 7 552 459 -1 -1 -1 0 
1837 1 11 9 540 460 -1 -1 -1 0 
1838 1 9 7 549 462 -1 -1 -1 0 
1839 1 2 5 563 470 -1 -1 -1 0 
1840 1 0 3 557 475 -1 -1 -1 0 
1841 1 1 6 555 472 -1 -1 -1 0 
1842 1 5 12 573 467 -1 -1 -1 0 
1843 1 24 12 571 467 -1 -1 -1 0 
1844 1 30 1 570 475 -1 -1 -1 0 
1845 1 5 1 630 470 -1 -1 -1 0 
1846 1 0 6 636 464 -1 -1 -1 0 
1872 1 0 6 633 473 -1 -1 -1 0 
1873 1 5 4 629 468 -1 -1 -1 0 
1875 1 4 2 631 469 -1 -1 -1 0 
1876 1 3 4 635 469 -1 -1 -1 0 
1877 1 5 3 633 471 -1 -1 -1 0 
1878 1 1 4 637 472 -1 -1 -1 0 
1879 1 0 5 639 470 -1 -1 -1 0 
1880 1 0 3 639 475 -1 -1 -1 0 
1881 1 0 5 639 473 -1 -1 -1 0 
1882 1 0 5 637 468 -1 -1 -1 0 
1883 1 3 3 624 470 -1 -1 -1 0 
1884 1 6 7 614 468 -1 -1 -1 0 
1885 1 6 7 611 464 -1 -1 -1 0 
1886 1 8 5 604 467 -1 -1 -1 0 
1887 1 12 5 599 469 -1 -1 -1 0 
1888 1 14 4 594 472 -1 -1 -1 0 
1889 1 12 3 596 474 -1 -1 -1 0 
1890 1 6 2 553 474 -1 -1 -1 0 
1891 1 4 0 554 476 -1 -1 -1 0 
1892 1 7 0 540 475 -1 -1 -1 0 
1893 1 10 0 534 473 -1 -1 -1 0 
1894 1 9 0 530 470 -1 -1 -1 0 
1895 1 11 0 525 472 -1 -1 -1 0 
1896 1 12 0 518 473 -1 -1 -1 0 
1897 1 10 0 522 471 -1 -1 -1 0 
1898 1 12 0 519 473 -1 -1 -1 0 
1899 1 11 0 523 475 -1 -1 -1 0 
1900 1 15 0 512 477 -1 -1 -1 0 
1901 1 17 0 498 478 -1 -1 -1 0 
1902 1 14 0 497 478 -1 -1 -1 0 
1903 1 12 0 502 478 -1 -1 -1 0 
1904 1 12 0 501 478 -1 -1 -1 0 
1905 1 8 0 483 477 -1 -1 -1 0 
1906 1 6 0 482 477 -1 -1 -1 0 
1907 1 2 0 486 475 -1 -1 -1 0 
1908 1 2 0 481 476 -1 -1 -1 0 
1909 1 0 2 486 474 -1 -1 -1 0 
1910 1 0 10 482 463 -1 -1 -1 0 
1911 1 0 12 484 461 -1 -1 -1 0 
1912 1 0 12 481 460 -1 -1 -1 0 
1913 1 1 4 474 468 -1 -1 -1 0 
1914 1 2 2 476 471 -1 -1 -1 0 
1915 1 3 2 468 472 -1 -1 -1 0 
1916 1 3 2 464 473 -1 -1 -1 0 
1917 1 0 4 447 468 -1 -1 -1 0 
1918 1 0 4 449 470 -1 -1 -1 0 
1924 1 0 2 543 471 -1 -1 -1 0 
1925 1 0 5 579 462 -1 -1 -1 0 
1926 1 12 0 566 461 -1 -1 -1 0 
1927 1 17 0 566 461 -1 -1 -1 0 
1928 1 22 1 580 465 -1 -1 -1 0 
1929 1 31 1 560 468 -1 -1 -1 0 
1930 1 4 17 598 457 -1 -1 -1 0 
1931 1 4 14 610 458 -1 -1 -1 0 
1932 1 7 10 604 462 -1 -1 -1 0 
1933 1 5 4 622 467 -1 -1 -1 0 
1934 1 11 11 615 457 -1 -1 -1 0 
1935 1 18 15 605 451 -1 -1 -1 0 
1936 1 22 11 598 457 -1 -1 -1 0 
1937 1 19 13 602 453 -1 -1 -1 0 
1938 1 13 12 608 457 -1 -1 -1 0 
1939 1 10 18 611 451 -1 -1 -1 0 
1940 1 12 20 609 450 -1 -1 -1 0 
1941 1 15 2 609 459 -1 -1 -1 0 
1942 1 17 5 608 461 -1 -1 -1 0 
1943 1 15 0 612 476 -1 -1 -1 0 
1944 1 47 21 564 456 -1 -1 -1 0 
1945 1 43 23 564 456 -1 -1 -1 0 
1946 1 12 30 591 449 -1 -1 -1 0 
1947 1 3 18 603 447 -1 -1 -1 0 
1948 1 4 20 554 454 -1 -1 -1 0 
1949 1 0 24 563 452 -1 -1 -1 0 
1950 1 0 27 565 448 -1 -1 -1 0 
1951 1 0 27 570 448 -1 -1 -1 0 
1952 1 0 29 569 445 -1 -1 -1 0 
1953 1 0 29 572 444 -1 -1 -1 0 
1954 1 0 27 575 447 -1 -1 -1 0 
1955 1 3 29 578 444 -1 -1 -1 0 
1956 1 4 23 572 452 -1 -1 -1 0 
1957 1 5 22 570 452 -1 -1 -1 0 
1958 1 5 18 570 456 -1 -1 -1 0 
1959 1 17 5 570 464 -1 -1 -1 0 
1960 1 17 5 576 470 -1 -1 -1 0 
1961 1 21 5 569 470 -1 -1 -1 0 
1962 1 18 3 573 472 -1 -1 -1 0 
1963 1 16 4 579 470 -1 -1 -1 0 
1964 1 9 9 561 463 -1 -1 -1 0 
1965 1 6 9 558 464 -1 -1 -1 0 
1966 1 5 10 560 464 -1 -1 -1 0 
1967 1 7 6 559 468 -1 -1 -1 0 
1968 1 7 4 558 470 -1 -1 -1 0 
1969 1 7 3 558 470 -1 -1 -1 0 
1970 1 6 2 560 471 -1 -1 -1 0 
1971 1 6 2 561 471 -1 -1 -1 0 
1972 1 6 3 559 469 -1 -1 -1 0 
1973 1 5 4 561 468 -1 -1 -1 0 
1974 1 7 6 558 467 -1 -1 -1 0 
1975 1 7 7 557 466 -1 -1 -1 0 
1976 1 7 6 556 467 -1 -1 -1 0 
1977 1 7 7 556 466 -1 -1 -1 0 
1978 1 8 8 554 466 -1 -1 -1 0 
1979 1 8 8 553 466 -1 -1 -1 0 
1980 1 7 7 553 468 -1 -1 -1 0 
1981 1 6 6 556 468 -1 -1 -1 0 
1982 1 6 6 558 467 -1 -1 -1 0 
1983 1 6 6 556 467 -1 -1 -1 0 
1984 1 5 7 557 467 -1 -1 -1 0 
1985 1 4 7 560 467 -1 -1 -1 0 
1986 1 3 7 563 467 -1 -1 -1 0 
1987 1 2 9 567 466 -1 -1 -1 0 
1988 1 4 7 562 467 -1 -1 -1 0 
1989 1 4 10 562 465 -1 -1 -1 0 
1990 1 4 11 565 465 -1 -1 -1 0 
1991 1 6 15 561 462 -1 -1 -1 0 
1992 1 8 19 565 458 -1 -1 -1 0 
1993 1 6 23 573 451 -1 -1 -1 0 
1994 1 4 24 578 449 -1 -1 -1 0 
1995 1 5 28 574 445 -1 -1 -1 0 
1996 1 5 27 572 447 -1 -1 -1 0 
1997 1 4 25 566 450 -1 -1 -1 0 
1998 1 2 26 569 450 -1 -1 -1 0 
1999 1 2 26 565 450 -1 -1 -1 0 
2000 1 1 27 561 449 -1 -1 -1 0 
2001 1 4 28 562 448 -1 -1 -1 0 
2002 1 5 29 565 447 -1 -1 -1 0 
2003 1 9 28 561 449 -1 -1 -1 0 
2004 1 9 27 561 451 -1 -1 -1 0 
2005 1 5 29 572 448 -1 -1 -1 0 
2006 1 2 29 585 448 -1 -1 -1 0 
2007 1 0 30 582 447 -1 -1 -1 0 
2008 1 8 27 573 451 -1 -1 -1 0 
2009 1 11 25 594 450 -1 -1 -1 0 
2010 1 9 10 611 463 -1 -1 -1 0 
2011 1 3 12 618 458 -1 -1 -1 0 
2012 1 4 8 619 456 -1 -1 -1 0 
2013 1 7 23 607 448 -1 -1 -1 0 
2014 1 3 22 625 453 -1 -1 -1 0 
2015 1 0 7 630 459 -1 -1 -1 0 
2016 1 0 14 628 460 -1 -1 -1 0 
2017 1 0 13 635 461 -1 -1 -1 0 
2018 1 0 2 639 467 -1 -1 -1 0 
2019 1 0 0 637 462 -1 -1 -1 0 
2020 1 5 1 626 460 -1 -1 -1 0 
2021 1 1 20 638 450 -1 -1 -1 0 
2022 1 3 37 636 434 -1 -1 -1 0 
2023 1 0 38 639 434 -1 -1 -1 0 
2024 1 2 43 637 429 -1 -1 -1 0 
2025 1 0 45 639 427 -1 -1 -1 0 
2026 1 7 52 630 417 -1 -1 -1 0 
2027 1 6 55 631 413 -1 -1 -1 0 
2028 1 6 56 629 412 -1 -1 -1 0 
2029 1 7 54 632 416 -1 -1 -1 0 
2030 1 7 54 632 416 -1 -1 -1 0 
2031 1 8 48 631 422 -1 -1 -1 0 
2032 1 9 45 629 426 -1 -1 -1 0 
2033 1 9 45 630 426 -1 -1 -1 0 
2034 1 9 46 630 424 -1 -1 -1 0 
2035 1 9 46 630 424 -1 -1 -1 0 
2036 1 8 45 631 426 -1 -1 -1 0 
2037 1 8 45 631 426 -1 -1 -1 0 
2038 1 7 43 632 428 -1 -1 -1 0 
2039 1 7 45 632 425 -1 -1 -1 0 
2040 1 8 45 631 425 -1 -1 -1 0 
2041 1 9 45 630 426 -1 -1 -1 0 
2042 1 10 47 629 424 -1 -1 -1 0 
2043 1 9 44 630 427 -1 -1 -1 0 
2044 1 12 40 627 432 -1 -1 -1 0 
2045 1 11 35 628 438 -1 -1 -1 0 
2046 1 8 35 631 437 -1 -1 -1 0 
2047 1 8 33 631 440 -1 -1 -1 0 
2048 1 8 34 631 437 -1 -1 -1 0 
2049 1 8 35 631 436 -1 -1 -1 0 
2050 1 10 37 629 434 -1 -1 -1 0 
2051 1 7 30 632 443 -1 -1 -1 0 
2052 1 8 31 631 441 -1 -1 -1 0 
2053 1 12 26 627 447 -1 -1 -1 0 
2054 1 9 24 630 449 -1 -1 -1 0 
2055 1 13 2 622 470 -1 -1 -1 0 
2056 1 12 0 625 470 -1 -1 -1 0 
2057 1 14 0 620 469 -1 -1 -1 0 
2058 1 14 0 621 469 -1 -1 -1 0 
2059 1 13 0 622 469 -1 -1 -1 0 
2060 1 12 0 623 468 -1 -1 -1 0 
2061 1 11 0 625 469 -1 -1 -1 0 
2062 1 12 0 624 468 -1 -1 -1 0 
2063 1 12 0 624 469 -1 -1 -1 0 
2064 1 12 0 624 468 -1 -1 -1 0 
2065 1 12 0 623 468 -1 -1 -1 0 
2066 1 12 0 624 467 -1 -1 -1 0 
2067 1 12 0 625 467 -1 -1 -1 0 
2068 1 12 0 626 468 -1 -1 -1 0 
2069 1 14 0 623 469 -1 -1 -1 0 
2070 1 15 0 623 468 -1 -1 -1 0 
2071 1 16 0 622 468 -1 -1 -1 0 
2072 1 16 0 622 468 -1 -1 -1 0 
2073 1 16 0 622 468 -1 -1 -1 0 
2074 1 17 0 620 468 -1 -1 -1 0 
2075 1 17 0 620 467 -1 -1 -1 0 
2076 1 15 17 624 456 -1 -1 -1 0 
2077 1 16 18 623 458 -1 -1 -1 0 
2078 1 15 19 624 457 -1 -1 -1 0 
2079 1 15 19 624 457 -1 -1 -1 0 
2080 1 15 19 624 457 -1 -1 -1 0 
2081 1 20 21 619 454 -1 -1 -1 0 
2082 1 21 22 618 454 -1 -1 -1 0 
2083 1 18 21 621 456 -1 -1 -1 0 
2084 1 17 22 622 454 -1 -1 -1 0 
2085 1 18 22 621 454 -1 -1 -1 0 
2086 1 18 22 621 454 -1 -1 -1 0 
2087 1 17 23 622 453 -1 -1 -1 0 
2088 1 18 24 621 452 -1 -1 -1 0 
2089 1 18 24 621 452 -1 -1 -1 0 
2090 1 20 22 619 454 -1 -1 -1 0 
2091 1 20 22 619 454 -1 -1 -1 0 
2092 1 20 22 619 454 -1 -1 -1 0 
2093 1 21 2 613 467 -1 -1 -1 0 
2094 1 21 0 614 468 -1 -1 -1 0 
2095 1 21 0 615 467 -1 -1 -1 0 
2096 1 22 0 613 466 -1 -1 -1 0 
2097 1 21 0 614 466 -1 -1 -1 0 
2098 1 22 0 612 466 -1 -1 -1 0 
2099 1 22 0 612 466 -1 -1 -1 0 
2100 1 22 0 612 466 -1 -1 -1 0 
2101 1 21 0 612 468 -1 -1 -1 0 
2102 1 21 0 612 468 -1 -1 -1 0 
2103 1 20 0 613 468 -1 -1 -1 0 
2104 1 21 0 611 468 -1 -1 -1 0 
2105 1 21 0 612 468 -1 -1 -1 0 
2106 1 21 0 612 468 -1 -1 -1 0 
2107 1 20 0 613 468 -1 -1 -1 0 
2108 1 20 0 614 468 -1 -1 -1 0 
2109 1 23 0 610 469 -1 -1 -1 0 
2110 1 22 0 613 469 -1 -1 -1 0 
2111 1 22 0 613 468 -1 -1 -1 0 
2112 1 14 17 625 455 -1 -1 -1 0 
2113 1 22 2 610 468 -1 -1 -1 0 
2114 1 22 0 610 469 -1 -1 -1 0 
2115 1 25 0 606 468 -1 -1 -1 0 
2116 1 25 0 609 468 -1 -1 -1 0 
2117 1 25 0 609 468 -1 -1 -1 0 
2118 1 23 0 610 468 -1 -1 -1 0 
2119 1 23 0 610 468 -1 -1 -1 0 
2120 1 22 0 610 468 -1 -1 -1 0 
2121 1 22 0 614 467 -1 -1 -1 0 
2122 1 23 0 613 466 -1 -1 -1 0 
2123 1 23 0 613 466 -1 -1 -1 0 
2124 1 22 0 616 466 -1 -1 -1 0 
2125 1 23 0 616 465 -1 -1 -1 0 
2126 1 23 0 616 465 -1 -1 -1 0 
2127 1 16 16 623 458 -1 -1 -1 0 
2128 1 18 21 621 454 -1 -1 -1 0 
2129 1 20 15 619 462 -1 -1 -1 0 
2130 1 12 12 622 458 -1 -1 -1 0 
2131 1 9 7 625 464 -1 -1 -1 0 
2132 1 6 13 631 458 -1 -1 -1 0 
2133 1 6 12 631 462 -1 -1 -1 0 
2134 1 3 17 635 454 -1 -1 -1 0 
2135 1 9 21 622 453 -1 -1 -1 0 
2136 1 12 12 612 463 -1 -1 -1 0 
2137 1 10 10 618 457 -1 -1 -1 0 
2138 1 7 12 622 457 -1 -1 -1 0 
2139 1 12 16 608 459 -1 -1 -1 0 
2140 1 13 17 609 459 -1 -1 -1 0 
2141 1 7 18 621 456 -1 -1 -1 0 
2142 1 5 18 630 455 -1 -1 -1 0 
2143 1 5 6 626 465 -1 -1 -1 0 
2144 1 8 14 618 460 -1 -1 -1 0 
2145 1 0 2 639 461 -1 -1 -1 0 
2146 1 0 2 639 456 -1 -1 -1 0 
2147 1 0 0 639 460 -1 -1 -1 0 
2148 1 2 0 636 461 -1 -1 -1 0 
2149 1 0 0 637 461 -1 -1 -1 0 
2150 1 4 0 628 462 -1 -1 -1 0 
2151 1 22 0 617 469 -1 -1 -1 0 
2152 1 21 0 615 472 -1 -1 -1 0 
2153 1 50 0 586 477 -1 -1 -1 0 
2154 1 53 0 586 477 -1 -1 -1 0 
2155 1 67 0 559 468 -1 -1 -1 0 
2156 1 73 0 547 470 -1 -1 -1 0 
2157 1 81 0 538 471 -1 -1 -1 0 
2158 1 76 0 550 475 -1 -1 -1 0 
2159 1 75 0 555 471 -1 -1 -1 0 
2160 1 74 3 558 470 -1 -1 -1 0 
2161 1 75 0 555 472 -1 -1 -1 0 
2162 1 77 0 552 472 -1 -1 -1 0 
2163 1 67 0 562 463 -1 -1 -1 0 
2164 1 64 0 569 465 -1 -1 -1 0 
2165 1 57 0 576 466 -1 -1 -1 0 
2166 1 60 8 548 463 -1 -1 -1 0 
2167 1 62 1 544 471 -1 -1 -1 0 
2168 1 68 0 537 464 -1 -1 -1 0 
2169 1 59 0 540 470 -1 -1 -1 0 
2170 1 50 0 556 468 -1 -1 -1 0 
2171 1 32 0 580 473 -1 -1 -1 0 
2172 1 27 0 582 473 -1 -1 -1 0 
2173 1 18 0 592 471 -1 -1 -1 0 
2174 1 22 0 577 470 -1 -1 -1 0 
2175 1 23 0 573 472 -1 -1 -1 0 
2176 1 26 0 569 470 -1 -1 -1 0 
2177 1 23 1 575 474 -1 -1 -1 0 
2178 1 13 16 605 457 -1 -1 -1 0 
2179 1 3 21 625 452 -1 -1 -1 0 
2180 1 0 10 624 462 -1 -1 -1 0 
2181 1 2 8 618 464 -1 -1 -1 0 
2182 1 0 12 634 464 -1 -1 -1 0 
