3 1 0 1015 291 900 -1 -1 -1 0 
4 1 0 1003 291 912 -1 -1 -1 0 
5 1 0 1007 291 907 -1 -1 -1 0 
6 1 0 1014 289 897 -1 -1 -1 0 
7 1 0 1012 291 900 -1 -1 -1 0 
8 1 0 1017 292 896 -1 -1 -1 0 
9 1 0 1018 289 894 -1 -1 -1 0 
10 1 0 1021 291 892 -1 -1 -1 0 
11 1 0 1018 294 892 -1 -1 -1 0 
12 1 0 1015 297 893 -1 -1 -1 0 
13 1 0 1015 303 892 -1 -1 -1 0 
14 1 0 1022 312 886 -1 -1 -1 0 
15 1 0 1020 315 886 -1 -1 -1 0 
16 1 0 1023 320 884 -1 -1 -1 0 
17 1 0 1022 329 887 -1 -1 -1 0 
18 1 0 1029 334 881 -1 -1 -1 0 
19 1 0 1029 344 879 -1 -1 -1 0 
20 1 0 1035 356 875 -1 -1 -1 0 
21 1 0 1041 357 868 -1 -1 -1 0 
22 1 0 1042 365 863 -1 -1 -1 0 
23 1 0 1043 368 860 -1 -1 -1 0 
24 1 0 1040 371 862 -1 -1 -1 0 
25 1 0 1049 375 857 -1 -1 -1 0 
26 1 0 1051 379 855 -1 -1 -1 0 
27 1 0 1056 387 853 -1 -1 -1 0 
28 1 0 1060 394 850 -1 -1 -1 0 
29 1 0 1058 398 850 -1 -1 -1 0 
30 1 0 1053 407 855 -1 -1 -1 0 
31 1 0 1053 411 857 -1 -1 -1 0 
32 1 0 1054 414 856 -1 -1 -1 0 
33 1 0 1054 419 858 -1 -1 -1 0 
34 1 0 1053 426 859 -1 -1 -1 0 
35 1 0 1051 435 861 -1 -1 -1 0 
36 1 0 1050 446 861 -1 -1 -1 0 
37 1 1 1054 456 854 -1 -1 -1 0 
38 1 3 1049 462 857 -1 -1 -1 0 
39 1 5 1047 466 861 -1 -1 -1 0 
40 1 8 1048 476 861 -1 -1 -1 0 
41 1 16 1048 477 861 -1 -1 -1 0 
42 1 25 1056 472 853 -1 -1 -1 0 
43 1 36 1052 466 860 -1 -1 -1 0 
44 1 44 1046 467 867 -1 -1 -1 0 
45 1 54 1046 467 867 -1 -1 -1 0 
46 1 62 1052 469 861 -1 -1 -1 0 
47 1 76 1049 470 861 -1 -1 -1 0 
48 1 85 1055 473 854 -1 -1 -1 0 
49 1 97 1061 472 849 -1 -1 -1 0 
50 1 110 1057 477 852 -1 -1 -1 0 
51 1 124 1053 469 854 -1 -1 -1 0 
52 1 136 1055 461 859 -1 -1 -1 0 
53 1 142 1053 462 861 -1 -1 -1 0 
54 1 150 1049 462 867 -1 -1 -1 0 
55 1 159 1048 461 865 -1 -1 -1 0 
56 1 166 1047 462 862 -1 -1 -1 0 
57 1 175 1050 464 857 -1 -1 -1 0 
58 1 182 1052 467 857 -1 -1 -1 0 
59 1 186 1055 469 854 -1 -1 -1 0 
60 1 189 1056 470 852 -1 -1 -1 0 
61 1 188 1057 475 852 -1 -1 -1 0 
62 1 190 1052 478 859 -1 -1 -1 0 
63 1 189 1053 482 859 -1 -1 -1 0 
64 1 192 1052 480 861 -1 -1 -1 0 
65 1 191 1051 481 863 -1 -1 -1 0 
66 1 195 1050 479 865 -1 -1 -1 0 
67 1 195 1051 482 865 -1 -1 -1 0 
68 1 195 1049 487 865 -1 -1 -1 0 
69 1 201 1050 485 864 -1 -1 -1 0 
70 1 212 1045 478 865 -1 -1 -1 0 
71 1 218 1044 473 861 -1 -1 -1 0 
72 1 228 1042 467 867 -1 -1 -1 0 
73 1 235 1031 462 878 -1 -1 -1 0 
74 1 240 1021 463 891 -1 -1 -1 0 
75 1 255 1024 452 881 -1 -1 -1 0 
76 1 272 1029 442 875 -1 -1 -1 0 
77 1 284 1028 435 880 -1 -1 -1 0 
78 1 294 1027 428 882 -1 -1 -1 0 
79 1 305 1020 422 890 -1 -1 -1 0 
80 1 316 1013 418 895 -1 -1 -1 0 
81 1 325 999 419 914 -1 -1 -1 0 
82 1 339 979 407 933 -1 -1 -1 0 
83 1 347 978 401 937 -1 -1 -1 0 
84 1 353 971 401 928 -1 -1 -1 0 
85 1 359 965 394 938 -1 -1 -1 0 
86 1 366 960 391 931 -1 -1 -1 0 
87 1 374 952 380 942 -1 -1 -1 0 
88 1 382 946 373 945 -1 -1 -1 0 
89 1 384 942 373 948 -1 -1 -1 0 
90 1 390 942 372 930 -1 -1 -1 0 
91 1 395 938 370 931 -1 -1 -1 0 
92 1 399 933 364 934 -1 -1 -1 0 
93 1 402 940 362 919 -1 -1 -1 0 
94 1 405 936 361 914 -1 -1 -1 0 
95 1 407 932 359 919 -1 -1 -1 0 
96 1 409 932 353 927 -1 -1 -1 0 
97 1 408 937 344 930 -1 -1 -1 0 
98 1 404 925 345 959 -1 -1 -1 0 
99 1 402 933 342 956 -1 -1 -1 0 
100 1 400 933 340 970 -1 -1 -1 0 
101 1 395 931 341 969 -1 -1 -1 0 
102 1 394 930 339 969 -1 -1 -1 0 
103 1 396 930 332 963 -1 -1 -1 0 
104 1 397 929 326 962 -1 -1 -1 0 
105 1 391 931 321 954 -1 -1 -1 0 
106 1 387 932 322 955 -1 -1 -1 0 
107 1 384 932 322 949 -1 -1 -1 0 
108 1 381 924 322 941 -1 -1 -1 0 
