3 1 18 0 621 464 -1 -1 -1 0 
4 1 19 0 620 465 -1 -1 -1 0 
5 1 18 0 621 466 -1 -1 -1 0 
6 1 18 0 621 466 -1 -1 -1 0 
7 1 18 0 621 465 -1 -1 -1 0 
8 1 19 0 620 465 -1 -1 -1 0 
9 1 20 0 619 465 -1 -1 -1 0 
10 1 20 0 619 464 -1 -1 -1 0 
11 1 17 0 622 464 -1 -1 -1 0 
12 1 17 0 622 464 -1 -1 -1 0 
13 1 19 0 620 465 -1 -1 -1 0 
14 1 19 0 620 465 -1 -1 -1 0 
15 1 20 0 619 465 -1 -1 -1 0 
16 1 19 0 620 464 -1 -1 -1 0 
17 1 18 0 621 464 -1 -1 -1 0 
18 1 18 0 621 464 -1 -1 -1 0 
19 1 22 0 617 468 -1 -1 -1 0 
20 1 20 0 619 470 -1 -1 -1 0 
21 1 20 0 619 471 -1 -1 -1 0 
22 1 20 0 619 472 -1 -1 -1 0 
23 1 24 0 615 472 -1 -1 -1 0 
24 1 24 0 615 472 -1 -1 -1 0 
25 1 23 0 616 472 -1 -1 -1 0 
26 1 23 0 616 471 -1 -1 -1 0 
27 1 23 0 616 472 -1 -1 -1 0 
28 1 23 0 616 472 -1 -1 -1 0 
29 1 25 0 614 471 -1 -1 -1 0 
30 1 44 0 595 468 -1 -1 -1 0 
31 1 27 0 612 468 -1 -1 -1 0 
32 1 26 0 613 463 -1 -1 -1 0 
33 1 20 3 619 469 -1 -1 -1 0 
34 1 20 4 618 468 -1 -1 -1 0 
35 1 21 2 614 475 -1 -1 -1 0 
37 1 27 2 606 468 -1 -1 -1 0 
38 1 23 0 611 474 -1 -1 -1 0 
39 1 27 0 602 472 -1 -1 -1 0 
40 1 12 0 609 457 -1 -1 -1 0 
41 1 13 0 614 470 -1 -1 -1 0 
42 1 18 0 603 468 -1 -1 -1 0 
43 1 36 0 577 460 -1 -1 -1 0 
44 1 21 11 603 458 -1 -1 -1 0 
45 1 24 12 602 463 -1 -1 -1 0 
46 1 39 9 559 465 -1 -1 -1 0 
47 1 44 2 540 468 -1 -1 -1 0 
48 1 39 2 548 467 -1 -1 -1 0 
49 1 51 2 540 467 -1 -1 -1 0 
50 1 64 3 525 467 -1 -1 -1 0 
51 1 72 3 501 473 -1 -1 -1 0 
52 1 75 3 494 476 -1 -1 -1 0 
53 1 53 3 524 469 -1 -1 -1 0 
54 1 61 3 514 471 -1 -1 -1 0 
55 1 78 3 493 474 -1 -1 -1 0 
56 1 104 2 451 473 -1 -1 -1 0 
57 1 97 0 445 474 -1 -1 -1 0 
58 1 115 0 429 475 -1 -1 -1 0 
59 1 125 0 420 471 -1 -1 -1 0 
60 1 123 0 418 469 -1 -1 -1 0 
61 1 122 10 399 456 -1 -1 -1 0 
62 1 124 11 383 456 -1 -1 -1 0 
63 1 125 9 340 458 -1 -1 -1 0 
64 1 114 4 322 466 -1 -1 -1 0 
65 1 91 0 315 472 -1 -1 -1 0 
65 2 383 148 154 318 -1 -1 -1 0 
66 1 86 0 305 473 -1 -1 -1 0 
66 2 380 148 158 317 -1 -1 -1 0 
67 1 79 0 278 471 -1 -1 -1 0 
67 2 379 149 157 313 -1 -1 -1 0 
68 1 63 0 260 479 -1 -1 -1 0 
68 2 375 150 157 307 -1 -1 -1 0 
69 1 57 4 242 475 -1 -1 -1 0 
69 2 370 153 160 293 -1 -1 -1 0 
70 1 53 4 238 475 -1 -1 -1 0 
70 2 368 156 162 294 -1 -1 -1 0 
71 1 49 0 226 471 -1 -1 -1 0 
71 2 360 157 171 281 -1 -1 -1 0 
72 1 48 0 216 470 -1 -1 -1 0 
72 2 362 159 169 278 -1 -1 -1 0 
73 1 41 0 212 471 -1 -1 -1 0 
74 1 29 0 217 470 -1 -1 -1 0 
75 1 14 1 240 475 -1 -1 -1 0 
76 1 14 0 243 479 -1 -1 -1 0 
77 1 5 0 257 479 -1 -1 -1 0 
78 1 0 0 260 479 -1 -1 -1 0 
78 2 389 149 142 281 -1 -1 -1 0 
79 1 0 0 256 476 -1 -1 -1 0 
79 2 395 144 143 290 -1 -1 -1 0 
80 1 0 0 253 476 -1 -1 -1 0 
80 2 397 141 145 292 -1 -1 -1 0 
81 1 0 0 251 469 -1 -1 -1 0 
81 2 393 132 144 293 -1 -1 -1 0 
82 1 0 3 250 461 -1 -1 -1 0 
82 2 387 127 146 300 -1 -1 -1 0 
83 1 0 0 252 473 -1 -1 -1 0 
83 2 371 132 155 297 -1 -1 -1 0 
84 1 2 0 252 479 -1 -1 -1 0 
84 2 309 126 213 344 -1 -1 -1 0 
85 1 4 0 251 479 -1 -1 -1 0 
85 2 308 136 206 335 -1 -1 -1 0 
86 1 8 0 249 479 -1 -1 -1 0 
86 2 320 139 187 329 -1 -1 -1 0 
87 1 9 0 250 479 -1 -1 -1 0 
87 2 321 138 189 336 -1 -1 -1 0 
88 1 4 0 257 479 -1 -1 -1 0 
88 2 334 119 196 317 -1 -1 -1 0 
89 1 3 0 259 479 -1 -1 -1 0 
89 2 340 119 193 305 -1 -1 -1 0 
90 1 5 0 256 475 -1 -1 -1 0 
90 2 345 116 193 322 -1 -1 -1 0 
91 1 8 0 253 470 -1 -1 -1 0 
91 2 343 114 196 324 -1 -1 -1 0 
92 1 19 0 242 479 -1 -1 -1 0 
93 1 32 1 230 475 -1 -1 -1 0 
94 1 36 0 224 475 -1 -1 -1 0 
95 1 34 0 228 477 -1 -1 -1 0 
96 1 33 0 228 476 -1 -1 -1 0 
97 1 31 4 229 475 -1 -1 -1 0 
98 1 32 4 223 475 -1 -1 -1 0 
98 4 363 133 173 295 -1 -1 -1 0 
99 1 33 2 223 477 -1 -1 -1 0 
99 4 359 148 169 299 -1 -1 -1 0 
100 1 24 0 231 477 -1 -1 -1 0 
100 4 355 155 278 319 -1 -1 -1 0 
101 1 21 0 233 475 -1 -1 -1 0 
101 4 365 158 274 319 -1 -1 -1 0 
102 1 22 0 231 476 -1 -1 -1 0 
103 1 22 0 229 473 -1 -1 -1 0 
104 1 35 1 212 474 -1 -1 -1 0 
105 1 37 3 209 470 -1 -1 -1 0 
105 2 382 122 182 303 -1 -1 -1 0 
106 1 37 1 210 473 -1 -1 -1 0 
106 2 385 122 181 302 -1 -1 -1 0 
107 1 35 0 223 474 -1 -1 -1 0 
108 1 37 0 226 478 -1 -1 -1 0 
109 1 38 0 230 477 -1 -1 -1 0 
109 2 403 133 142 312 -1 -1 -1 0 
110 1 41 0 230 478 -1 -1 -1 0 
110 2 407 137 134 305 -1 -1 -1 0 
110 5 246 134 323 345 -1 -1 -1 0 
111 1 43 0 233 479 -1 -1 -1 0 
111 2 409 139 129 304 -1 -1 -1 0 
111 5 247 134 322 345 -1 -1 -1 0 
112 1 41 0 243 479 -1 -1 -1 0 
112 2 402 137 126 307 -1 -1 -1 0 
113 1 41 0 247 478 -1 -1 -1 0 
113 2 396 135 130 307 -1 -1 -1 0 
114 1 44 0 252 476 -1 -1 -1 0 
114 2 395 135 129 310 -1 -1 -1 0 
115 1 46 0 252 476 -1 -1 -1 0 
115 2 390 135 137 307 -1 -1 -1 0 
116 1 48 0 251 477 -1 -1 -1 0 
116 2 387 136 139 306 -1 -1 -1 0 
117 1 48 0 251 478 -1 -1 -1 0 
117 2 377 140 149 297 -1 -1 -1 0 
118 1 49 0 250 478 -1 -1 -1 0 
118 2 377 140 149 296 -1 -1 -1 0 
119 1 49 0 249 478 -1 -1 -1 0 
119 2 374 140 152 294 -1 -1 -1 0 
120 1 48 0 250 479 -1 -1 -1 0 
120 2 371 140 154 292 -1 -1 -1 0 
120 5 254 137 281 332 -1 -1 -1 0 
121 1 45 0 246 479 -1 -1 -1 0 
121 5 256 137 279 336 -1 -1 -1 0 
122 1 42 0 247 479 -1 -1 -1 0 
122 2 270 138 262 334 -1 -1 -1 0 
122 5 254 137 278 335 -1 -1 -1 0 
123 1 43 0 243 479 -1 -1 -1 0 
123 2 261 140 271 336 -1 -1 -1 0 
124 1 43 0 243 479 -1 -1 -1 0 
124 2 281 141 246 333 -1 -1 -1 0 
125 1 42 0 243 479 -1 -1 -1 0 
125 2 270 141 261 336 -1 -1 -1 0 
126 1 40 0 245 479 -1 -1 -1 0 
126 2 262 141 272 336 -1 -1 -1 0 
127 1 38 0 246 479 -1 -1 -1 0 
127 2 254 140 282 338 -1 -1 -1 0 
128 1 36 0 247 477 -1 -1 -1 0 
128 2 263 140 271 336 -1 -1 -1 0 
129 1 35 0 247 474 -1 -1 -1 0 
129 2 256 142 280 334 -1 -1 -1 0 
130 1 33 0 249 476 -1 -1 -1 0 
130 2 258 141 277 334 -1 -1 -1 0 
131 1 32 0 249 475 -1 -1 -1 0 
131 2 267 140 269 331 -1 -1 -1 0 
132 1 30 0 249 475 -1 -1 -1 0 
132 2 262 140 274 332 -1 -1 -1 0 
133 1 38 0 232 475 -1 -1 -1 0 
134 1 38 0 232 476 -1 -1 -1 0 
134 2 380 138 152 316 -1 -1 -1 0 
135 1 39 0 229 477 -1 -1 -1 0 
135 2 384 135 150 317 -1 -1 -1 0 
136 1 39 0 229 476 -1 -1 -1 0 
136 2 390 134 146 315 -1 -1 -1 0 
137 1 40 0 228 474 -1 -1 -1 0 
137 2 398 135 148 309 -1 -1 -1 0 
138 1 39 0 228 475 -1 -1 -1 0 
138 2 399 134 152 307 -1 -1 -1 0 
139 1 32 0 241 475 -1 -1 -1 0 
139 2 400 131 155 311 -1 -1 -1 0 
140 1 38 0 229 474 -1 -1 -1 0 
140 2 402 130 152 309 -1 -1 -1 0 
141 1 37 0 230 474 -1 -1 -1 0 
141 2 404 126 155 303 -1 -1 -1 0 
142 1 38 0 229 474 -1 -1 -1 0 
142 2 405 127 153 302 -1 -1 -1 0 
143 1 33 0 239 474 -1 -1 -1 0 
143 2 409 134 138 305 -1 -1 -1 0 
144 1 38 0 229 475 -1 -1 -1 0 
144 2 411 139 136 300 -1 -1 -1 0 
145 1 31 0 240 475 -1 -1 -1 0 
145 2 410 139 132 300 -1 -1 -1 0 
146 1 31 0 240 474 -1 -1 -1 0 
146 2 411 140 130 299 -1 -1 -1 0 
147 1 31 0 240 474 -1 -1 -1 0 
147 2 253 137 301 339 -1 -1 -1 0 
148 1 31 0 239 474 -1 -1 -1 0 
148 2 377 136 143 316 -1 -1 -1 0 
148 5 244 134 302 344 -1 -1 -1 0 
149 1 32 0 239 474 -1 -1 -1 0 
149 2 378 136 150 318 -1 -1 -1 0 
149 5 244 135 303 344 -1 -1 -1 0 
150 1 32 0 240 475 -1 -1 -1 0 
150 2 375 136 160 320 -1 -1 -1 0 
151 1 33 0 239 475 -1 -1 -1 0 
152 1 33 0 240 476 -1 -1 -1 0 
153 1 33 0 240 475 -1 -1 -1 0 
154 1 34 0 240 475 -1 -1 -1 0 
155 1 34 0 240 475 -1 -1 -1 0 
156 1 34 0 240 476 -1 -1 -1 0 
157 1 34 0 240 476 -1 -1 -1 0 
158 1 34 0 240 475 -1 -1 -1 0 
158 2 335 147 195 316 -1 -1 -1 0 
159 1 34 0 240 476 -1 -1 -1 0 
159 2 335 148 195 317 -1 -1 -1 0 
160 1 34 0 240 477 -1 -1 -1 0 
160 2 333 149 198 317 -1 -1 -1 0 
161 1 35 0 239 477 -1 -1 -1 0 
161 2 327 149 205 317 -1 -1 -1 0 
162 1 35 0 239 476 -1 -1 -1 0 
162 2 325 148 206 319 -1 -1 -1 0 
163 1 35 0 240 476 -1 -1 -1 0 
163 2 321 148 212 320 -1 -1 -1 0 
164 1 34 0 241 476 -1 -1 -1 0 
165 1 34 0 241 475 -1 -1 -1 0 
165 2 359 150 170 301 -1 -1 -1 0 
166 1 35 0 239 474 -1 -1 -1 0 
166 2 359 151 172 299 -1 -1 -1 0 
167 1 35 0 240 474 -1 -1 -1 0 
168 1 34 0 240 474 -1 -1 -1 0 
168 2 361 151 170 288 -1 -1 -1 0 
169 1 36 0 237 475 -1 -1 -1 0 
169 2 362 150 169 290 -1 -1 -1 0 
170 1 35 0 238 475 -1 -1 -1 0 
170 2 362 150 171 288 -1 -1 -1 0 
171 1 35 0 238 475 -1 -1 -1 0 
172 1 36 0 238 475 -1 -1 -1 0 
173 1 35 0 238 476 -1 -1 -1 0 
174 1 36 0 237 476 -1 -1 -1 0 
175 1 36 0 237 476 -1 -1 -1 0 
176 1 36 0 237 476 -1 -1 -1 0 
177 1 42 0 226 478 -1 -1 -1 0 
178 1 37 0 237 476 -1 -1 -1 0 
179 1 42 0 226 478 -1 -1 -1 0 
179 2 280 142 252 319 -1 -1 -1 0 
180 1 42 0 226 479 -1 -1 -1 0 
180 2 283 142 247 320 -1 -1 -1 0 
181 1 36 0 238 477 -1 -1 -1 0 
181 2 281 143 249 320 -1 -1 -1 0 
182 1 41 0 227 477 -1 -1 -1 0 
182 2 278 142 252 322 -1 -1 -1 0 
183 1 42 0 226 479 -1 -1 -1 0 
183 2 286 142 244 321 -1 -1 -1 0 
184 1 42 0 225 479 -1 -1 -1 0 
184 2 289 144 242 320 -1 -1 -1 0 
185 1 36 0 238 476 -1 -1 -1 0 
185 2 294 143 236 319 -1 -1 -1 0 
186 1 41 0 227 478 -1 -1 -1 0 
186 2 297 142 234 320 -1 -1 -1 0 
187 1 35 0 239 477 -1 -1 -1 0 
187 2 294 141 237 321 -1 -1 -1 0 
188 1 41 0 227 478 -1 -1 -1 0 
188 2 284 143 247 320 -1 -1 -1 0 
189 1 42 0 226 478 -1 -1 -1 0 
189 2 281 143 251 321 -1 -1 -1 0 
190 1 36 0 238 476 -1 -1 -1 0 
191 1 36 0 239 475 -1 -1 -1 0 
192 1 42 0 227 477 -1 -1 -1 0 
192 2 362 148 165 288 -1 -1 -1 0 
193 1 35 0 240 475 -1 -1 -1 0 
193 2 364 149 164 285 -1 -1 -1 0 
194 1 35 0 240 475 -1 -1 -1 0 
194 2 364 149 164 286 -1 -1 -1 0 
195 1 40 0 230 477 -1 -1 -1 0 
195 2 364 150 164 284 -1 -1 -1 0 
196 1 34 0 242 473 -1 -1 -1 0 
196 2 364 151 164 282 -1 -1 -1 0 
197 1 40 0 230 476 -1 -1 -1 0 
197 2 363 152 165 282 -1 -1 -1 0 
198 1 34 0 242 474 -1 -1 -1 0 
198 2 363 151 164 283 -1 -1 -1 0 
199 1 34 0 242 473 -1 -1 -1 0 
199 2 364 151 165 282 -1 -1 -1 0 
200 1 34 0 242 472 -1 -1 -1 0 
200 2 367 151 163 281 -1 -1 -1 0 
201 1 33 0 244 472 -1 -1 -1 0 
201 2 363 151 166 282 -1 -1 -1 0 
202 1 34 0 242 474 -1 -1 -1 0 
202 2 363 151 166 282 -1 -1 -1 0 
203 1 34 0 242 474 -1 -1 -1 0 
203 2 364 151 165 282 -1 -1 -1 0 
204 1 33 0 244 473 -1 -1 -1 0 
204 2 364 152 164 281 -1 -1 -1 0 
205 1 33 0 243 473 -1 -1 -1 0 
205 2 364 152 164 281 -1 -1 -1 0 
206 1 32 0 243 474 -1 -1 -1 0 
206 2 365 152 163 281 -1 -1 -1 0 
207 1 32 0 244 474 -1 -1 -1 0 
207 2 364 151 163 282 -1 -1 -1 0 
208 1 32 0 244 474 -1 -1 -1 0 
208 2 364 151 164 282 -1 -1 -1 0 
209 1 40 0 230 476 -1 -1 -1 0 
209 2 364 151 163 282 -1 -1 -1 0 
210 1 33 0 244 475 -1 -1 -1 0 
210 2 364 151 163 282 -1 -1 -1 0 
211 1 32 0 245 474 -1 -1 -1 0 
211 2 364 150 163 283 -1 -1 -1 0 
212 1 33 0 243 475 -1 -1 -1 0 
212 2 364 151 163 283 -1 -1 -1 0 
213 1 33 0 244 475 -1 -1 -1 0 
213 2 364 151 164 282 -1 -1 -1 0 
214 1 33 0 244 474 -1 -1 -1 0 
214 2 364 151 164 281 -1 -1 -1 0 
215 1 32 0 244 474 -1 -1 -1 0 
216 1 33 0 243 474 -1 -1 -1 0 
217 1 34 0 243 475 -1 -1 -1 0 
217 2 365 151 162 284 -1 -1 -1 0 
218 1 33 0 244 475 -1 -1 -1 0 
218 2 364 154 164 281 -1 -1 -1 0 
219 1 34 0 244 475 -1 -1 -1 0 
219 2 365 154 163 281 -1 -1 -1 0 
220 1 34 0 243 474 -1 -1 -1 0 
221 1 33 0 245 475 -1 -1 -1 0 
222 1 32 0 245 475 -1 -1 -1 0 
223 1 32 0 245 475 -1 -1 -1 0 
224 1 33 0 244 476 -1 -1 -1 0 
225 1 33 0 244 476 -1 -1 -1 0 
226 1 33 0 245 476 -1 -1 -1 0 
227 1 33 0 245 477 -1 -1 -1 0 
228 1 32 0 245 475 -1 -1 -1 0 
229 1 39 0 233 475 -1 -1 -1 0 
230 1 38 0 235 476 -1 -1 -1 0 
231 1 33 0 246 476 -1 -1 -1 0 
232 1 32 0 248 473 -1 -1 -1 0 
233 1 39 0 236 476 -1 -1 -1 0 
234 1 41 0 233 477 -1 -1 -1 0 
235 1 42 0 233 476 -1 -1 -1 0 
236 1 42 0 232 475 -1 -1 -1 0 
237 1 43 0 231 475 -1 -1 -1 0 
238 1 43 0 231 475 -1 -1 -1 0 
239 1 42 0 233 474 -1 -1 -1 0 
240 1 42 0 233 474 -1 -1 -1 0 
241 1 43 0 231 473 -1 -1 -1 0 
242 1 43 0 230 473 -1 -1 -1 0 
242 2 366 153 164 283 -1 -1 -1 0 
243 1 44 0 228 475 -1 -1 -1 0 
243 2 365 152 166 283 -1 -1 -1 0 
244 1 43 0 229 475 -1 -1 -1 0 
245 1 44 0 228 476 -1 -1 -1 0 
246 1 43 0 231 476 -1 -1 -1 0 
247 1 43 0 230 475 -1 -1 -1 0 
248 1 44 0 229 476 -1 -1 -1 0 
249 1 43 0 230 475 -1 -1 -1 0 
250 1 43 0 231 474 -1 -1 -1 0 
251 1 43 0 233 476 -1 -1 -1 0 
252 1 44 0 231 476 -1 -1 -1 0 
253 1 45 0 229 475 -1 -1 -1 0 
254 1 44 0 231 474 -1 -1 -1 0 
255 1 44 0 231 475 -1 -1 -1 0 
256 1 37 0 243 474 -1 -1 -1 0 
257 1 35 0 246 474 -1 -1 -1 0 
258 1 42 0 232 474 -1 -1 -1 0 
258 2 366 152 166 284 -1 -1 -1 0 
259 1 35 0 245 474 -1 -1 -1 0 
259 2 367 153 165 283 -1 -1 -1 0 
260 1 42 0 232 474 -1 -1 -1 0 
260 2 367 153 165 283 -1 -1 -1 0 
261 1 42 0 232 473 -1 -1 -1 0 
262 1 41 0 233 473 -1 -1 -1 0 
263 1 42 0 233 473 -1 -1 -1 0 
264 1 42 0 232 474 -1 -1 -1 0 
265 1 36 0 245 477 -1 -1 -1 0 
265 2 367 156 165 280 -1 -1 -1 0 
266 1 45 0 231 476 -1 -1 -1 0 
266 2 368 156 164 279 -1 -1 -1 0 
267 1 39 0 245 476 -1 -1 -1 0 
267 2 368 155 164 280 -1 -1 -1 0 
268 1 37 0 249 478 -1 -1 -1 0 
268 2 368 156 164 279 -1 -1 -1 0 
269 1 39 0 248 478 -1 -1 -1 0 
269 2 368 156 164 280 -1 -1 -1 0 
270 1 40 0 249 478 -1 -1 -1 0 
270 2 368 156 163 281 -1 -1 -1 0 
271 1 43 0 252 477 -1 -1 -1 0 
271 2 367 156 166 281 -1 -1 -1 0 
272 1 47 0 253 477 -1 -1 -1 0 
272 2 367 156 166 281 -1 -1 -1 0 
273 1 50 0 250 478 -1 -1 -1 0 
273 2 367 156 166 279 -1 -1 -1 0 
274 1 51 0 250 477 -1 -1 -1 0 
274 2 368 155 164 280 -1 -1 -1 0 
275 1 52 0 251 478 -1 -1 -1 0 
275 2 367 155 166 280 -1 -1 -1 0 
276 1 56 0 248 478 -1 -1 -1 0 
276 2 365 156 167 278 -1 -1 -1 0 
277 1 65 1 236 478 -1 -1 -1 0 
277 2 367 156 165 279 -1 -1 -1 0 
278 1 59 0 248 479 -1 -1 -1 0 
278 2 366 157 166 277 -1 -1 -1 0 
279 1 64 0 239 479 -1 -1 -1 0 
279 2 368 155 164 280 -1 -1 -1 0 
280 1 66 0 239 479 -1 -1 -1 0 
280 2 367 154 165 281 -1 -1 -1 0 
281 1 67 0 239 478 -1 -1 -1 0 
281 2 369 153 163 283 -1 -1 -1 0 
282 1 61 0 251 478 -1 -1 -1 0 
282 2 369 152 163 284 -1 -1 -1 0 
283 1 60 0 252 479 -1 -1 -1 0 
284 1 59 0 254 479 -1 -1 -1 0 
285 1 58 0 256 479 -1 -1 -1 0 
286 1 58 0 256 479 -1 -1 -1 0 
287 1 59 0 254 479 -1 -1 -1 0 
287 2 233 124 316 355 -1 -1 -1 0 
288 1 67 0 240 479 -1 -1 -1 0 
288 2 221 127 334 345 -1 -1 -1 0 
289 1 68 0 241 479 -1 -1 -1 0 
289 2 232 132 321 333 -1 -1 -1 0 
290 1 67 0 243 479 -1 -1 -1 0 
290 2 231 129 322 336 -1 -1 -1 0 
291 1 66 0 246 478 -1 -1 -1 0 
291 2 246 137 317 326 -1 -1 -1 0 
292 1 63 0 250 479 -1 -1 -1 0 
292 2 253 138 324 336 -1 -1 -1 0 
293 1 62 0 252 479 -1 -1 -1 0 
293 2 249 137 338 342 -1 -1 -1 0 
294 1 68 0 244 479 -1 -1 -1 0 
294 2 247 144 340 333 -1 -1 -1 0 
295 1 67 0 246 479 -1 -1 -1 0 
295 2 251 152 332 325 -1 -1 -1 0 
296 1 66 0 247 479 -1 -1 -1 0 
296 2 256 151 323 325 -1 -1 -1 0 
297 1 62 0 249 479 -1 -1 -1 0 
297 2 281 155 298 316 -1 -1 -1 0 
298 1 60 0 245 479 -1 -1 -1 0 
298 2 306 159 273 310 -1 -1 -1 0 
299 1 58 0 246 479 -1 -1 -1 0 
299 2 304 162 276 305 -1 -1 -1 0 
300 1 51 0 257 479 -1 -1 -1 0 
300 2 304 164 282 304 -1 -1 -1 0 
301 1 48 0 259 479 -1 -1 -1 0 
301 2 315 164 274 302 -1 -1 -1 0 
302 1 46 0 258 479 -1 -1 -1 0 
302 2 306 167 284 302 -1 -1 -1 0 
303 1 43 0 259 479 -1 -1 -1 0 
303 2 301 168 291 305 -1 -1 -1 0 
304 1 42 0 258 479 -1 -1 -1 0 
304 2 266 171 348 308 -1 -1 -1 0 
305 1 40 0 261 479 -1 -1 -1 0 
305 2 378 170 222 307 -1 -1 -1 0 
306 1 41 0 252 479 -1 -1 -1 0 
306 2 387 169 216 308 -1 -1 -1 0 
307 1 37 0 255 479 -1 -1 -1 0 
307 2 383 168 220 309 -1 -1 -1 0 
308 1 32 0 262 479 -1 -1 -1 0 
308 2 386 167 216 311 -1 -1 -1 0 
309 1 38 0 255 479 -1 -1 -1 0 
309 2 379 163 227 315 -1 -1 -1 0 
310 1 42 0 261 479 -1 -1 -1 0 
310 2 379 162 230 317 -1 -1 -1 0 
311 1 21 0 295 479 -1 -1 -1 0 
311 2 379 166 231 311 -1 -1 -1 0 
312 1 15 0 306 479 -1 -1 -1 0 
312 2 380 168 228 309 -1 -1 -1 0 
313 1 19 0 302 477 -1 -1 -1 0 
313 2 380 168 233 311 -1 -1 -1 0 
314 1 20 0 300 477 -1 -1 -1 0 
314 2 374 168 242 311 -1 -1 -1 0 
315 1 23 0 283 477 -1 -1 -1 0 
315 2 366 170 262 309 -1 -1 -1 0 
316 1 24 0 281 478 -1 -1 -1 0 
316 2 362 170 273 309 -1 -1 -1 0 
317 1 30 0 268 477 -1 -1 -1 0 
317 2 347 167 285 307 -1 -1 -1 0 
318 1 30 0 268 476 -1 -1 -1 0 
318 2 347 167 285 307 -1 -1 -1 0 
319 1 31 0 264 475 -1 -1 -1 0 
319 2 326 168 307 304 -1 -1 -1 0 
320 1 28 0 271 475 -1 -1 -1 0 
320 2 361 170 265 307 -1 -1 -1 0 
321 1 28 0 271 474 -1 -1 -1 0 
321 2 362 171 266 307 -1 -1 -1 0 
322 1 30 0 267 469 -1 -1 -1 0 
322 2 322 169 310 309 -1 -1 -1 0 
323 1 29 0 267 468 -1 -1 -1 0 
323 2 321 169 311 310 -1 -1 -1 0 
324 1 30 0 269 470 -1 -1 -1 0 
324 2 372 168 243 307 -1 -1 -1 0 
325 1 30 0 269 470 -1 -1 -1 0 
325 2 373 169 244 307 -1 -1 -1 0 
326 1 35 0 263 473 -1 -1 -1 0 
326 2 345 168 271 309 -1 -1 -1 0 
327 1 37 0 262 473 -1 -1 -1 0 
327 2 353 165 259 312 -1 -1 -1 0 
328 1 47 0 248 473 -1 -1 -1 0 
328 2 441 172 178 303 -1 -1 -1 0 
329 1 48 0 248 473 -1 -1 -1 0 
329 2 444 173 178 302 -1 -1 -1 0 
330 1 48 0 249 474 -1 -1 -1 0 
330 2 455 166 167 310 -1 -1 -1 0 
331 1 48 0 250 473 -1 -1 -1 0 
331 2 353 168 273 308 -1 -1 -1 0 
332 1 49 0 249 474 -1 -1 -1 0 
332 2 349 162 273 316 -1 -1 -1 0 
333 1 49 0 250 475 -1 -1 -1 0 
333 2 348 162 275 317 -1 -1 -1 0 
334 1 47 0 255 478 -1 -1 -1 0 
334 2 353 164 265 315 -1 -1 -1 0 
335 1 46 0 262 477 -1 -1 -1 0 
335 2 445 162 170 315 -1 -1 -1 0 
336 1 48 0 263 478 -1 -1 -1 0 
336 2 384 167 234 312 -1 -1 -1 0 
337 1 50 0 263 479 -1 -1 -1 0 
337 2 435 164 179 312 -1 -1 -1 0 
337 7 359 228 126 247 -1 -1 -1 0 
338 1 51 0 263 479 -1 -1 -1 0 
338 2 437 164 179 312 -1 -1 -1 0 
338 7 358 227 128 249 -1 -1 -1 0 
339 1 51 0 264 479 -1 -1 -1 0 
339 2 387 179 229 300 -1 -1 -1 0 
339 7 362 217 125 257 -1 -1 -1 0 
340 1 51 0 264 479 -1 -1 -1 0 
340 2 386 181 228 298 -1 -1 -1 0 
340 7 361 216 127 259 -1 -1 -1 0 
341 1 57 0 262 479 -1 -1 -1 0 
341 2 443 159 170 320 -1 -1 -1 0 
341 7 369 207 135 272 -1 -1 -1 0 
342 1 58 0 262 479 -1 -1 -1 0 
342 2 444 158 170 321 -1 -1 -1 0 
342 7 369 206 136 273 -1 -1 -1 0 
343 1 60 0 265 479 -1 -1 -1 0 
343 2 450 160 170 319 -1 -1 -1 0 
343 7 378 205 165 273 -1 -1 -1 0 
344 1 60 0 265 479 -1 -1 -1 0 
344 7 380 205 164 273 -1 -1 -1 0 
345 1 57 0 271 479 -1 -1 -1 0 
345 7 380 186 199 293 -1 -1 -1 0 
346 1 59 0 267 479 -1 -1 -1 0 
346 7 381 196 178 282 -1 -1 -1 0 
347 1 60 0 267 479 -1 -1 -1 0 
347 7 381 196 178 282 -1 -1 -1 0 
348 1 60 0 267 479 -1 -1 -1 0 
348 7 381 196 178 282 -1 -1 -1 0 
349 1 44 0 282 479 -1 -1 -1 0 
349 7 380 186 194 293 -1 -1 -1 0 
350 1 43 0 282 479 -1 -1 -1 0 
350 7 380 185 195 294 -1 -1 -1 0 
351 1 27 0 288 479 -1 -1 -1 0 
351 7 381 183 200 296 -1 -1 -1 0 
352 1 24 0 288 479 -1 -1 -1 0 
352 7 382 183 200 296 -1 -1 -1 0 
353 1 7 0 250 471 -1 -1 -1 0 
353 7 386 173 202 306 -1 -1 -1 0 
354 1 0 0 250 471 -1 -1 -1 0 
354 7 386 172 203 307 -1 -1 -1 0 
355 1 0 2 239 469 -1 -1 -1 0 
355 7 386 170 204 309 -1 -1 -1 0 
356 1 0 1 238 469 -1 -1 -1 0 
356 7 387 170 203 309 -1 -1 -1 0 
357 1 0 1 238 469 -1 -1 -1 0 
357 7 387 170 203 309 -1 -1 -1 0 
358 1 0 0 222 468 -1 -1 -1 0 
358 7 388 170 198 309 -1 -1 -1 0 
359 1 0 0 222 467 -1 -1 -1 0 
359 7 389 170 198 309 -1 -1 -1 0 
360 1 0 0 222 469 -1 -1 -1 0 
360 7 388 172 196 307 -1 -1 -1 0 
361 1 0 0 226 474 -1 -1 -1 0 
361 7 390 179 182 300 -1 -1 -1 0 
362 1 0 0 226 474 -1 -1 -1 0 
362 7 391 179 181 300 -1 -1 -1 0 
363 1 0 0 229 469 -1 -1 -1 0 
363 7 391 179 180 298 -1 -1 -1 0 
364 1 0 0 229 468 -1 -1 -1 0 
364 7 391 179 180 298 -1 -1 -1 0 
365 1 0 0 236 472 -1 -1 -1 0 
365 7 391 166 184 313 -1 -1 -1 0 
366 1 3 0 260 473 -1 -1 -1 0 
366 7 390 164 183 315 -1 -1 -1 0 
367 1 5 0 271 473 -1 -1 -1 0 
367 7 388 165 184 314 -1 -1 -1 0 
368 1 12 0 263 473 -1 -1 -1 0 
368 7 385 169 185 310 -1 -1 -1 0 
369 1 18 0 259 473 -1 -1 -1 0 
369 7 384 170 186 309 -1 -1 -1 0 
370 1 23 0 257 473 -1 -1 -1 0 
370 7 387 166 182 313 -1 -1 -1 0 
371 1 25 0 262 473 -1 -1 -1 0 
371 7 383 172 186 307 -1 -1 -1 0 
372 1 27 0 266 474 -1 -1 -1 0 
372 7 382 174 186 305 -1 -1 -1 0 
373 1 29 0 282 476 -1 -1 -1 0 
373 7 381 175 185 304 -1 -1 -1 0 
374 1 34 0 283 473 -1 -1 -1 0 
374 7 379 175 187 304 -1 -1 -1 0 
375 1 37 0 283 475 -1 -1 -1 0 
375 7 379 176 186 303 -1 -1 -1 0 
376 1 43 0 281 479 -1 -1 -1 0 
376 7 379 176 186 303 -1 -1 -1 0 
377 1 51 0 273 473 -1 -1 -1 0 
377 7 379 176 186 303 -1 -1 -1 0 
378 1 56 0 267 471 -1 -1 -1 0 
378 7 381 177 182 302 -1 -1 -1 0 
379 1 58 0 266 472 -1 -1 -1 0 
379 7 381 176 182 303 -1 -1 -1 0 
380 1 64 0 262 475 -1 -1 -1 0 
380 7 381 178 183 301 -1 -1 -1 0 
381 1 64 0 267 475 -1 -1 -1 0 
381 7 381 177 182 302 -1 -1 -1 0 
382 1 61 0 279 478 -1 -1 -1 0 
382 7 380 179 184 300 -1 -1 -1 0 
383 1 69 0 265 474 -1 -1 -1 0 
383 7 380 179 184 300 -1 -1 -1 0 
384 1 65 0 276 477 -1 -1 -1 0 
384 7 379 178 185 301 -1 -1 -1 0 
385 1 67 0 277 479 -1 -1 -1 0 
385 7 379 179 185 300 -1 -1 -1 0 
386 1 68 0 276 479 -1 -1 -1 0 
386 7 379 179 186 300 -1 -1 -1 0 
387 1 67 0 279 479 -1 -1 -1 0 
387 7 380 179 186 300 -1 -1 -1 0 
388 1 72 1 269 473 -1 -1 -1 0 
388 7 379 179 188 300 -1 -1 -1 0 
389 1 73 1 267 472 -1 -1 -1 0 
389 7 380 181 187 298 -1 -1 -1 0 
390 1 68 0 278 475 -1 -1 -1 0 
390 7 380 181 187 298 -1 -1 -1 0 
391 1 70 0 276 476 -1 -1 -1 0 
391 7 379 181 188 298 -1 -1 -1 0 
392 1 65 0 287 473 -1 -1 -1 0 
392 7 378 180 190 299 -1 -1 -1 0 
393 1 66 0 288 473 -1 -1 -1 0 
393 7 379 180 189 298 -1 -1 -1 0 
394 1 71 0 277 474 -1 -1 -1 0 
394 7 377 180 191 299 -1 -1 -1 0 
395 1 67 0 287 473 -1 -1 -1 0 
395 7 375 179 193 300 -1 -1 -1 0 
396 1 72 0 282 479 -1 -1 -1 0 
396 7 376 179 192 300 -1 -1 -1 0 
397 1 74 0 279 479 -1 -1 -1 0 
397 7 377 178 191 301 -1 -1 -1 0 
398 1 75 0 271 479 -1 -1 -1 0 
398 7 375 181 194 298 -1 -1 -1 0 
399 1 73 1 269 475 -1 -1 -1 0 
399 7 375 179 194 300 -1 -1 -1 0 
400 1 72 0 265 473 -1 -1 -1 0 
400 7 374 178 195 301 -1 -1 -1 0 
401 1 63 0 270 472 -1 -1 -1 0 
401 7 374 178 196 301 -1 -1 -1 0 
402 1 53 0 273 470 -1 -1 -1 0 
402 7 374 178 196 301 -1 -1 -1 0 
403 1 47 0 273 470 -1 -1 -1 0 
403 7 379 169 190 310 -1 -1 -1 0 
404 1 45 0 270 479 -1 -1 -1 0 
404 7 378 167 191 312 -1 -1 -1 0 
405 1 36 0 264 476 -1 -1 -1 0 
405 7 377 167 193 312 -1 -1 -1 0 
406 1 28 0 263 477 -1 -1 -1 0 
406 7 377 167 193 312 -1 -1 -1 0 
407 1 19 0 261 475 -1 -1 -1 0 
407 7 373 174 199 305 -1 -1 -1 0 
408 1 13 0 262 474 -1 -1 -1 0 
408 7 373 174 199 305 -1 -1 -1 0 
409 1 6 0 260 478 -1 -1 -1 0 
409 7 373 173 199 306 -1 -1 -1 0 
410 1 2 2 252 477 -1 -1 -1 0 
410 7 373 172 199 307 -1 -1 -1 0 
411 1 0 0 247 476 -1 -1 -1 0 
411 7 375 168 195 311 -1 -1 -1 0 
412 1 0 0 240 476 -1 -1 -1 0 
412 7 375 167 196 312 -1 -1 -1 0 
413 1 0 0 234 476 -1 -1 -1 0 
413 7 374 166 197 313 -1 -1 -1 0 
414 1 0 0 229 476 -1 -1 -1 0 
414 7 371 171 201 308 -1 -1 -1 0 
415 1 0 0 229 476 -1 -1 -1 0 
415 7 371 174 202 305 -1 -1 -1 0 
416 1 0 0 228 479 -1 -1 -1 0 
416 7 371 175 202 304 -1 -1 -1 0 
417 1 0 0 227 479 -1 -1 -1 0 
417 7 372 175 201 304 -1 -1 -1 0 
418 1 0 0 226 479 -1 -1 -1 0 
418 7 371 177 201 302 -1 -1 -1 0 
419 1 0 0 224 479 -1 -1 -1 0 
419 7 371 175 201 304 -1 -1 -1 0 
420 1 0 0 223 479 -1 -1 -1 0 
420 7 371 182 201 297 -1 -1 -1 0 
421 1 0 0 220 479 -1 -1 -1 0 
421 7 371 187 202 292 -1 -1 -1 0 
422 1 0 0 220 478 -1 -1 -1 0 
422 7 371 185 200 294 -1 -1 -1 0 
423 1 0 0 220 476 -1 -1 -1 0 
423 7 370 191 202 288 -1 -1 -1 0 
424 1 0 0 215 475 -1 -1 -1 0 
424 7 371 192 202 287 -1 -1 -1 0 
425 1 0 0 216 475 -1 -1 -1 0 
425 7 370 195 203 284 -1 -1 -1 0 
426 1 1 0 219 478 -1 -1 -1 0 
426 7 369 199 204 280 -1 -1 -1 0 
427 1 0 0 224 478 -1 -1 -1 0 
427 7 370 199 202 280 -1 -1 -1 0 
428 1 0 0 236 473 -1 -1 -1 0 
428 7 369 189 203 290 -1 -1 -1 0 
429 1 3 0 239 478 -1 -1 -1 0 
429 7 369 189 204 290 -1 -1 -1 0 
430 1 0 0 257 476 -1 -1 -1 0 
430 7 369 182 204 297 -1 -1 -1 0 
431 1 1 0 274 473 -1 -1 -1 0 
431 7 368 183 205 296 -1 -1 -1 0 
432 1 9 0 273 474 -1 -1 -1 0 
432 7 369 180 204 299 -1 -1 -1 0 
433 1 26 0 277 475 -1 -1 -1 0 
433 7 369 188 204 291 -1 -1 -1 0 
434 1 38 0 279 479 -1 -1 -1 0 
434 7 370 183 203 296 -1 -1 -1 0 
435 1 61 0 266 474 -1 -1 -1 0 
435 7 370 185 204 294 -1 -1 -1 0 
436 1 76 0 264 478 -1 -1 -1 0 
436 7 370 191 204 288 -1 -1 -1 0 
437 1 83 0 264 473 -1 -1 -1 0 
437 7 371 188 202 291 -1 -1 -1 0 
438 1 92 0 260 474 -1 -1 -1 0 
438 7 370 190 204 289 -1 -1 -1 0 
439 1 96 0 258 475 -1 -1 -1 0 
439 7 370 189 203 290 -1 -1 -1 0 
440 1 99 0 258 472 -1 -1 -1 0 
440 7 370 188 203 291 -1 -1 -1 0 
441 1 99 0 257 470 -1 -1 -1 0 
441 7 369 187 204 292 -1 -1 -1 0 
442 1 98 0 257 469 -1 -1 -1 0 
442 7 370 187 203 292 -1 -1 -1 0 
443 1 93 0 262 472 -1 -1 -1 0 
443 7 369 186 204 293 -1 -1 -1 0 
444 1 94 0 259 473 -1 -1 -1 0 
444 7 368 194 206 285 -1 -1 -1 0 
445 1 93 0 259 474 -1 -1 -1 0 
445 7 369 190 204 289 -1 -1 -1 0 
446 1 91 0 258 473 -1 -1 -1 0 
446 7 368 194 206 285 -1 -1 -1 0 
447 1 88 0 257 469 -1 -1 -1 0 
447 7 368 194 205 285 -1 -1 -1 0 
448 1 87 0 257 468 -1 -1 -1 0 
448 7 369 192 204 287 -1 -1 -1 0 
449 1 85 0 258 469 -1 -1 -1 0 
449 7 369 190 203 289 -1 -1 -1 0 
450 1 85 0 258 470 -1 -1 -1 0 
450 7 368 195 205 284 -1 -1 -1 0 
451 1 86 0 255 471 -1 -1 -1 0 
451 7 368 193 203 286 -1 -1 -1 0 
452 1 84 0 256 470 -1 -1 -1 0 
452 7 368 184 202 295 -1 -1 -1 0 
453 1 82 0 257 470 -1 -1 -1 0 
453 7 366 183 204 296 -1 -1 -1 0 
454 1 82 0 254 472 -1 -1 -1 0 
454 7 366 181 204 298 -1 -1 -1 0 
455 1 80 0 258 473 -1 -1 -1 0 
455 7 365 179 205 300 -1 -1 -1 0 
456 1 78 0 260 473 -1 -1 -1 0 
456 7 364 181 206 298 -1 -1 -1 0 
457 1 78 0 259 473 -1 -1 -1 0 
457 7 365 181 204 298 -1 -1 -1 0 
458 1 77 0 258 473 -1 -1 -1 0 
458 7 365 182 206 297 -1 -1 -1 0 
459 1 76 0 256 473 -1 -1 -1 0 
459 7 365 182 206 297 -1 -1 -1 0 
460 1 76 0 254 473 -1 -1 -1 0 
460 7 365 182 207 297 -1 -1 -1 0 
461 1 76 0 253 473 -1 -1 -1 0 
461 7 366 182 205 297 -1 -1 -1 0 
462 1 75 0 254 473 -1 -1 -1 0 
462 7 365 181 206 298 -1 -1 -1 0 
463 1 74 0 253 473 -1 -1 -1 0 
463 7 364 181 208 298 -1 -1 -1 0 
464 1 74 0 252 473 -1 -1 -1 0 
464 7 364 182 208 297 -1 -1 -1 0 
465 1 74 0 252 473 -1 -1 -1 0 
465 7 364 182 207 297 -1 -1 -1 0 
466 1 73 0 252 473 -1 -1 -1 0 
466 7 365 182 206 297 -1 -1 -1 0 
467 1 73 0 252 474 -1 -1 -1 0 
467 7 365 181 206 298 -1 -1 -1 0 
468 1 72 0 253 474 -1 -1 -1 0 
468 7 364 181 208 298 -1 -1 -1 0 
469 1 72 0 254 472 -1 -1 -1 0 
469 7 365 181 206 298 -1 -1 -1 0 
470 1 72 0 254 472 -1 -1 -1 0 
470 7 364 181 208 298 -1 -1 -1 0 
471 1 72 0 254 473 -1 -1 -1 0 
471 7 365 180 207 299 -1 -1 -1 0 
472 1 73 0 253 473 -1 -1 -1 0 
472 7 365 179 207 300 -1 -1 -1 0 
473 1 73 0 253 473 -1 -1 -1 0 
473 7 364 181 209 298 -1 -1 -1 0 
474 1 73 0 254 474 -1 -1 -1 0 
474 7 365 180 207 299 -1 -1 -1 0 
475 1 74 0 253 475 -1 -1 -1 0 
475 7 364 180 208 299 -1 -1 -1 0 
476 1 73 0 254 476 -1 -1 -1 0 
476 7 364 181 209 298 -1 -1 -1 0 
477 1 73 0 255 476 -1 -1 -1 0 
477 7 364 182 209 297 -1 -1 -1 0 
478 1 73 0 255 475 -1 -1 -1 0 
478 7 364 183 208 296 -1 -1 -1 0 
479 1 74 0 254 475 -1 -1 -1 0 
479 7 365 183 207 296 -1 -1 -1 0 
480 1 75 0 254 475 -1 -1 -1 0 
480 7 365 183 208 296 -1 -1 -1 0 
481 1 74 0 255 476 -1 -1 -1 0 
481 7 364 183 208 296 -1 -1 -1 0 
482 1 78 0 247 475 -1 -1 -1 0 
482 7 365 183 207 296 -1 -1 -1 0 
483 1 78 0 246 474 -1 -1 -1 0 
483 7 365 182 207 297 -1 -1 -1 0 
484 1 78 0 246 474 -1 -1 -1 0 
484 7 365 181 206 298 -1 -1 -1 0 
485 1 75 0 253 475 -1 -1 -1 0 
485 7 365 181 207 298 -1 -1 -1 0 
486 1 74 0 255 475 -1 -1 -1 0 
486 7 365 182 207 297 -1 -1 -1 0 
487 1 74 0 255 475 -1 -1 -1 0 
487 7 365 182 207 297 -1 -1 -1 0 
488 1 73 0 257 475 -1 -1 -1 0 
488 7 365 183 207 296 -1 -1 -1 0 
489 1 73 0 256 474 -1 -1 -1 0 
489 7 365 182 206 297 -1 -1 -1 0 
490 1 73 0 257 473 -1 -1 -1 0 
490 7 365 182 207 297 -1 -1 -1 0 
491 1 72 0 258 472 -1 -1 -1 0 
491 7 365 181 207 298 -1 -1 -1 0 
492 1 72 0 258 471 -1 -1 -1 0 
492 7 364 180 209 299 -1 -1 -1 0 
493 1 72 0 258 472 -1 -1 -1 0 
493 7 366 179 206 300 -1 -1 -1 0 
494 1 76 0 251 473 -1 -1 -1 0 
494 7 365 178 208 301 -1 -1 -1 0 
495 1 76 0 250 473 -1 -1 -1 0 
495 7 364 178 209 301 -1 -1 -1 0 
496 1 73 0 255 474 -1 -1 -1 0 
496 7 365 180 208 299 -1 -1 -1 0 
497 1 76 0 249 474 -1 -1 -1 0 
497 7 365 181 208 298 -1 -1 -1 0 
498 1 75 0 249 474 -1 -1 -1 0 
498 7 365 182 207 297 -1 -1 -1 0 
499 1 75 0 249 474 -1 -1 -1 0 
499 7 366 181 206 298 -1 -1 -1 0 
500 1 73 0 254 475 -1 -1 -1 0 
500 7 366 180 207 299 -1 -1 -1 0 
501 1 74 0 253 475 -1 -1 -1 0 
501 7 366 180 206 299 -1 -1 -1 0 
502 1 75 0 253 475 -1 -1 -1 0 
502 7 366 179 206 300 -1 -1 -1 0 
503 1 75 0 253 476 -1 -1 -1 0 
503 7 366 175 206 304 -1 -1 -1 0 
504 1 75 0 252 475 -1 -1 -1 0 
504 7 364 177 209 302 -1 -1 -1 0 
505 1 74 0 253 474 -1 -1 -1 0 
505 7 365 176 207 303 -1 -1 -1 0 
506 1 73 0 254 474 -1 -1 -1 0 
506 7 365 178 208 301 -1 -1 -1 0 
507 1 73 0 254 474 -1 -1 -1 0 
507 7 366 185 207 294 -1 -1 -1 0 
508 1 73 0 254 473 -1 -1 -1 0 
508 7 367 186 205 293 -1 -1 -1 0 
509 1 74 0 254 474 -1 -1 -1 0 
509 7 367 186 204 293 -1 -1 -1 0 
510 1 74 0 254 475 -1 -1 -1 0 
510 7 368 186 204 293 -1 -1 -1 0 
511 1 74 0 253 475 -1 -1 -1 0 
511 7 367 188 206 291 -1 -1 -1 0 
512 1 74 0 254 475 -1 -1 -1 0 
512 7 366 186 206 293 -1 -1 -1 0 
513 1 73 0 254 474 -1 -1 -1 0 
513 7 367 185 205 294 -1 -1 -1 0 
514 1 74 0 253 475 -1 -1 -1 0 
514 7 366 183 206 296 -1 -1 -1 0 
515 1 73 0 255 475 -1 -1 -1 0 
515 7 365 183 208 296 -1 -1 -1 0 
516 1 73 0 255 475 -1 -1 -1 0 
516 7 367 183 205 296 -1 -1 -1 0 
517 1 74 0 255 474 -1 -1 -1 0 
517 7 366 184 207 295 -1 -1 -1 0 
518 1 74 0 255 473 -1 -1 -1 0 
518 7 367 183 205 296 -1 -1 -1 0 
519 1 73 0 256 473 -1 -1 -1 0 
519 7 366 185 207 294 -1 -1 -1 0 
520 1 73 0 255 474 -1 -1 -1 0 
520 7 366 186 207 293 -1 -1 -1 0 
521 1 74 0 254 474 -1 -1 -1 0 
521 7 367 186 205 293 -1 -1 -1 0 
522 1 73 0 255 474 -1 -1 -1 0 
522 7 366 179 205 300 -1 -1 -1 0 
523 1 73 0 254 475 -1 -1 -1 0 
523 7 365 178 207 301 -1 -1 -1 0 
524 1 72 0 256 475 -1 -1 -1 0 
524 7 365 180 207 299 -1 -1 -1 0 
525 1 73 0 255 474 -1 -1 -1 0 
525 7 366 180 206 299 -1 -1 -1 0 
526 1 73 0 254 474 -1 -1 -1 0 
526 7 367 179 205 300 -1 -1 -1 0 
527 1 74 0 254 473 -1 -1 -1 0 
527 7 367 177 206 302 -1 -1 -1 0 
528 1 74 0 254 474 -1 -1 -1 0 
528 7 367 176 207 303 -1 -1 -1 0 
529 1 73 0 255 474 -1 -1 -1 0 
529 7 366 176 208 303 -1 -1 -1 0 
530 1 73 0 254 473 -1 -1 -1 0 
530 7 366 176 207 303 -1 -1 -1 0 
531 1 73 0 254 474 -1 -1 -1 0 
531 7 366 180 207 299 -1 -1 -1 0 
532 1 73 0 254 475 -1 -1 -1 0 
532 7 366 181 207 298 -1 -1 -1 0 
533 1 73 0 255 473 -1 -1 -1 0 
533 7 366 181 206 298 -1 -1 -1 0 
534 1 74 0 253 473 -1 -1 -1 0 
534 7 366 179 206 300 -1 -1 -1 0 
535 1 72 0 256 472 -1 -1 -1 0 
535 7 366 179 206 300 -1 -1 -1 0 
536 1 73 0 255 471 -1 -1 -1 0 
536 7 367 178 206 301 -1 -1 -1 0 
537 1 73 0 254 473 -1 -1 -1 0 
537 7 367 178 206 301 -1 -1 -1 0 
538 1 73 0 255 473 -1 -1 -1 0 
538 7 366 188 207 291 -1 -1 -1 0 
539 1 73 0 254 474 -1 -1 -1 0 
539 7 365 190 208 289 -1 -1 -1 0 
540 1 75 0 248 475 -1 -1 -1 0 
540 7 366 190 206 289 -1 -1 -1 0 
541 1 73 0 254 473 -1 -1 -1 0 
541 7 366 189 206 290 -1 -1 -1 0 
542 1 74 0 254 473 -1 -1 -1 0 
542 7 365 194 208 285 -1 -1 -1 0 
543 1 77 0 246 473 -1 -1 -1 0 
543 7 366 194 206 285 -1 -1 -1 0 
544 1 76 0 248 473 -1 -1 -1 0 
544 7 365 195 208 284 -1 -1 -1 0 
545 1 73 0 254 473 -1 -1 -1 0 
545 7 366 191 206 288 -1 -1 -1 0 
546 1 73 0 255 474 -1 -1 -1 0 
546 7 366 191 207 288 -1 -1 -1 0 
547 1 72 0 256 473 -1 -1 -1 0 
547 7 365 193 208 286 -1 -1 -1 0 
548 1 73 0 254 473 -1 -1 -1 0 
548 7 366 191 206 288 -1 -1 -1 0 
549 1 74 0 254 473 -1 -1 -1 0 
549 7 365 191 208 288 -1 -1 -1 0 
550 1 73 0 255 473 -1 -1 -1 0 
550 7 365 192 209 287 -1 -1 -1 0 
551 1 73 0 254 473 -1 -1 -1 0 
551 7 365 198 209 281 -1 -1 -1 0 
552 1 72 0 256 473 -1 -1 -1 0 
552 7 365 193 207 286 -1 -1 -1 0 
553 1 73 0 256 473 -1 -1 -1 0 
553 7 365 195 208 284 -1 -1 -1 0 
554 1 73 0 255 474 -1 -1 -1 0 
554 7 366 196 206 283 -1 -1 -1 0 
555 1 73 0 256 475 -1 -1 -1 0 
555 7 366 196 206 283 -1 -1 -1 0 
556 1 73 0 256 474 -1 -1 -1 0 
556 7 365 196 208 283 -1 -1 -1 0 
557 1 72 0 256 474 -1 -1 -1 0 
557 7 366 195 206 284 -1 -1 -1 0 
558 1 75 0 250 474 -1 -1 -1 0 
558 7 366 192 207 287 -1 -1 -1 0 
559 1 74 0 251 474 -1 -1 -1 0 
559 7 365 195 208 284 -1 -1 -1 0 
560 1 73 0 252 475 -1 -1 -1 0 
560 7 365 198 209 281 -1 -1 -1 0 
561 1 73 0 252 475 -1 -1 -1 0 
561 7 366 196 207 283 -1 -1 -1 0 
562 1 75 0 250 475 -1 -1 -1 0 
562 7 365 197 208 282 -1 -1 -1 0 
563 1 75 0 250 475 -1 -1 -1 0 
563 7 365 199 209 280 -1 -1 -1 0 
564 1 74 0 250 475 -1 -1 -1 0 
564 7 365 202 208 277 -1 -1 -1 0 
565 1 72 0 257 474 -1 -1 -1 0 
565 7 366 201 206 278 -1 -1 -1 0 
566 1 75 0 254 477 -1 -1 -1 0 
566 7 365 202 208 277 -1 -1 -1 0 
567 1 72 0 263 476 -1 -1 -1 0 
567 7 365 199 208 280 -1 -1 -1 0 
568 1 73 0 266 475 -1 -1 -1 0 
568 7 365 201 209 278 -1 -1 -1 0 
569 1 74 0 269 475 -1 -1 -1 0 
569 7 366 197 206 282 -1 -1 -1 0 
570 1 78 0 272 475 -1 -1 -1 0 
570 7 366 203 208 276 -1 -1 -1 0 
571 1 80 0 273 475 -1 -1 -1 0 
571 7 366 202 207 277 -1 -1 -1 0 
572 1 86 0 270 475 -1 -1 -1 0 
572 7 365 203 209 276 -1 -1 -1 0 
573 1 92 0 267 476 -1 -1 -1 0 
573 7 366 205 208 274 -1 -1 -1 0 
574 1 99 0 260 472 -1 -1 -1 0 
574 7 367 205 206 274 -1 -1 -1 0 
575 1 99 0 263 472 -1 -1 -1 0 
575 7 366 204 207 275 -1 -1 -1 0 
576 1 101 0 261 473 -1 -1 -1 0 
576 7 365 204 208 275 -1 -1 -1 0 
577 1 103 0 259 473 -1 -1 -1 0 
577 7 366 206 208 273 -1 -1 -1 0 
578 1 103 0 259 473 -1 -1 -1 0 
578 7 367 205 206 274 -1 -1 -1 0 
579 1 101 0 262 473 -1 -1 -1 0 
579 7 366 204 207 275 -1 -1 -1 0 
580 1 104 0 258 472 -1 -1 -1 0 
580 7 365 204 209 275 -1 -1 -1 0 
581 1 104 0 259 472 -1 -1 -1 0 
581 7 366 203 207 276 -1 -1 -1 0 
582 1 96 0 266 473 -1 -1 -1 0 
582 7 366 200 208 279 -1 -1 -1 0 
583 1 95 0 264 474 -1 -1 -1 0 
583 7 365 202 209 277 -1 -1 -1 0 
584 1 94 0 265 475 -1 -1 -1 0 
584 7 366 199 208 280 -1 -1 -1 0 
585 1 91 0 266 476 -1 -1 -1 0 
585 7 366 195 208 284 -1 -1 -1 0 
586 1 88 0 264 477 -1 -1 -1 0 
586 7 365 198 210 281 -1 -1 -1 0 
587 1 84 0 265 476 -1 -1 -1 0 
587 7 366 198 207 281 -1 -1 -1 0 
588 1 83 0 264 476 -1 -1 -1 0 
588 7 365 197 209 282 -1 -1 -1 0 
589 1 80 0 264 476 -1 -1 -1 0 
589 7 364 199 210 280 -1 -1 -1 0 
590 1 76 0 264 478 -1 -1 -1 0 
590 7 365 198 209 281 -1 -1 -1 0 
591 1 76 0 258 478 -1 -1 -1 0 
591 7 364 199 211 280 -1 -1 -1 0 
592 1 73 0 257 477 -1 -1 -1 0 
592 7 365 199 208 280 -1 -1 -1 0 
593 1 72 0 251 479 -1 -1 -1 0 
593 7 365 197 208 282 -1 -1 -1 0 
594 1 68 0 248 475 -1 -1 -1 0 
594 7 364 199 210 280 -1 -1 -1 0 
595 1 65 0 248 477 -1 -1 -1 0 
595 7 366 197 207 282 -1 -1 -1 0 
596 1 62 0 247 477 -1 -1 -1 0 
596 7 366 197 207 282 -1 -1 -1 0 
597 1 58 0 249 479 -1 -1 -1 0 
597 7 366 194 206 285 -1 -1 -1 0 
598 1 56 0 251 479 -1 -1 -1 0 
598 7 365 194 209 285 -1 -1 -1 0 
599 1 54 0 253 478 -1 -1 -1 0 
599 7 366 193 206 286 -1 -1 -1 0 
600 1 50 0 258 476 -1 -1 -1 0 
600 7 365 198 209 281 -1 -1 -1 0 
601 1 48 0 262 476 -1 -1 -1 0 
601 7 366 198 208 281 -1 -1 -1 0 
602 1 43 0 270 477 -1 -1 -1 0 
602 7 366 196 207 283 -1 -1 -1 0 
603 1 39 0 275 477 -1 -1 -1 0 
603 7 365 195 209 284 -1 -1 -1 0 
604 1 39 0 276 475 -1 -1 -1 0 
604 7 365 199 209 280 -1 -1 -1 0 
605 1 37 0 278 474 -1 -1 -1 0 
605 7 365 200 209 279 -1 -1 -1 0 
606 1 38 0 275 475 -1 -1 -1 0 
606 7 366 200 207 279 -1 -1 -1 0 
607 1 39 0 274 477 -1 -1 -1 0 
607 7 365 201 209 278 -1 -1 -1 0 
608 1 43 0 270 477 -1 -1 -1 0 
608 7 365 196 208 283 -1 -1 -1 0 
609 1 44 0 270 475 -1 -1 -1 0 
609 7 365 197 209 282 -1 -1 -1 0 
610 1 64 0 251 473 -1 -1 -1 0 
610 7 365 200 209 279 -1 -1 -1 0 
611 1 50 0 271 476 -1 -1 -1 0 
611 7 365 201 209 278 -1 -1 -1 0 
612 1 55 0 269 479 -1 -1 -1 0 
612 7 366 202 208 277 -1 -1 -1 0 
613 1 59 0 274 471 -1 -1 -1 0 
613 7 365 204 209 275 -1 -1 -1 0 
614 1 63 0 272 478 -1 -1 -1 0 
614 7 366 202 207 277 -1 -1 -1 0 
615 1 67 0 278 479 -1 -1 -1 0 
615 7 366 202 209 277 -1 -1 -1 0 
616 1 71 0 288 479 -1 -1 -1 0 
616 7 366 200 208 279 -1 -1 -1 0 
617 1 71 0 292 479 -1 -1 -1 0 
617 7 365 200 209 279 -1 -1 -1 0 
618 1 71 0 292 479 -1 -1 -1 0 
618 7 365 200 209 279 -1 -1 -1 0 
619 1 55 0 305 472 -1 -1 -1 0 
619 7 364 203 210 275 -1 -1 -1 0 
620 1 47 0 311 469 -1 -1 -1 0 
620 7 364 205 210 273 -1 -1 -1 0 
621 1 22 0 332 464 -1 -1 -1 0 
621 7 366 206 208 272 -1 -1 -1 0 
622 1 4 3 351 467 -1 -1 -1 0 
622 7 366 201 208 277 -1 -1 -1 0 
623 1 0 0 346 472 -1 -1 -1 0 
623 7 364 198 210 281 -1 -1 -1 0 
624 1 2 0 333 473 -1 -1 -1 0 
624 7 364 202 211 277 -1 -1 -1 0 
625 1 3 3 327 466 -1 -1 -1 0 
625 7 365 196 209 283 -1 -1 -1 0 
626 1 0 1 338 469 -1 -1 -1 0 
626 7 365 199 210 280 -1 -1 -1 0 
627 1 0 0 342 467 -1 -1 -1 0 
627 7 366 197 208 282 -1 -1 -1 0 
628 1 0 0 346 465 -1 -1 -1 0 
628 7 365 201 210 278 -1 -1 -1 0 
629 1 0 5 353 462 -1 -1 -1 0 
629 7 365 196 209 283 -1 -1 -1 0 
630 1 0 4 357 465 -1 -1 -1 0 
630 7 366 203 209 276 -1 -1 -1 0 
631 1 0 4 381 465 -1 -1 -1 0 
631 7 365 170 183 309 -1 -1 -1 0 
632 1 0 8 401 462 -1 -1 -1 0 
632 7 373 166 171 312 -1 -1 -1 0 
633 1 1 2 413 458 -1 -1 -1 0 
633 7 394 191 180 288 -1 -1 -1 0 
634 1 0 13 419 442 -1 -1 -1 0 
634 7 403 187 171 292 -1 -1 -1 0 
635 1 0 1 437 462 -1 -1 -1 0 
635 7 409 192 166 287 -1 -1 -1 0 
636 1 0 2 439 463 -1 -1 -1 0 
636 7 414 194 161 284 -1 -1 -1 0 
637 1 0 1 452 463 -1 -1 -1 0 
637 7 424 194 150 283 -1 -1 -1 0 
638 1 0 4 462 461 -1 -1 -1 0 
638 7 427 196 147 281 -1 -1 -1 0 
639 1 0 4 468 459 -1 -1 -1 0 
639 7 431 198 145 278 -1 -1 -1 0 
640 1 0 5 470 463 -1 -1 -1 0 
640 7 433 197 141 280 -1 -1 -1 0 
641 1 4 3 468 466 -1 -1 -1 0 
641 7 433 201 143 275 -1 -1 -1 0 
642 1 8 0 465 470 -1 -1 -1 0 
642 7 433 203 143 273 -1 -1 -1 0 
643 1 10 0 487 473 -1 -1 -1 0 
643 7 433 201 141 275 -1 -1 -1 0 
644 1 17 0 463 473 -1 -1 -1 0 
644 7 432 204 143 273 -1 -1 -1 0 
645 1 3 0 508 473 -1 -1 -1 0 
645 7 432 202 143 274 -1 -1 -1 0 
646 1 6 0 507 471 -1 -1 -1 0 
646 7 432 199 143 277 -1 -1 -1 0 
647 1 15 0 468 470 -1 -1 -1 0 
647 7 431 201 145 275 -1 -1 -1 0 
648 1 6 1 476 468 -1 -1 -1 0 
648 7 431 202 145 274 -1 -1 -1 0 
649 1 4 2 473 467 -1 -1 -1 0 
649 7 431 209 145 267 -1 -1 -1 0 
650 1 4 4 472 466 -1 -1 -1 0 
650 7 430 203 145 273 -1 -1 -1 0 
651 1 4 3 472 468 -1 -1 -1 0 
651 7 430 198 145 278 -1 -1 -1 0 
652 1 4 3 469 467 -1 -1 -1 0 
652 7 429 204 146 273 -1 -1 -1 0 
653 1 5 4 469 464 -1 -1 -1 0 
653 7 429 197 146 279 -1 -1 -1 0 
654 1 4 5 473 461 -1 -1 -1 0 
654 7 428 197 148 280 -1 -1 -1 0 
655 1 6 4 471 462 -1 -1 -1 0 
655 7 428 192 147 285 -1 -1 -1 0 
656 1 5 4 468 463 -1 -1 -1 0 
656 7 426 194 150 284 -1 -1 -1 0 
657 1 5 4 465 464 -1 -1 -1 0 
657 7 426 192 149 286 -1 -1 -1 0 
658 1 5 4 463 464 -1 -1 -1 0 
658 7 425 189 149 289 -1 -1 -1 0 
659 1 3 4 463 463 -1 -1 -1 0 
659 7 425 184 149 295 -1 -1 -1 0 
660 1 3 4 462 463 -1 -1 -1 0 
660 7 425 193 151 285 -1 -1 -1 0 
661 1 2 4 463 463 -1 -1 -1 0 
661 7 424 190 150 288 -1 -1 -1 0 
662 1 3 3 462 463 -1 -1 -1 0 
662 7 424 185 151 294 -1 -1 -1 0 
663 1 0 2 466 464 -1 -1 -1 0 
663 7 424 187 151 292 -1 -1 -1 0 
664 1 1 2 463 464 -1 -1 -1 0 
664 7 424 189 151 290 -1 -1 -1 0 
665 1 0 2 466 465 -1 -1 -1 0 
665 7 425 187 150 292 -1 -1 -1 0 
666 1 0 3 467 463 -1 -1 -1 0 
666 7 425 193 150 286 -1 -1 -1 0 
667 1 1 3 466 463 -1 -1 -1 0 
667 7 426 189 149 289 -1 -1 -1 0 
668 1 1 3 467 463 -1 -1 -1 0 
668 7 426 199 149 279 -1 -1 -1 0 
669 1 0 3 470 464 -1 -1 -1 0 
669 7 426 194 148 284 -1 -1 -1 0 
670 1 0 4 472 463 -1 -1 -1 0 
670 7 425 194 151 284 -1 -1 -1 0 
671 1 0 4 471 462 -1 -1 -1 0 
671 7 426 190 149 288 -1 -1 -1 0 
672 1 0 3 471 463 -1 -1 -1 0 
672 7 426 187 149 291 -1 -1 -1 0 
673 1 0 3 472 464 -1 -1 -1 0 
673 7 425 188 151 291 -1 -1 -1 0 
674 1 0 3 471 463 -1 -1 -1 0 
674 7 426 188 150 290 -1 -1 -1 0 
675 1 0 4 472 462 -1 -1 -1 0 
675 7 425 187 151 292 -1 -1 -1 0 
676 1 0 4 470 463 -1 -1 -1 0 
676 7 425 188 151 291 -1 -1 -1 0 
677 1 0 5 470 462 -1 -1 -1 0 
677 7 426 186 149 292 -1 -1 -1 0 
678 1 1 4 468 462 -1 -1 -1 0 
678 7 425 190 151 289 -1 -1 -1 0 
679 1 1 4 468 463 -1 -1 -1 0 
679 7 426 189 149 290 -1 -1 -1 0 
680 1 0 5 470 463 -1 -1 -1 0 
680 7 426 188 150 291 -1 -1 -1 0 
681 1 0 5 471 463 -1 -1 -1 0 
681 7 425 187 150 291 -1 -1 -1 0 
682 1 0 4 468 464 -1 -1 -1 0 
682 7 424 188 151 291 -1 -1 -1 0 
683 1 0 4 468 464 -1 -1 -1 0 
683 7 425 190 151 289 -1 -1 -1 0 
684 1 0 4 468 465 -1 -1 -1 0 
684 7 425 191 151 288 -1 -1 -1 0 
685 1 0 4 468 464 -1 -1 -1 0 
685 7 425 185 149 294 -1 -1 -1 0 
686 1 0 3 467 465 -1 -1 -1 0 
686 7 425 190 150 289 -1 -1 -1 0 
687 1 0 4 466 464 -1 -1 -1 0 
687 7 425 189 149 289 -1 -1 -1 0 
688 1 0 3 465 465 -1 -1 -1 0 
688 7 424 191 152 288 -1 -1 -1 0 
689 1 0 4 463 463 -1 -1 -1 0 
689 7 424 189 151 290 -1 -1 -1 0 
690 1 0 4 462 463 -1 -1 -1 0 
690 7 422 190 153 289 -1 -1 -1 0 
691 1 1 3 453 466 -1 -1 -1 0 
691 7 421 195 154 284 -1 -1 -1 0 
692 1 3 4 448 461 -1 -1 -1 0 
692 7 420 196 154 282 -1 -1 -1 0 
693 1 7 4 441 460 -1 -1 -1 0 
693 7 418 192 156 286 -1 -1 -1 0 
694 1 9 4 434 459 -1 -1 -1 0 
694 7 411 193 164 285 -1 -1 -1 0 
695 1 12 2 429 462 -1 -1 -1 0 
695 7 408 195 167 282 -1 -1 -1 0 
696 1 16 1 420 465 -1 -1 -1 0 
696 7 404 194 170 282 -1 -1 -1 0 
697 1 20 0 415 468 -1 -1 -1 0 
697 7 404 193 170 283 -1 -1 -1 0 
698 1 21 0 409 469 -1 -1 -1 0 
698 7 400 192 174 285 -1 -1 -1 0 
699 1 22 0 399 470 -1 -1 -1 0 
699 7 398 191 177 286 -1 -1 -1 0 
700 1 23 0 396 469 -1 -1 -1 0 
700 7 396 197 179 281 -1 -1 -1 0 
701 1 21 0 398 470 -1 -1 -1 0 
701 7 393 200 182 278 -1 -1 -1 0 
702 1 18 0 401 472 -1 -1 -1 0 
702 7 393 197 180 280 -1 -1 -1 0 
703 1 17 0 402 472 -1 -1 -1 0 
703 7 392 196 181 281 -1 -1 -1 0 
704 1 15 0 404 470 -1 -1 -1 0 
704 7 392 197 182 280 -1 -1 -1 0 
705 1 16 0 403 470 -1 -1 -1 0 
705 7 393 197 181 280 -1 -1 -1 0 
706 1 15 0 404 470 -1 -1 -1 0 
706 7 393 199 182 279 -1 -1 -1 0 
707 1 16 0 403 470 -1 -1 -1 0 
707 7 394 197 180 280 -1 -1 -1 0 
708 1 16 0 401 470 -1 -1 -1 0 
708 7 394 195 180 282 -1 -1 -1 0 
709 1 17 0 403 470 -1 -1 -1 0 
709 7 392 195 183 282 -1 -1 -1 0 
710 1 17 0 400 471 -1 -1 -1 0 
710 7 392 199 183 279 -1 -1 -1 0 
711 1 17 0 401 471 -1 -1 -1 0 
711 7 394 201 181 277 -1 -1 -1 0 
712 1 16 0 404 471 -1 -1 -1 0 
712 7 394 198 180 279 -1 -1 -1 0 
713 1 16 0 403 470 -1 -1 -1 0 
713 7 393 202 182 276 -1 -1 -1 0 
714 1 16 0 402 470 -1 -1 -1 0 
714 7 394 203 180 275 -1 -1 -1 0 
715 1 16 0 403 471 -1 -1 -1 0 
715 7 395 199 179 278 -1 -1 -1 0 
716 1 17 0 402 471 -1 -1 -1 0 
716 7 395 204 180 274 -1 -1 -1 0 
717 1 17 0 403 471 -1 -1 -1 0 
717 7 396 204 178 273 -1 -1 -1 0 
718 1 18 0 402 471 -1 -1 -1 0 
718 7 396 198 178 279 -1 -1 -1 0 
719 1 17 0 403 471 -1 -1 -1 0 
719 7 395 199 180 279 -1 -1 -1 0 
720 1 15 0 406 471 -1 -1 -1 0 
720 7 396 199 179 278 -1 -1 -1 0 
721 1 16 0 405 470 -1 -1 -1 0 
721 7 397 199 177 279 -1 -1 -1 0 
722 1 16 0 406 469 -1 -1 -1 0 
722 7 397 199 177 279 -1 -1 -1 0 
