3 1 18 10 621 461 -1 -1 -1 0 
4 1 22 1 617 469 -1 -1 -1 0 
5 1 21 0 618 470 -1 -1 -1 0 
6 1 18 0 621 472 -1 -1 -1 0 
7 1 10 5 629 469 -1 -1 -1 0 
8 1 13 7 626 468 -1 -1 -1 0 
9 1 12 10 627 463 -1 -1 -1 0 
10 1 11 10 628 463 -1 -1 -1 0 
11 1 66 8 572 466 -1 -1 -1 0 
12 1 67 7 572 463 -1 -1 -1 0 
13 1 72 7 567 463 -1 -1 -1 0 
14 1 65 6 574 463 -1 -1 -1 0 
15 1 68 6 571 463 -1 -1 -1 0 
16 1 65 5 574 468 -1 -1 -1 0 
17 1 56 2 583 473 -1 -1 -1 0 
18 1 13 0 626 473 -1 -1 -1 0 
19 1 2 0 637 468 -1 -1 -1 0 
20 1 4 0 635 468 -1 -1 -1 0 
21 1 0 0 639 468 -1 -1 -1 0 
22 1 1 0 638 469 -1 -1 -1 0 
23 1 1 11 635 464 -1 -1 -1 0 
24 1 15 4 619 468 -1 -1 -1 0 
25 1 11 2 623 467 -1 -1 -1 0 
26 1 11 1 623 466 -1 -1 -1 0 
27 1 130 10 500 468 -1 -1 -1 0 
28 1 102 12 537 466 -1 -1 -1 0 
29 1 98 13 541 457 -1 -1 -1 0 
30 1 86 12 553 454 -1 -1 -1 0 
31 1 137 14 499 455 -1 -1 -1 0 
32 1 139 22 500 450 -1 -1 -1 0 
33 1 140 11 499 462 -1 -1 -1 0 
34 1 113 8 520 465 -1 -1 -1 0 
35 1 111 11 519 461 -1 -1 -1 0 
36 1 117 8 516 463 -1 -1 -1 0 
37 1 117 0 515 473 -1 -1 -1 0 
38 1 123 0 510 474 -1 -1 -1 0 
39 1 129 0 500 472 -1 -1 -1 0 
40 1 144 1 493 475 -1 -1 -1 0 
41 1 156 8 482 458 -1 -1 -1 0 
42 1 149 4 490 463 -1 -1 -1 0 
43 1 153 8 486 457 -1 -1 -1 0 
44 1 157 7 482 462 -1 -1 -1 0 
45 1 115 0 524 476 -1 -1 -1 0 
46 1 146 6 491 472 -1 -1 -1 0 
47 1 84 4 555 475 -1 -1 -1 0 
48 1 77 6 562 471 -1 -1 -1 0 
49 1 185 7 438 469 -1 -1 -1 0 
50 1 183 10 446 463 -1 -1 -1 0 
51 1 199 8 407 467 -1 -1 -1 0 
52 1 204 4 395 467 -1 -1 -1 0 
53 1 214 2 380 468 -1 -1 -1 0 
54 1 261 7 307 468 -1 -1 -1 0 
55 1 297 4 266 468 -1 -1 -1 0 
56 1 305 4 253 466 -1 -1 -1 0 
57 1 308 3 247 468 -1 -1 -1 0 
58 1 302 0 236 472 -1 -1 -1 0 
59 1 298 0 229 472 -1 -1 -1 0 
60 1 290 0 232 475 -1 -1 -1 0 
61 1 283 1 232 472 -1 -1 -1 0 
62 1 275 1 236 474 -1 -1 -1 0 
63 1 259 0 255 474 -1 -1 -1 0 
64 1 246 4 271 472 -1 -1 -1 0 
65 1 241 0 281 476 -1 -1 -1 0 
66 1 243 0 279 477 -1 -1 -1 0 
67 1 249 0 277 479 -1 -1 -1 0 
68 1 249 0 282 479 -1 -1 -1 0 
69 1 251 0 281 479 -1 -1 -1 0 
70 1 267 2 262 477 -1 -1 -1 0 
71 1 274 6 254 473 -1 -1 -1 0 
72 1 281 9 243 470 -1 -1 -1 0 
73 1 288 15 224 460 -1 -1 -1 0 
74 1 289 28 213 445 -1 -1 -1 0 
75 1 290 34 209 438 -1 -1 -1 0 
76 1 286 44 207 424 -1 -1 -1 0 
77 1 282 49 207 417 -1 -1 -1 0 
78 1 274 67 199 400 -1 -1 -1 0 
79 1 271 71 197 396 -1 -1 -1 0 
80 1 264 74 192 398 -1 -1 -1 0 
81 1 262 76 190 400 -1 -1 -1 0 
82 1 252 72 196 407 -1 -1 -1 0 
83 1 251 71 195 408 -1 -1 -1 0 
84 1 253 72 190 407 -1 -1 -1 0 
85 1 258 84 184 393 -1 -1 -1 0 
86 1 259 88 184 391 -1 -1 -1 0 
87 1 262 90 181 389 -1 -1 -1 0 
88 1 264 94 180 385 -1 -1 -1 0 
89 1 269 98 177 381 -1 -1 -1 0 
90 1 282 102 170 377 -1 -1 -1 0 
91 1 288 90 165 389 -1 -1 -1 0 
92 1 296 107 162 372 -1 -1 -1 0 
93 1 306 109 153 370 -1 -1 -1 0 
94 1 317 104 143 375 -1 -1 -1 0 
95 1 324 107 136 372 -1 -1 -1 0 
96 1 335 120 128 356 -1 -1 -1 0 
97 1 341 123 124 353 -1 -1 -1 0 
98 1 348 127 128 350 -1 -1 -1 0 
99 1 356 128 123 350 -1 -1 -1 0 
100 1 367 130 119 347 -1 -1 -1 0 
101 1 372 132 122 345 -1 -1 -1 0 
102 1 379 132 121 342 -1 -1 -1 0 
103 1 387 132 127 342 -1 -1 -1 0 
104 1 392 131 129 348 -1 -1 -1 0 
105 1 399 137 140 337 -1 -1 -1 0 
106 1 405 139 155 338 -1 -1 -1 0 
107 1 413 140 172 339 -1 -1 -1 0 
108 1 417 141 170 338 -1 -1 -1 0 
109 1 432 144 156 335 -1 -1 -1 0 
110 1 441 142 149 337 -1 -1 -1 0 
111 1 458 143 138 335 -1 -1 -1 0 
112 1 477 141 117 334 -1 -1 -1 0 
113 1 492 141 103 334 -1 -1 -1 0 
114 1 496 141 100 334 -1 -1 -1 0 
115 1 505 135 89 343 -1 -1 -1 0 
116 1 509 134 86 343 -1 -1 -1 0 
117 1 511 134 87 342 -1 -1 -1 0 
118 1 512 133 86 342 -1 -1 -1 0 
119 1 513 134 85 342 -1 -1 -1 0 
120 1 513 133 85 342 -1 -1 -1 0 
121 1 514 133 83 341 -1 -1 -1 0 
122 1 513 132 83 342 -1 -1 -1 0 
123 1 512 133 82 341 -1 -1 -1 0 
124 1 511 134 83 340 -1 -1 -1 0 
125 1 511 134 83 339 -1 -1 -1 0 
126 1 512 134 82 339 -1 -1 -1 0 
127 1 512 135 82 338 -1 -1 -1 0 
128 1 512 135 82 338 -1 -1 -1 0 
129 1 513 134 80 340 -1 -1 -1 0 
130 1 513 133 80 341 -1 -1 -1 0 
131 1 513 134 80 340 -1 -1 -1 0 
132 1 513 134 80 341 -1 -1 -1 0 
133 1 511 135 83 339 -1 -1 -1 0 
134 1 510 135 84 339 -1 -1 -1 0 
135 1 511 135 83 339 -1 -1 -1 0 
136 1 510 134 84 340 -1 -1 -1 0 
137 1 510 134 83 341 -1 -1 -1 0 
138 1 510 133 82 341 -1 -1 -1 0 
139 1 510 134 82 341 -1 -1 -1 0 
140 1 509 134 84 340 -1 -1 -1 0 
141 1 510 131 82 343 -1 -1 -1 0 
142 1 510 131 82 343 -1 -1 -1 0 
143 1 510 131 83 343 -1 -1 -1 0 
144 1 509 131 84 343 -1 -1 -1 0 
145 1 509 132 84 342 -1 -1 -1 0 
146 1 509 132 83 342 -1 -1 -1 0 
147 1 505 133 88 341 -1 -1 -1 0 
148 1 500 134 93 341 -1 -1 -1 0 
149 1 483 134 109 341 -1 -1 -1 0 
150 1 464 134 130 341 -1 -1 -1 0 
151 1 451 135 145 340 -1 -1 -1 0 
152 1 435 134 159 339 -1 -1 -1 0 
153 1 409 132 188 341 -1 -1 -1 0 
154 1 395 135 204 337 -1 -1 -1 0 
155 1 387 136 212 336 -1 -1 -1 0 
156 1 365 137 233 335 -1 -1 -1 0 
157 1 360 135 237 339 -1 -1 -1 0 
158 1 351 135 245 339 -1 -1 -1 0 
159 1 349 136 246 338 -1 -1 -1 0 
160 1 348 137 247 337 -1 -1 -1 0 
161 1 347 138 248 337 -1 -1 -1 0 
162 1 345 139 251 336 -1 -1 -1 0 
163 1 345 140 251 335 -1 -1 -1 0 
164 1 344 140 252 335 -1 -1 -1 0 
165 1 344 140 252 335 -1 -1 -1 0 
166 1 345 140 251 334 -1 -1 -1 0 
167 1 347 139 249 335 -1 -1 -1 0 
168 1 348 136 246 337 -1 -1 -1 0 
169 1 355 136 239 337 -1 -1 -1 0 
170 1 387 137 208 335 -1 -1 -1 0 
171 1 402 136 192 336 -1 -1 -1 0 
172 1 411 134 180 339 -1 -1 -1 0 
173 1 423 134 167 340 -1 -1 -1 0 
174 1 452 135 126 339 -1 -1 -1 0 
175 1 459 134 117 340 -1 -1 -1 0 
176 1 467 133 101 342 -1 -1 -1 0 
177 1 473 133 91 343 -1 -1 -1 0 
178 1 471 134 93 343 -1 -1 -1 0 
179 1 465 134 97 345 -1 -1 -1 0 
180 1 443 144 116 334 -1 -1 -1 0 
181 1 404 142 155 337 -1 -1 -1 0 
182 1 384 146 181 332 -1 -1 -1 0 
183 1 382 144 182 335 -1 -1 -1 0 
184 1 386 139 161 340 -1 -1 -1 0 
185 1 389 138 142 340 -1 -1 -1 0 
186 1 387 133 112 340 -1 -1 -1 0 
187 1 387 132 102 341 -1 -1 -1 0 
188 1 384 128 87 346 -1 -1 -1 0 
189 1 370 129 90 343 -1 -1 -1 0 
190 1 362 130 89 346 -1 -1 -1 0 
191 1 350 130 97 344 -1 -1 -1 0 
192 1 338 129 98 350 -1 -1 -1 0 
193 1 335 129 96 349 -1 -1 -1 0 
194 1 327 126 97 353 -1 -1 -1 0 
195 1 325 126 95 353 -1 -1 -1 0 
196 1 322 127 95 352 -1 -1 -1 0 
197 1 315 127 98 349 -1 -1 -1 0 
198 1 313 128 99 349 -1 -1 -1 0 
199 1 308 129 91 349 -1 -1 -1 0 
200 1 304 131 92 345 -1 -1 -1 0 
201 1 299 132 93 342 -1 -1 -1 0 
202 1 295 132 96 342 -1 -1 -1 0 
203 1 290 133 101 342 -1 -1 -1 0 
204 1 288 134 102 341 -1 -1 -1 0 
205 1 283 134 106 343 -1 -1 -1 0 
206 1 281 134 107 344 -1 -1 -1 0 
207 1 279 135 106 344 -1 -1 -1 0 
208 1 278 135 106 344 -1 -1 -1 0 
209 1 280 135 102 344 -1 -1 -1 0 
210 1 280 135 102 344 -1 -1 -1 0 
211 1 280 137 100 342 -1 -1 -1 0 
212 1 280 138 100 341 -1 -1 -1 0 
213 1 280 138 100 341 -1 -1 -1 0 
214 1 280 139 100 340 -1 -1 -1 0 
215 1 280 141 100 338 -1 -1 -1 0 
216 1 280 142 100 337 -1 -1 -1 0 
217 1 280 144 101 335 -1 -1 -1 0 
218 1 280 144 101 335 -1 -1 -1 0 
219 1 279 142 103 337 -1 -1 -1 0 
220 1 279 142 104 337 -1 -1 -1 0 
221 1 277 143 107 336 -1 -1 -1 0 
222 1 276 143 109 333 -1 -1 -1 0 
223 1 270 145 115 330 -1 -1 -1 0 
224 1 267 146 117 328 -1 -1 -1 0 
225 1 266 146 118 327 -1 -1 -1 0 
226 1 266 147 116 328 -1 -1 -1 0 
227 1 266 148 114 328 -1 -1 -1 0 
228 1 266 151 114 328 -1 -1 -1 0 
229 1 262 163 113 307 -1 -1 -1 0 
230 1 262 166 111 303 -1 -1 -1 0 
231 1 257 159 111 312 -1 -1 -1 0 
232 1 255 159 110 313 -1 -1 -1 0 
233 1 251 158 111 315 -1 -1 -1 0 
234 1 248 160 112 311 -1 -1 -1 0 
235 1 246 165 110 297 -1 -1 -1 0 
236 1 246 167 108 292 -1 -1 -1 0 
237 1 246 168 105 291 -1 -1 -1 0 
238 1 245 170 104 291 -1 -1 -1 0 
239 1 247 173 100 282 -1 -1 -1 0 
240 1 249 175 97 278 -1 -1 -1 0 
241 1 258 177 89 278 -1 -1 -1 0 
242 1 262 177 83 280 -1 -1 -1 0 
243 1 268 179 74 285 -1 -1 -1 0 
244 1 269 176 72 279 -1 -1 -1 0 
245 1 271 177 68 282 -1 -1 -1 0 
246 1 275 178 67 264 -1 -1 -1 0 
247 1 278 180 65 261 -1 -1 -1 0 
248 1 285 186 58 263 -1 -1 -1 0 
249 1 284 188 61 262 -1 -1 -1 0 
250 1 279 193 68 253 -1 -1 -1 0 
251 1 278 193 68 251 -1 -1 -1 0 
252 1 276 193 72 250 -1 -1 -1 0 
253 1 274 193 76 247 -1 -1 -1 0 
254 1 270 193 80 243 -1 -1 -1 0 
255 1 267 193 82 237 -1 -1 -1 0 
256 1 268 194 80 229 -1 -1 -1 0 
257 1 269 197 78 228 -1 -1 -1 0 
258 1 266 199 80 228 -1 -1 -1 0 
259 1 264 202 82 224 -1 -1 -1 0 
260 1 264 203 81 221 -1 -1 -1 0 
261 1 265 202 80 222 -1 -1 -1 0 
262 1 266 202 77 223 -1 -1 -1 0 
263 1 267 201 78 217 -1 -1 -1 0 
264 1 268 203 78 220 -1 -1 -1 0 
265 1 271 204 78 213 -1 -1 -1 0 
266 1 273 204 78 207 -1 -1 -1 0 
267 1 276 202 75 205 -1 -1 -1 0 
268 1 279 202 74 205 -1 -1 -1 0 
269 1 282 202 72 204 -1 -1 -1 0 
270 1 286 204 74 203 -1 -1 -1 0 
271 1 289 205 74 205 -1 -1 -1 0 
272 1 290 207 77 207 -1 -1 -1 0 
273 1 293 205 77 203 -1 -1 -1 0 
274 1 295 207 76 202 -1 -1 -1 0 
275 1 296 210 76 207 -1 -1 -1 0 
276 1 297 208 77 203 -1 -1 -1 0 
277 1 299 210 74 202 -1 -1 -1 0 
278 1 298 211 75 197 -1 -1 -1 0 
279 1 299 212 72 202 -1 -1 -1 0 
280 1 299 211 72 201 -1 -1 -1 0 
281 1 298 212 72 194 -1 -1 -1 0 
282 1 298 213 71 191 -1 -1 -1 0 
283 1 298 214 70 189 -1 -1 -1 0 
284 1 299 213 69 196 -1 -1 -1 0 
285 1 298 214 72 196 -1 -1 -1 0 
286 1 300 213 68 199 -1 -1 -1 0 
287 1 299 212 70 202 -1 -1 -1 0 
288 1 300 210 69 204 -1 -1 -1 0 
289 1 300 209 70 205 -1 -1 -1 0 
290 1 300 209 71 204 -1 -1 -1 0 
291 1 301 210 70 203 -1 -1 -1 0 
292 1 302 210 70 204 -1 -1 -1 0 
293 1 303 210 70 205 -1 -1 -1 0 
294 1 304 210 69 205 -1 -1 -1 0 
295 1 305 211 69 205 -1 -1 -1 0 
296 1 305 211 69 205 -1 -1 -1 0 
297 1 306 211 67 205 -1 -1 -1 0 
298 1 305 211 69 205 -1 -1 -1 0 
299 1 306 211 68 205 -1 -1 -1 0 
300 1 305 212 70 203 -1 -1 -1 0 
301 1 305 214 70 201 -1 -1 -1 0 
302 1 305 215 70 199 -1 -1 -1 0 
303 1 305 215 70 197 -1 -1 -1 0 
304 1 305 216 70 196 -1 -1 -1 0 
305 1 305 212 67 197 -1 -1 -1 0 
306 1 301 211 67 197 -1 -1 -1 0 
307 1 295 212 73 197 -1 -1 -1 0 
308 1 277 213 92 197 -1 -1 -1 0 
309 1 270 212 97 198 -1 -1 -1 0 
310 1 266 213 97 196 -1 -1 -1 0 
311 1 255 217 103 202 -1 -1 -1 0 
312 1 248 218 108 207 -1 -1 -1 0 
313 1 251 216 100 207 -1 -1 -1 0 
314 1 255 216 90 207 -1 -1 -1 0 
315 1 253 216 91 236 -1 -1 -1 0 
316 1 248 212 76 206 -1 -1 -1 0 
317 1 246 210 71 203 -1 -1 -1 0 
318 1 244 209 67 192 -1 -1 -1 0 
319 1 244 209 64 200 -1 -1 -1 0 
320 1 242 210 66 201 -1 -1 -1 0 
321 1 240 211 68 202 -1 -1 -1 0 
322 1 239 211 68 203 -1 -1 -1 0 
323 1 238 212 68 202 -1 -1 -1 0 
324 1 238 212 68 201 -1 -1 -1 0 
325 1 238 211 68 201 -1 -1 -1 0 
326 1 238 211 68 199 -1 -1 -1 0 
327 1 239 208 66 191 -1 -1 -1 0 
328 1 241 209 66 195 -1 -1 -1 0 
329 1 243 210 73 204 -1 -1 -1 0 
330 1 243 215 83 199 -1 -1 -1 0 
331 1 247 215 88 204 -1 -1 -1 0 
332 1 249 216 94 205 -1 -1 -1 0 
333 1 254 216 93 210 -1 -1 -1 0 
334 1 254 215 96 210 -1 -1 -1 0 
335 1 252 214 99 209 -1 -1 -1 0 
336 1 258 212 95 209 -1 -1 -1 0 
337 1 274 209 83 206 -1 -1 -1 0 
338 1 283 208 77 198 -1 -1 -1 0 
339 1 295 208 68 216 -1 -1 -1 0 
340 1 296 207 69 229 -1 -1 -1 0 
341 1 300 206 66 234 -1 -1 -1 0 
342 1 299 212 70 212 -1 -1 -1 0 
343 1 300 215 70 200 -1 -1 -1 0 
344 1 301 216 70 198 -1 -1 -1 0 
345 1 302 215 68 199 -1 -1 -1 0 
346 1 301 216 70 199 -1 -1 -1 0 
347 1 301 218 69 198 -1 -1 -1 0 
348 1 300 212 67 211 -1 -1 -1 0 
349 1 298 213 69 215 -1 -1 -1 0 
350 1 297 211 68 223 -1 -1 -1 0 
351 1 293 207 71 228 -1 -1 -1 0 
352 1 291 205 72 221 -1 -1 -1 0 
353 1 290 204 71 229 -1 -1 -1 0 
354 1 286 201 75 227 -1 -1 -1 0 
355 1 285 202 75 233 -1 -1 -1 0 
356 1 283 202 78 228 -1 -1 -1 0 
357 1 282 208 80 216 -1 -1 -1 0 
358 1 283 209 79 217 -1 -1 -1 0 
359 1 283 203 79 255 -1 -1 -1 0 
360 1 283 199 81 243 -1 -1 -1 0 
361 1 281 198 87 225 -1 -1 -1 0 
362 1 282 196 85 233 -1 -1 -1 0 
363 1 281 196 87 236 -1 -1 -1 0 
364 1 283 196 87 242 -1 -1 -1 0 
365 1 283 194 91 247 -1 -1 -1 0 
366 1 284 193 91 252 -1 -1 -1 0 
367 1 283 188 89 275 -1 -1 -1 0 
368 1 281 186 93 263 -1 -1 -1 0 
369 1 280 191 94 248 -1 -1 -1 0 
370 1 279 186 94 257 -1 -1 -1 0 
371 1 279 184 95 267 -1 -1 -1 0 
372 1 277 176 96 281 -1 -1 -1 0 
373 1 275 175 100 285 -1 -1 -1 0 
374 1 276 174 100 287 -1 -1 -1 0 
375 1 277 173 103 291 -1 -1 -1 0 
376 1 278 170 104 295 -1 -1 -1 0 
377 1 279 162 106 304 -1 -1 -1 0 
378 1 280 159 109 305 -1 -1 -1 0 
379 1 280 155 113 313 -1 -1 -1 0 
380 1 282 150 117 321 -1 -1 -1 0 
381 1 284 147 118 327 -1 -1 -1 0 
382 1 285 146 121 326 -1 -1 -1 0 
383 1 286 144 120 330 -1 -1 -1 0 
384 1 285 138 122 337 -1 -1 -1 0 
385 1 284 134 125 342 -1 -1 -1 0 
386 1 280 129 133 350 -1 -1 -1 0 
387 1 280 125 134 354 -1 -1 -1 0 
388 1 278 121 138 358 -1 -1 -1 0 
389 1 276 118 143 361 -1 -1 -1 0 
390 1 278 115 143 364 -1 -1 -1 0 
391 1 279 115 146 364 -1 -1 -1 0 
392 1 284 104 149 374 -1 -1 -1 0 
393 1 286 95 151 381 -1 -1 -1 0 
394 1 285 83 159 393 -1 -1 -1 0 
395 1 283 77 165 400 -1 -1 -1 0 
396 1 285 74 171 401 -1 -1 -1 0 
397 1 286 73 171 401 -1 -1 -1 0 
398 1 285 64 180 409 -1 -1 -1 0 
399 1 282 60 184 411 -1 -1 -1 0 
400 1 279 55 186 415 -1 -1 -1 0 
401 1 271 38 196 431 -1 -1 -1 0 
402 1 268 19 203 453 -1 -1 -1 0 
403 1 265 11 209 462 -1 -1 -1 0 
404 1 262 2 216 473 -1 -1 -1 0 
405 1 259 0 224 474 -1 -1 -1 0 
406 1 257 0 232 471 -1 -1 -1 0 
407 1 256 0 242 472 -1 -1 -1 0 
408 1 259 1 255 473 -1 -1 -1 0 
409 1 255 0 266 479 -1 -1 -1 0 
410 1 251 0 274 477 -1 -1 -1 0 
411 1 248 0 283 473 -1 -1 -1 0 
412 1 247 0 288 474 -1 -1 -1 0 
413 1 241 0 301 471 -1 -1 -1 0 
414 1 237 0 307 470 -1 -1 -1 0 
415 1 220 0 325 470 -1 -1 -1 0 
416 1 213 0 330 471 -1 -1 -1 0 
417 1 196 1 354 466 -1 -1 -1 0 
418 1 193 0 362 465 -1 -1 -1 0 
419 1 195 0 361 474 -1 -1 -1 0 
420 1 205 2 340 469 -1 -1 -1 0 
421 1 208 1 339 471 -1 -1 -1 0 
422 1 211 0 333 476 -1 -1 -1 0 
423 1 221 3 299 471 -1 -1 -1 0 
424 1 227 4 279 468 -1 -1 -1 0 
425 1 228 7 268 466 -1 -1 -1 0 
426 1 223 8 276 467 -1 -1 -1 0 
427 1 207 6 313 471 -1 -1 -1 0 
428 1 206 3 324 472 -1 -1 -1 0 
429 1 193 5 356 468 -1 -1 -1 0 
430 1 184 4 374 469 -1 -1 -1 0 
431 1 162 11 424 466 -1 -1 -1 0 
432 1 151 7 454 472 -1 -1 -1 0 
433 1 149 7 481 467 -1 -1 -1 0 
434 1 128 4 505 469 -1 -1 -1 0 
435 1 145 6 490 471 -1 -1 -1 0 
436 1 149 8 487 469 -1 -1 -1 0 
437 1 150 10 488 465 -1 -1 -1 0 
438 1 156 18 483 457 -1 -1 -1 0 
439 1 223 14 413 463 -1 -1 -1 0 
440 1 248 13 389 466 -1 -1 -1 0 
441 1 283 4 353 475 -1 -1 -1 0 
442 1 317 17 322 457 -1 -1 -1 0 
443 1 332 20 307 451 -1 -1 -1 0 
444 1 359 0 280 476 -1 -1 -1 0 
445 1 374 0 265 473 -1 -1 -1 0 
446 1 421 2 216 471 -1 -1 -1 0 
447 1 452 12 186 461 -1 -1 -1 0 
448 1 462 6 177 468 -1 -1 -1 0 
449 1 481 7 158 465 -1 -1 -1 0 
450 1 486 5 153 467 -1 -1 -1 0 
451 1 484 7 154 456 -1 -1 -1 0 
452 1 493 2 146 466 -1 -1 -1 0 
453 1 506 0 132 472 -1 -1 -1 0 
454 1 518 2 119 472 -1 -1 -1 0 
455 1 520 4 119 473 -1 -1 -1 0 
477 1 507 0 132 477 -1 -1 -1 0 
478 1 508 0 131 477 -1 -1 -1 0 
479 1 497 4 142 471 -1 -1 -1 0 
480 1 498 6 141 470 -1 -1 -1 0 
484 1 372 4 267 468 -1 -1 -1 0 
485 1 311 0 328 475 -1 -1 -1 0 
486 1 274 0 365 478 -1 -1 -1 0 
487 1 155 7 484 467 -1 -1 -1 0 
488 1 152 9 487 466 -1 -1 -1 0 
489 1 65 13 574 455 -1 -1 -1 0 
490 1 58 15 579 455 -1 -1 -1 0 
491 1 12 17 624 449 -1 -1 -1 0 
492 1 54 4 577 467 -1 -1 -1 0 
493 1 23 10 600 460 -1 -1 -1 0 
494 1 20 11 600 459 -1 -1 -1 0 
495 1 13 8 615 466 -1 -1 -1 0 
496 1 160 4 463 475 -1 -1 -1 0 
497 1 171 4 464 475 -1 -1 -1 0 
498 1 31 10 608 466 -1 -1 -1 0 
499 1 20 12 619 465 -1 -1 -1 0 
501 1 63 13 570 465 -1 -1 -1 0 
502 1 68 14 571 465 -1 -1 -1 0 
503 1 68 14 571 465 -1 -1 -1 0 
504 1 23 24 614 451 -1 -1 -1 0 
505 1 21 26 613 450 -1 -1 -1 0 
506 1 19 18 610 459 -1 -1 -1 0 
507 1 24 5 594 471 -1 -1 -1 0 
508 1 23 3 596 472 -1 -1 -1 0 
509 1 21 3 597 471 -1 -1 -1 0 
510 1 20 2 602 469 -1 -1 -1 0 
511 1 20 1 602 470 -1 -1 -1 0 
512 1 18 1 606 470 -1 -1 -1 0 
513 1 18 1 607 470 -1 -1 -1 0 
514 1 18 1 607 470 -1 -1 -1 0 
515 1 13 4 618 465 -1 -1 -1 0 
516 1 13 4 619 466 -1 -1 -1 0 
517 1 17 4 612 467 -1 -1 -1 0 
518 1 16 2 609 470 -1 -1 -1 0 
519 1 16 2 609 471 -1 -1 -1 0 
520 1 14 1 609 470 -1 -1 -1 0 
521 1 22 0 599 471 -1 -1 -1 0 
522 1 22 0 599 471 -1 -1 -1 0 
523 1 20 0 602 470 -1 -1 -1 0 
524 1 19 0 603 469 -1 -1 -1 0 
525 1 19 0 602 469 -1 -1 -1 0 
526 1 18 0 605 471 -1 -1 -1 0 
527 1 17 0 606 471 -1 -1 -1 0 
528 1 17 0 607 471 -1 -1 -1 0 
529 1 19 0 603 472 -1 -1 -1 0 
530 1 19 0 603 473 -1 -1 -1 0 
531 1 19 0 602 475 -1 -1 -1 0 
532 1 19 0 601 476 -1 -1 -1 0 
533 1 17 0 604 476 -1 -1 -1 0 
534 1 17 0 602 477 -1 -1 -1 0 
535 1 15 0 605 476 -1 -1 -1 0 
536 1 17 1 603 476 -1 -1 -1 0 
537 1 16 2 604 475 -1 -1 -1 0 
538 1 16 1 603 475 -1 -1 -1 0 
539 1 18 0 600 475 -1 -1 -1 0 
540 1 17 0 601 475 -1 -1 -1 0 
541 1 17 0 602 476 -1 -1 -1 0 
542 1 18 1 600 475 -1 -1 -1 0 
543 1 18 1 600 474 -1 -1 -1 0 
544 1 18 1 601 475 -1 -1 -1 0 
545 1 18 0 600 476 -1 -1 -1 0 
546 1 18 0 599 476 -1 -1 -1 0 
547 1 17 1 603 473 -1 -1 -1 0 
548 1 20 0 597 474 -1 -1 -1 0 
549 1 18 0 602 473 -1 -1 -1 0 
550 1 18 0 601 474 -1 -1 -1 0 
551 1 17 0 602 474 -1 -1 -1 0 
552 1 19 0 599 474 -1 -1 -1 0 
553 1 18 1 601 473 -1 -1 -1 0 
554 1 19 1 600 473 -1 -1 -1 0 
555 1 18 2 602 473 -1 -1 -1 0 
556 1 19 2 601 472 -1 -1 -1 0 
557 1 20 2 600 472 -1 -1 -1 0 
558 1 19 2 602 472 -1 -1 -1 0 
559 1 19 2 601 471 -1 -1 -1 0 
560 1 20 1 599 473 -1 -1 -1 0 
561 1 17 2 602 471 -1 -1 -1 0 
562 1 16 2 605 471 -1 -1 -1 0 
563 1 17 1 604 472 -1 -1 -1 0 
564 1 17 1 605 472 -1 -1 -1 0 
565 1 17 0 606 473 -1 -1 -1 0 
566 1 17 1 606 472 -1 -1 -1 0 
567 1 17 1 605 472 -1 -1 -1 0 
568 1 16 1 606 471 -1 -1 -1 0 
569 1 17 1 604 471 -1 -1 -1 0 
570 1 17 1 604 471 -1 -1 -1 0 
571 1 15 1 606 471 -1 -1 -1 0 
572 1 17 2 605 471 -1 -1 -1 0 
573 1 18 1 605 472 -1 -1 -1 0 
574 1 20 1 603 472 -1 -1 -1 0 
575 1 18 2 605 470 -1 -1 -1 0 
576 1 19 2 604 470 -1 -1 -1 0 
577 1 19 2 604 471 -1 -1 -1 0 
578 1 20 1 602 473 -1 -1 -1 0 
579 1 20 0 602 474 -1 -1 -1 0 
580 1 20 1 600 473 -1 -1 -1 0 
581 1 20 0 598 475 -1 -1 -1 0 
582 1 20 1 599 473 -1 -1 -1 0 
583 1 22 2 597 471 -1 -1 -1 0 
584 1 21 3 600 470 -1 -1 -1 0 
585 1 21 3 600 470 -1 -1 -1 0 
586 1 21 3 599 471 -1 -1 -1 0 
587 1 20 2 600 472 -1 -1 -1 0 
588 1 20 2 600 473 -1 -1 -1 0 
589 1 19 4 604 470 -1 -1 -1 0 
590 1 19 2 604 472 -1 -1 -1 0 
591 1 20 3 603 472 -1 -1 -1 0 
592 1 20 4 604 471 -1 -1 -1 0 
593 1 18 4 608 468 -1 -1 -1 0 
594 1 20 3 604 470 -1 -1 -1 0 
595 1 18 3 608 469 -1 -1 -1 0 
596 1 22 3 602 469 -1 -1 -1 0 
597 1 22 4 603 467 -1 -1 -1 0 
598 1 22 3 603 468 -1 -1 -1 0 
599 1 20 4 607 467 -1 -1 -1 0 
600 1 20 4 606 468 -1 -1 -1 0 
601 1 22 4 607 469 -1 -1 -1 0 
602 1 21 4 607 469 -1 -1 -1 0 
603 1 21 3 607 470 -1 -1 -1 0 
604 1 22 3 606 469 -1 -1 -1 0 
605 1 23 3 605 469 -1 -1 -1 0 
606 1 25 2 601 471 -1 -1 -1 0 
607 1 26 2 601 470 -1 -1 -1 0 
608 1 26 2 603 469 -1 -1 -1 0 
609 1 27 2 601 470 -1 -1 -1 0 
610 1 26 2 602 470 -1 -1 -1 0 
611 1 29 1 598 472 -1 -1 -1 0 
612 1 27 1 602 472 -1 -1 -1 0 
613 1 26 0 603 474 -1 -1 -1 0 
614 1 28 0 598 475 -1 -1 -1 0 
615 1 26 0 603 475 -1 -1 -1 0 
616 1 26 0 603 475 -1 -1 -1 0 
617 1 26 0 602 474 -1 -1 -1 0 
618 1 26 0 601 473 -1 -1 -1 0 
619 1 27 1 599 472 -1 -1 -1 0 
620 1 28 1 597 474 -1 -1 -1 0 
621 1 26 2 601 473 -1 -1 -1 0 
622 1 28 2 597 473 -1 -1 -1 0 
623 1 27 1 599 474 -1 -1 -1 0 
624 1 26 2 602 473 -1 -1 -1 0 
625 1 27 2 599 473 -1 -1 -1 0 
626 1 25 3 600 472 -1 -1 -1 0 
627 1 26 2 602 473 -1 -1 -1 0 
628 1 25 2 604 470 -1 -1 -1 0 
629 1 27 1 600 471 -1 -1 -1 0 
630 1 26 2 602 470 -1 -1 -1 0 
631 1 27 2 601 470 -1 -1 -1 0 
632 1 28 2 600 469 -1 -1 -1 0 
633 1 27 1 601 471 -1 -1 -1 0 
634 1 25 1 604 471 -1 -1 -1 0 
635 1 25 2 603 469 -1 -1 -1 0 
636 1 26 2 601 469 -1 -1 -1 0 
637 1 27 1 600 471 -1 -1 -1 0 
638 1 28 1 600 471 -1 -1 -1 0 
639 1 28 1 599 472 -1 -1 -1 0 
640 1 27 1 600 471 -1 -1 -1 0 
641 1 25 2 602 469 -1 -1 -1 0 
642 1 27 1 602 470 -1 -1 -1 0 
643 1 25 0 603 471 -1 -1 -1 0 
644 1 26 1 600 470 -1 -1 -1 0 
645 1 26 0 602 471 -1 -1 -1 0 
646 1 25 1 602 470 -1 -1 -1 0 
647 1 25 1 602 470 -1 -1 -1 0 
648 1 25 1 602 470 -1 -1 -1 0 
649 1 25 1 602 470 -1 -1 -1 0 
650 1 26 1 601 469 -1 -1 -1 0 
651 1 25 0 600 471 -1 -1 -1 0 
652 1 25 1 602 470 -1 -1 -1 0 
653 1 25 1 601 470 -1 -1 -1 0 
654 1 25 2 602 469 -1 -1 -1 0 
655 1 24 1 604 470 -1 -1 -1 0 
656 1 26 1 600 470 -1 -1 -1 0 
657 1 26 1 600 472 -1 -1 -1 0 
658 1 25 2 604 471 -1 -1 -1 0 
659 1 24 2 604 470 -1 -1 -1 0 
660 1 24 3 603 469 -1 -1 -1 0 
661 1 26 2 603 470 -1 -1 -1 0 
662 1 31 2 596 470 -1 -1 -1 0 
663 1 32 1 596 472 -1 -1 -1 0 
664 1 30 0 600 473 -1 -1 -1 0 
665 1 32 0 596 473 -1 -1 -1 0 
666 1 28 0 601 474 -1 -1 -1 0 
667 1 28 1 601 473 -1 -1 -1 0 
668 1 30 1 599 473 -1 -1 -1 0 
669 1 29 1 599 472 -1 -1 -1 0 
670 1 29 1 599 472 -1 -1 -1 0 
671 1 30 1 598 472 -1 -1 -1 0 
672 1 29 2 599 471 -1 -1 -1 0 
673 1 29 2 599 470 -1 -1 -1 0 
674 1 30 1 598 471 -1 -1 -1 0 
675 1 32 1 596 471 -1 -1 -1 0 
676 1 32 2 596 470 -1 -1 -1 0 
677 1 28 1 600 471 -1 -1 -1 0 
678 1 28 1 599 470 -1 -1 -1 0 
679 1 29 1 598 471 -1 -1 -1 0 
680 1 28 0 600 472 -1 -1 -1 0 
681 1 30 1 597 470 -1 -1 -1 0 
682 1 30 1 598 470 -1 -1 -1 0 
683 1 31 0 598 472 -1 -1 -1 0 
684 1 30 0 599 471 -1 -1 -1 0 
685 1 30 0 599 471 -1 -1 -1 0 
686 1 30 1 599 469 -1 -1 -1 0 
687 1 30 1 598 470 -1 -1 -1 0 
688 1 30 1 599 470 -1 -1 -1 0 
689 1 31 0 595 472 -1 -1 -1 0 
690 1 31 1 596 471 -1 -1 -1 0 
691 1 31 1 597 470 -1 -1 -1 0 
692 1 32 1 596 470 -1 -1 -1 0 
693 1 29 1 599 470 -1 -1 -1 0 
694 1 30 1 596 470 -1 -1 -1 0 
695 1 30 1 597 471 -1 -1 -1 0 
696 1 30 1 598 470 -1 -1 -1 0 
697 1 31 1 597 470 -1 -1 -1 0 
698 1 30 2 598 469 -1 -1 -1 0 
699 1 31 1 597 470 -1 -1 -1 0 
700 1 31 1 596 469 -1 -1 -1 0 
701 1 30 1 597 470 -1 -1 -1 0 
702 1 30 2 597 469 -1 -1 -1 0 
703 1 30 1 597 469 -1 -1 -1 0 
704 1 30 1 597 468 -1 -1 -1 0 
705 1 30 1 597 469 -1 -1 -1 0 
706 1 30 1 597 470 -1 -1 -1 0 
707 1 34 1 593 469 -1 -1 -1 0 
708 1 31 1 597 469 -1 -1 -1 0 
709 1 31 1 596 469 -1 -1 -1 0 
710 1 31 1 597 468 -1 -1 -1 0 
711 1 30 1 598 469 -1 -1 -1 0 
712 1 32 1 595 469 -1 -1 -1 0 
713 1 33 1 595 470 -1 -1 -1 0 
714 1 34 1 593 470 -1 -1 -1 0 
715 1 32 0 597 470 -1 -1 -1 0 
716 1 32 0 596 471 -1 -1 -1 0 
717 1 32 0 596 471 -1 -1 -1 0 
718 1 30 0 598 471 -1 -1 -1 0 
719 1 30 0 597 471 -1 -1 -1 0 
720 1 31 0 596 471 -1 -1 -1 0 
721 1 31 0 596 471 -1 -1 -1 0 
722 1 29 0 598 470 -1 -1 -1 0 
723 1 30 0 596 470 -1 -1 -1 0 
724 1 29 0 598 469 -1 -1 -1 0 
725 1 30 1 597 469 -1 -1 -1 0 
726 1 30 1 597 469 -1 -1 -1 0 
727 1 31 0 594 470 -1 -1 -1 0 
728 1 30 1 596 469 -1 -1 -1 0 
729 1 29 1 598 469 -1 -1 -1 0 
730 1 30 1 596 469 -1 -1 -1 0 
731 1 29 0 597 470 -1 -1 -1 0 
732 1 28 1 597 469 -1 -1 -1 0 
733 1 26 1 600 468 -1 -1 -1 0 
734 1 27 1 598 467 -1 -1 -1 0 
735 1 28 1 596 469 -1 -1 -1 0 
736 1 29 1 596 469 -1 -1 -1 0 
737 1 28 2 597 468 -1 -1 -1 0 
738 1 27 3 599 466 -1 -1 -1 0 
739 1 28 1 598 468 -1 -1 -1 0 
740 1 28 2 598 466 -1 -1 -1 0 
741 1 28 2 596 470 -1 -1 -1 0 
742 1 25 2 599 471 -1 -1 -1 0 
743 1 24 2 600 470 -1 -1 -1 0 
744 1 22 0 606 473 -1 -1 -1 0 
745 1 20 0 607 473 -1 -1 -1 0 
746 1 22 0 606 476 -1 -1 -1 0 
747 1 25 0 605 475 -1 -1 -1 0 
748 1 26 0 604 474 -1 -1 -1 0 
749 1 27 0 602 473 -1 -1 -1 0 
750 1 28 0 601 473 -1 -1 -1 0 
751 1 29 0 601 471 -1 -1 -1 0 
752 1 30 0 600 471 -1 -1 -1 0 
753 1 28 0 603 472 -1 -1 -1 0 
754 1 28 0 603 471 -1 -1 -1 0 
755 1 64 0 570 471 -1 -1 -1 0 
756 1 28 0 603 471 -1 -1 -1 0 
757 1 26 0 603 471 -1 -1 -1 0 
758 1 27 0 600 472 -1 -1 -1 0 
759 1 26 0 602 472 -1 -1 -1 0 
760 1 25 0 603 472 -1 -1 -1 0 
761 1 26 0 602 473 -1 -1 -1 0 
762 1 62 0 574 472 -1 -1 -1 0 
763 1 30 0 600 473 -1 -1 -1 0 
764 1 27 0 600 474 -1 -1 -1 0 
765 1 27 0 600 475 -1 -1 -1 0 
766 1 26 0 602 475 -1 -1 -1 0 
767 1 26 0 601 475 -1 -1 -1 0 
768 1 27 0 600 473 -1 -1 -1 0 
769 1 26 0 600 472 -1 -1 -1 0 
770 1 26 0 596 472 -1 -1 -1 0 
771 1 26 1 596 471 -1 -1 -1 0 
772 1 24 0 601 473 -1 -1 -1 0 
773 1 26 0 600 471 -1 -1 -1 0 
774 1 22 0 607 470 -1 -1 -1 0 
775 1 21 0 607 470 -1 -1 -1 0 
776 1 22 0 606 471 -1 -1 -1 0 
777 1 19 0 609 473 -1 -1 -1 0 
778 1 19 0 609 472 -1 -1 -1 0 
779 1 18 0 610 472 -1 -1 -1 0 
780 1 21 1 609 469 -1 -1 -1 0 
781 1 16 1 614 468 -1 -1 -1 0 
782 1 19 0 607 476 -1 -1 -1 0 
783 1 20 0 609 477 -1 -1 -1 0 
784 1 22 0 608 476 -1 -1 -1 0 
785 1 21 1 610 471 -1 -1 -1 0 
786 1 23 0 608 476 -1 -1 -1 0 
787 1 21 1 611 473 -1 -1 -1 0 
788 1 19 2 614 470 -1 -1 -1 0 
789 1 18 2 615 465 -1 -1 -1 0 
790 1 20 1 611 467 -1 -1 -1 0 
791 1 20 0 609 470 -1 -1 -1 0 
792 1 19 1 610 468 -1 -1 -1 0 
793 1 18 0 613 468 -1 -1 -1 0 
794 1 21 0 610 468 -1 -1 -1 0 
795 1 22 1 609 467 -1 -1 -1 0 
796 1 22 0 607 467 -1 -1 -1 0 
797 1 22 2 603 464 -1 -1 -1 0 
798 1 21 3 605 464 -1 -1 -1 0 
799 1 18 3 611 465 -1 -1 -1 0 
800 1 15 3 618 466 -1 -1 -1 0 
801 1 15 5 618 462 -1 -1 -1 0 
802 1 13 2 620 461 -1 -1 -1 0 
803 1 15 4 619 457 -1 -1 -1 0 
804 1 17 2 617 463 -1 -1 -1 0 
805 1 11 7 615 456 -1 -1 -1 0 
806 1 12 7 614 455 -1 -1 -1 0 
807 1 12 9 613 457 -1 -1 -1 0 
808 1 15 8 611 459 -1 -1 -1 0 
809 1 23 1 596 468 -1 -1 -1 0 
810 1 25 3 596 465 -1 -1 -1 0 
811 1 24 2 597 466 -1 -1 -1 0 
812 1 20 4 597 461 -1 -1 -1 0 
813 1 20 1 595 468 -1 -1 -1 0 
814 1 25 1 593 469 -1 -1 -1 0 
815 1 26 1 600 468 -1 -1 -1 0 
816 1 29 1 600 470 -1 -1 -1 0 
817 1 27 0 605 474 -1 -1 -1 0 
818 1 25 3 609 472 -1 -1 -1 0 
819 1 16 8 623 464 -1 -1 -1 0 
820 1 11 9 627 465 -1 -1 -1 0 
821 1 5 11 632 464 -1 -1 -1 0 
822 1 7 11 622 467 -1 -1 -1 0 
823 1 10 13 616 460 -1 -1 -1 0 
824 1 13 13 608 457 -1 -1 -1 0 
825 1 7 20 623 435 -1 -1 -1 0 
826 1 2 10 628 461 -1 -1 -1 0 
827 1 26 1 594 471 -1 -1 -1 0 
828 1 32 0 589 472 -1 -1 -1 0 
829 1 53 0 536 479 -1 -1 -1 0 
830 1 47 4 531 475 -1 -1 -1 0 
831 1 19 0 527 474 -1 -1 -1 0 
832 1 10 0 529 474 -1 -1 -1 0 
833 1 6 0 524 468 -1 -1 -1 0 
834 1 6 0 520 471 -1 -1 -1 0 
835 1 4 0 523 476 -1 -1 -1 0 
836 1 4 0 526 476 -1 -1 -1 0 
837 1 5 0 528 476 -1 -1 -1 0 
838 1 5 0 533 475 -1 -1 -1 0 
839 1 3 0 540 474 -1 -1 -1 0 
840 1 7 0 539 472 -1 -1 -1 0 
841 1 11 0 543 467 -1 -1 -1 0 
842 1 10 0 557 468 -1 -1 -1 0 
843 1 9 0 546 467 -1 -1 -1 0 
844 1 9 0 546 467 -1 -1 -1 0 
845 1 10 1 547 469 -1 -1 -1 0 
846 1 0 1 606 466 -1 -1 -1 0 
