3 1 18 6 589 473 -1 -1 -1 0 
4 1 19 5 588 474 -1 -1 -1 0 
5 1 20 6 585 473 -1 -1 -1 0 
6 1 20 6 584 473 -1 -1 -1 0 
7 1 19 5 586 474 -1 -1 -1 0 
8 1 19 5 586 474 -1 -1 -1 0 
9 1 20 5 584 474 -1 -1 -1 0 
10 1 18 5 587 474 -1 -1 -1 0 
11 1 18 4 588 475 -1 -1 -1 0 
12 1 19 4 587 475 -1 -1 -1 0 
13 1 19 5 587 474 -1 -1 -1 0 
14 1 19 5 586 474 -1 -1 -1 0 
15 1 19 4 586 475 -1 -1 -1 0 
16 1 17 4 589 475 -1 -1 -1 0 
17 1 19 5 586 474 -1 -1 -1 0 
18 1 17 5 589 474 -1 -1 -1 0 
19 1 19 5 587 474 -1 -1 -1 0 
20 1 18 5 586 474 -1 -1 -1 0 
21 1 19 5 585 474 -1 -1 -1 0 
22 1 20 6 584 473 -1 -1 -1 0 
23 1 19 5 588 474 -1 -1 -1 0 
24 1 16 0 593 478 -1 -1 -1 0 
25 1 13 0 601 476 -1 -1 -1 0 
26 1 18 5 596 472 -1 -1 -1 0 
27 1 18 4 600 475 -1 -1 -1 0 
28 1 14 12 615 466 -1 -1 -1 0 
29 1 12 9 619 469 -1 -1 -1 0 
30 1 22 5 607 474 -1 -1 -1 0 
31 1 15 5 613 470 -1 -1 -1 0 
32 1 8 9 616 455 -1 -1 -1 0 
33 1 10 9 612 454 -1 -1 -1 0 
34 1 10 0 612 468 -1 -1 -1 0 
35 1 18 3 608 465 -1 -1 -1 0 
36 1 17 5 617 466 -1 -1 -1 0 
37 1 34 3 583 471 -1 -1 -1 0 
38 1 17 1 600 466 -1 -1 -1 0 
39 1 17 5 605 467 -1 -1 -1 0 
40 1 7 5 609 464 -1 -1 -1 0 
41 1 4 0 605 465 -1 -1 -1 0 
42 1 11 4 591 467 -1 -1 -1 0 
43 1 22 2 531 461 -1 -1 -1 0 
44 1 23 4 507 467 -1 -1 -1 0 
45 1 20 3 491 473 -1 -1 -1 0 
46 1 12 0 482 473 -1 -1 -1 0 
47 1 14 2 484 467 -1 -1 -1 0 
48 1 27 0 478 474 -1 -1 -1 0 
49 1 56 7 452 459 -1 -1 -1 0 
50 1 76 6 427 463 -1 -1 -1 0 
51 1 117 1 377 469 -1 -1 -1 0 
52 1 124 0 364 471 -1 -1 -1 0 
53 1 130 0 343 471 -1 -1 -1 0 
54 1 132 2 336 465 -1 -1 -1 0 
55 1 128 10 315 454 -1 -1 -1 0 
56 1 123 8 316 459 -1 -1 -1 0 
57 1 117 3 307 469 -1 -1 -1 0 
58 1 117 0 305 472 -1 -1 -1 0 
59 1 120 2 299 473 -1 -1 -1 0 
60 1 129 4 285 475 -1 -1 -1 0 
61 1 137 4 282 475 -1 -1 -1 0 
62 1 148 6 268 473 -1 -1 -1 0 
63 1 152 4 261 474 -1 -1 -1 0 
64 1 149 3 266 476 -1 -1 -1 0 
65 1 149 2 256 477 -1 -1 -1 0 
66 1 149 0 247 479 -1 -1 -1 0 
67 1 148 0 246 479 -1 -1 -1 0 
68 1 152 5 241 470 -1 -1 -1 0 
69 1 169 7 224 468 -1 -1 -1 0 
70 1 175 4 218 472 -1 -1 -1 0 
71 1 183 0 212 475 -1 -1 -1 0 
72 1 176 0 222 477 -1 -1 -1 0 
73 1 155 0 248 479 -1 -1 -1 0 
74 1 149 0 257 479 -1 -1 -1 0 
75 1 112 0 304 479 -1 -1 -1 0 
76 1 95 0 326 479 -1 -1 -1 0 
77 1 50 5 385 470 -1 -1 -1 0 
78 1 11 0 437 477 -1 -1 -1 0 
79 1 8 0 448 476 -1 -1 -1 0 
80 1 13 2 439 477 -1 -1 -1 0 
81 1 7 3 454 472 -1 -1 -1 0 
82 1 9 2 461 471 -1 -1 -1 0 
83 1 6 2 471 473 -1 -1 -1 0 
84 1 1 7 478 466 -1 -1 -1 0 
85 1 0 7 484 465 -1 -1 -1 0 
86 1 3 9 481 460 -1 -1 -1 0 
87 1 9 12 465 456 -1 -1 -1 0 
88 1 0 9 478 455 -1 -1 -1 0 
89 1 0 5 482 467 -1 -1 -1 0 
90 1 0 7 490 464 -1 -1 -1 0 
91 1 0 5 487 468 -1 -1 -1 0 
92 1 2 4 484 468 -1 -1 -1 0 
93 1 4 5 479 465 -1 -1 -1 0 
94 1 6 4 474 469 -1 -1 -1 0 
95 1 7 5 469 469 -1 -1 -1 0 
96 1 6 5 470 470 -1 -1 -1 0 
97 1 4 6 472 467 -1 -1 -1 0 
98 1 2 4 473 471 -1 -1 -1 0 
99 1 0 4 477 474 -1 -1 -1 0 
100 1 0 5 479 473 -1 -1 -1 0 
104 1 0 5 475 474 -1 -1 -1 0 
105 1 0 5 476 474 -1 -1 -1 0 
106 1 0 6 473 472 -1 -1 -1 0 
107 1 0 6 473 472 -1 -1 -1 0 
108 1 1 5 471 473 -1 -1 -1 0 
109 1 0 4 473 473 -1 -1 -1 0 
110 1 2 4 468 473 -1 -1 -1 0 
111 1 0 4 469 474 -1 -1 -1 0 
112 1 0 6 466 472 -1 -1 -1 0 
113 1 0 4 465 475 -1 -1 -1 0 
114 1 0 4 466 474 -1 -1 -1 0 
115 1 1 4 465 474 -1 -1 -1 0 
116 1 0 4 468 475 -1 -1 -1 0 
117 1 0 4 471 475 -1 -1 -1 0 
118 1 0 4 468 475 -1 -1 -1 0 
119 1 0 3 467 476 -1 -1 -1 0 
120 1 0 2 467 477 -1 -1 -1 0 
121 1 1 4 464 475 -1 -1 -1 0 
122 1 3 5 459 474 -1 -1 -1 0 
123 1 3 4 459 475 -1 -1 -1 0 
124 1 2 4 460 475 -1 -1 -1 0 
125 1 2 4 463 475 -1 -1 -1 0 
126 1 0 4 467 474 -1 -1 -1 0 
127 1 0 3 468 476 -1 -1 -1 0 
128 1 2 5 466 473 -1 -1 -1 0 
129 1 3 5 468 473 -1 -1 -1 0 
130 1 4 4 470 474 -1 -1 -1 0 
131 1 4 3 472 476 -1 -1 -1 0 
132 1 5 3 471 476 -1 -1 -1 0 
133 1 4 3 470 476 -1 -1 -1 0 
134 1 3 4 473 474 -1 -1 -1 0 
135 1 3 4 471 475 -1 -1 -1 0 
136 1 4 4 473 475 -1 -1 -1 0 
137 1 4 4 471 475 -1 -1 -1 0 
138 1 4 4 470 475 -1 -1 -1 0 
139 1 4 4 471 475 -1 -1 -1 0 
140 1 4 3 471 475 -1 -1 -1 0 
141 1 4 3 471 476 -1 -1 -1 0 
142 1 4 3 470 476 -1 -1 -1 0 
143 1 3 4 470 475 -1 -1 -1 0 
144 1 3 4 470 475 -1 -1 -1 0 
145 1 4 4 470 474 -1 -1 -1 0 
146 1 6 4 466 474 -1 -1 -1 0 
147 1 5 4 469 474 -1 -1 -1 0 
148 1 5 4 467 475 -1 -1 -1 0 
149 1 5 4 468 475 -1 -1 -1 0 
150 1 5 3 469 476 -1 -1 -1 0 
151 1 6 3 467 476 -1 -1 -1 0 
152 1 5 3 469 476 -1 -1 -1 0 
153 1 5 3 469 476 -1 -1 -1 0 
154 1 5 4 471 475 -1 -1 -1 0 
155 1 5 4 471 475 -1 -1 -1 0 
156 1 4 4 475 475 -1 -1 -1 0 
157 1 5 5 473 474 -1 -1 -1 0 
158 1 6 5 471 474 -1 -1 -1 0 
159 1 5 5 472 474 -1 -1 -1 0 
160 1 5 4 471 475 -1 -1 -1 0 
161 1 5 3 471 476 -1 -1 -1 0 
162 1 6 3 469 476 -1 -1 -1 0 
163 1 5 3 471 476 -1 -1 -1 0 
164 1 6 4 470 475 -1 -1 -1 0 
165 1 6 4 470 475 -1 -1 -1 0 
166 1 5 4 473 475 -1 -1 -1 0 
167 1 5 4 473 475 -1 -1 -1 0 
168 1 6 3 473 476 -1 -1 -1 0 
169 1 10 3 463 476 -1 -1 -1 0 
170 1 10 3 465 476 -1 -1 -1 0 
171 1 10 2 464 477 -1 -1 -1 0 
172 1 10 2 464 477 -1 -1 -1 0 
173 1 10 2 463 477 -1 -1 -1 0 
174 1 8 2 467 477 -1 -1 -1 0 
175 1 9 2 465 477 -1 -1 -1 0 
176 1 9 3 465 476 -1 -1 -1 0 
177 1 9 2 465 477 -1 -1 -1 0 
178 1 9 2 467 477 -1 -1 -1 0 
179 1 9 3 468 476 -1 -1 -1 0 
180 1 11 3 463 476 -1 -1 -1 0 
181 1 9 2 468 477 -1 -1 -1 0 
182 1 10 2 467 477 -1 -1 -1 0 
183 1 10 2 466 477 -1 -1 -1 0 
184 1 10 2 465 477 -1 -1 -1 0 
185 1 9 3 467 476 -1 -1 -1 0 
186 1 9 2 467 477 -1 -1 -1 0 
187 1 8 2 468 477 -1 -1 -1 0 
188 1 8 3 468 476 -1 -1 -1 0 
189 1 10 3 465 476 -1 -1 -1 0 
190 1 9 2 467 477 -1 -1 -1 0 
191 1 9 2 467 477 -1 -1 -1 0 
192 1 9 2 467 477 -1 -1 -1 0 
193 1 9 1 467 478 -1 -1 -1 0 
194 1 10 2 465 477 -1 -1 -1 0 
195 1 10 2 464 477 -1 -1 -1 0 
196 1 9 1 466 478 -1 -1 -1 0 
197 1 9 1 467 478 -1 -1 -1 0 
198 1 9 2 467 477 -1 -1 -1 0 
199 1 9 2 468 477 -1 -1 -1 0 
200 1 10 2 467 477 -1 -1 -1 0 
201 1 11 2 464 477 -1 -1 -1 0 
202 1 10 2 466 477 -1 -1 -1 0 
203 1 9 1 467 478 -1 -1 -1 0 
204 1 9 2 466 477 -1 -1 -1 0 
205 1 9 2 467 477 -1 -1 -1 0 
206 1 8 2 468 476 -1 -1 -1 0 
207 1 8 2 467 476 -1 -1 -1 0 
208 1 9 2 466 477 -1 -1 -1 0 
209 1 9 1 466 478 -1 -1 -1 0 
210 1 8 1 467 478 -1 -1 -1 0 
211 1 8 1 468 478 -1 -1 -1 0 
212 1 8 1 468 478 -1 -1 -1 0 
213 1 9 1 467 478 -1 -1 -1 0 
214 1 9 1 467 478 -1 -1 -1 0 
215 1 8 1 468 478 -1 -1 -1 0 
216 1 8 2 469 477 -1 -1 -1 0 
217 1 10 3 465 476 -1 -1 -1 0 
218 1 8 2 467 477 -1 -1 -1 0 
219 1 8 2 466 477 -1 -1 -1 0 
220 1 8 2 467 476 -1 -1 -1 0 
221 1 9 2 465 476 -1 -1 -1 0 
222 1 8 1 468 478 -1 -1 -1 0 
223 1 9 1 467 478 -1 -1 -1 0 
224 1 7 0 466 478 -1 -1 -1 0 
225 1 7 1 469 476 -1 -1 -1 0 
226 1 8 1 467 477 -1 -1 -1 0 
227 1 7 1 469 478 -1 -1 -1 0 
228 1 7 1 470 478 -1 -1 -1 0 
229 1 7 1 470 477 -1 -1 -1 0 
230 1 6 2 477 476 -1 -1 -1 0 
231 1 9 2 472 476 -1 -1 -1 0 
232 1 11 2 468 475 -1 -1 -1 0 
233 1 7 3 476 471 -1 -1 -1 0 
234 1 13 2 467 474 -1 -1 -1 0 
235 1 18 0 475 479 -1 -1 -1 0 
236 1 8 1 479 478 -1 -1 -1 0 
237 1 16 2 487 473 -1 -1 -1 0 
238 1 36 3 463 474 -1 -1 -1 0 
239 1 26 8 456 471 -1 -1 -1 0 
240 1 12 6 469 473 -1 -1 -1 0 
241 1 71 1 401 478 -1 -1 -1 0 
242 1 160 4 296 468 -1 -1 -1 0 
243 1 190 0 253 474 -1 -1 -1 0 
244 1 199 5 236 470 -1 -1 -1 0 
245 1 200 1 219 470 -1 -1 -1 0 
246 1 197 2 213 471 -1 -1 -1 0 
247 1 185 4 217 469 -1 -1 -1 0 
248 1 164 4 237 468 -1 -1 -1 0 
249 1 131 1 267 475 -1 -1 -1 0 
250 1 122 4 275 471 -1 -1 -1 0 
251 1 109 2 280 475 -1 -1 -1 0 
252 1 111 0 273 471 -1 -1 -1 0 
253 1 114 1 261 471 -1 -1 -1 0 
254 1 112 2 265 471 -1 -1 -1 0 
255 1 113 0 260 472 -1 -1 -1 0 
256 1 112 4 257 467 -1 -1 -1 0 
257 1 103 0 262 471 -1 -1 -1 0 
258 1 99 0 261 472 -1 -1 -1 0 
259 1 89 0 263 479 -1 -1 -1 0 
260 1 87 12 256 461 -1 -1 -1 0 
261 1 87 11 252 465 -1 -1 -1 0 
262 1 91 5 238 473 -1 -1 -1 0 
263 1 96 4 231 473 -1 -1 -1 0 
264 1 102 9 234 457 -1 -1 -1 0 
265 1 103 14 231 462 -1 -1 -1 0 
266 1 108 18 226 454 -1 -1 -1 0 
267 1 120 28 216 446 -1 -1 -1 0 
268 1 123 26 219 449 -1 -1 -1 0 
269 1 135 33 214 440 -1 -1 -1 0 
270 1 143 38 211 433 -1 -1 -1 0 
271 1 153 46 208 425 -1 -1 -1 0 
272 1 154 46 210 427 -1 -1 -1 0 
273 1 150 52 216 427 -1 -1 -1 0 
274 1 148 53 229 426 -1 -1 -1 0 
275 1 158 49 232 426 -1 -1 -1 0 
276 1 161 51 229 423 -1 -1 -1 0 
277 1 177 50 208 423 -1 -1 -1 0 
278 1 183 51 192 423 -1 -1 -1 0 
279 1 182 52 178 424 -1 -1 -1 0 
280 1 182 52 144 426 -1 -1 -1 0 
281 1 176 51 121 428 -1 -1 -1 0 
282 1 171 50 143 427 -1 -1 -1 0 
283 1 159 46 171 429 -1 -1 -1 0 
284 1 147 51 188 423 -1 -1 -1 0 
285 1 131 46 202 428 -1 -1 -1 0 
286 1 115 39 218 436 -1 -1 -1 0 
287 1 108 34 224 438 -1 -1 -1 0 
288 1 97 34 237 436 -1 -1 -1 0 
289 1 84 22 245 451 -1 -1 -1 0 
290 1 64 15 260 460 -1 -1 -1 0 
291 1 59 15 257 461 -1 -1 -1 0 
292 1 37 13 262 461 -1 -1 -1 0 
293 1 32 11 249 466 -1 -1 -1 0 
294 1 23 5 240 474 -1 -1 -1 0 
295 1 23 1 237 475 -1 -1 -1 0 
296 1 21 2 233 468 -1 -1 -1 0 
297 1 10 1 231 462 -1 -1 -1 0 
298 1 4 1 233 459 -1 -1 -1 0 
299 1 4 0 230 477 -1 -1 -1 0 
300 1 0 0 224 478 -1 -1 -1 0 
301 1 0 0 222 475 -1 -1 -1 0 
302 1 0 0 215 477 -1 -1 -1 0 
303 1 0 0 200 479 -1 -1 -1 0 
304 1 2 0 179 479 -1 -1 -1 0 
305 1 1 5 166 462 -1 -1 -1 0 
306 1 5 13 142 420 -1 -1 -1 0 
307 1 4 12 124 399 -1 -1 -1 0 
308 1 2 9 111 390 -1 -1 -1 0 
309 1 3 9 93 383 -1 -1 -1 0 
310 1 0 9 91 377 -1 -1 -1 0 
311 1 0 24 83 358 -1 -1 -1 0 
312 1 0 29 75 351 -1 -1 -1 0 
320 1 0 38 63 341 -1 -1 -1 0 
323 2 0 27 65 341 -1 -1 -1 0 
324 2 0 9 83 367 -1 -1 -1 0 
325 2 0 0 107 379 -1 -1 -1 0 
326 2 0 3 124 371 -1 -1 -1 0 
327 2 0 2 148 369 -1 -1 -1 0 
328 2 0 0 162 355 -1 -1 -1 0 
329 2 2 0 173 366 -1 -1 -1 0 
330 2 2 0 178 376 -1 -1 -1 0 
331 2 4 0 179 367 -1 -1 -1 0 
332 2 4 0 182 373 -1 -1 -1 0 
333 2 4 0 181 377 -1 -1 -1 0 
334 2 8 0 175 377 -1 -1 -1 0 
335 2 23 0 157 418 -1 -1 -1 0 
336 2 30 0 158 477 -1 -1 -1 0 
337 2 44 0 151 473 -1 -1 -1 0 
338 2 61 0 155 470 -1 -1 -1 0 
339 2 83 0 156 472 -1 -1 -1 0 
340 2 89 2 165 469 -1 -1 -1 0 
341 2 98 1 180 474 -1 -1 -1 0 
342 2 104 1 183 475 -1 -1 -1 0 
343 2 105 0 202 476 -1 -1 -1 0 
344 2 109 9 205 465 -1 -1 -1 0 
345 2 114 17 209 456 -1 -1 -1 0 
346 2 123 34 204 436 -1 -1 -1 0 
347 2 128 42 198 429 -1 -1 -1 0 
348 2 132 43 193 430 -1 -1 -1 0 
349 2 145 45 174 430 -1 -1 -1 0 
350 2 152 49 171 422 -1 -1 -1 0 
351 2 156 52 170 422 -1 -1 -1 0 
352 2 159 54 169 418 -1 -1 -1 0 
353 2 164 57 169 417 -1 -1 -1 0 
354 2 169 65 168 405 -1 -1 -1 0 
355 2 172 63 166 408 -1 -1 -1 0 
356 2 175 73 167 397 -1 -1 -1 0 
357 2 179 76 167 393 -1 -1 -1 0 
358 2 188 80 159 390 -1 -1 -1 0 
359 2 192 81 156 391 -1 -1 -1 0 
360 2 194 82 157 394 -1 -1 -1 0 
361 2 193 83 160 392 -1 -1 -1 0 
362 2 198 83 156 392 -1 -1 -1 0 
363 2 203 86 152 389 -1 -1 -1 0 
364 2 206 88 149 387 -1 -1 -1 0 
365 2 206 90 147 384 -1 -1 -1 0 
366 2 207 92 145 383 -1 -1 -1 0 
367 2 202 91 147 385 -1 -1 -1 0 
368 2 200 91 148 383 -1 -1 -1 0 
369 2 198 96 149 378 -1 -1 -1 0 
370 2 199 99 146 375 -1 -1 -1 0 
371 2 199 103 145 371 -1 -1 -1 0 
372 2 202 102 142 372 -1 -1 -1 0 
373 2 205 99 135 374 -1 -1 -1 0 
374 2 208 102 118 374 -1 -1 -1 0 
375 2 205 105 111 372 -1 -1 -1 0 
376 2 202 102 99 373 -1 -1 -1 0 
377 2 201 100 98 375 -1 -1 -1 0 
378 2 201 100 104 376 -1 -1 -1 0 
379 2 203 103 113 375 -1 -1 -1 0 
380 2 206 102 105 376 -1 -1 -1 0 
381 2 206 99 114 379 -1 -1 -1 0 
382 2 210 100 120 375 -1 -1 -1 0 
383 2 209 98 129 376 -1 -1 -1 0 
384 2 211 96 134 377 -1 -1 -1 0 
385 2 210 94 144 382 -1 -1 -1 0 
386 2 209 95 149 380 -1 -1 -1 0 
387 2 212 99 151 374 -1 -1 -1 0 
388 2 215 102 149 371 -1 -1 -1 0 
389 2 218 99 147 374 -1 -1 -1 0 
390 2 221 99 143 374 -1 -1 -1 0 
391 2 222 99 140 374 -1 -1 -1 0 
392 2 221 101 139 372 -1 -1 -1 0 
393 2 221 101 136 372 -1 -1 -1 0 
394 2 220 100 136 373 -1 -1 -1 0 
395 2 218 97 136 377 -1 -1 -1 0 
396 2 216 96 136 379 -1 -1 -1 0 
397 2 215 96 137 379 -1 -1 -1 0 
398 2 213 97 139 378 -1 -1 -1 0 
399 2 213 98 138 377 -1 -1 -1 0 
400 2 211 99 139 376 -1 -1 -1 0 
401 2 211 96 138 377 -1 -1 -1 0 
402 2 209 96 140 376 -1 -1 -1 0 
403 2 207 97 142 374 -1 -1 -1 0 
404 2 204 99 143 374 -1 -1 -1 0 
405 2 203 99 143 374 -1 -1 -1 0 
406 2 201 99 144 374 -1 -1 -1 0 
407 2 202 101 142 371 -1 -1 -1 0 
408 2 203 101 142 372 -1 -1 -1 0 
409 2 204 101 142 372 -1 -1 -1 0 
410 2 206 101 142 373 -1 -1 -1 0 
411 2 208 101 141 373 -1 -1 -1 0 
412 2 209 101 140 373 -1 -1 -1 0 
413 2 213 102 137 371 -1 -1 -1 0 
414 2 215 102 135 371 -1 -1 -1 0 
415 2 216 101 136 373 -1 -1 -1 0 
416 2 216 100 136 375 -1 -1 -1 0 
417 2 217 101 136 373 -1 -1 -1 0 
418 2 217 101 136 373 -1 -1 -1 0 
419 2 217 100 136 373 -1 -1 -1 0 
420 2 216 101 137 373 -1 -1 -1 0 
421 2 216 100 137 374 -1 -1 -1 0 
422 2 214 101 139 373 -1 -1 -1 0 
423 2 214 101 138 373 -1 -1 -1 0 
424 2 214 101 138 374 -1 -1 -1 0 
425 2 213 101 139 373 -1 -1 -1 0 
426 2 214 102 137 371 -1 -1 -1 0 
427 2 214 101 138 372 -1 -1 -1 0 
428 2 214 102 137 372 -1 -1 -1 0 
429 2 214 101 138 373 -1 -1 -1 0 
430 2 214 101 137 373 -1 -1 -1 0 
431 2 214 102 138 372 -1 -1 -1 0 
432 2 214 102 137 372 -1 -1 -1 0 
433 2 214 103 137 371 -1 -1 -1 0 
434 2 214 103 138 372 -1 -1 -1 0 
435 2 214 104 137 371 -1 -1 -1 0 
436 2 214 103 138 372 -1 -1 -1 0 
437 2 213 103 139 371 -1 -1 -1 0 
438 2 214 103 138 372 -1 -1 -1 0 
439 2 215 102 137 372 -1 -1 -1 0 
440 2 215 102 136 372 -1 -1 -1 0 
441 2 214 102 138 373 -1 -1 -1 0 
442 2 215 102 137 373 -1 -1 -1 0 
443 2 214 102 138 371 -1 -1 -1 0 
444 2 215 101 136 373 -1 -1 -1 0 
445 2 215 101 136 374 -1 -1 -1 0 
446 2 214 100 138 374 -1 -1 -1 0 
447 2 214 101 138 373 -1 -1 -1 0 
448 2 214 101 137 373 -1 -1 -1 0 
449 2 214 101 138 373 -1 -1 -1 0 
450 2 215 101 137 373 -1 -1 -1 0 
451 2 214 100 137 373 -1 -1 -1 0 
452 2 215 101 137 373 -1 -1 -1 0 
453 2 214 102 138 372 -1 -1 -1 0 
454 2 215 101 136 373 -1 -1 -1 0 
455 2 215 100 137 373 -1 -1 -1 0 
456 2 214 100 138 374 -1 -1 -1 0 
457 2 215 100 136 374 -1 -1 -1 0 
458 2 214 100 138 374 -1 -1 -1 0 
459 2 215 100 137 373 -1 -1 -1 0 
460 2 214 100 138 373 -1 -1 -1 0 
461 2 214 100 137 374 -1 -1 -1 0 
462 2 215 99 136 375 -1 -1 -1 0 
463 2 214 100 139 374 -1 -1 -1 0 
464 2 214 100 138 374 -1 -1 -1 0 
465 2 214 98 137 376 -1 -1 -1 0 
466 2 218 101 140 371 -1 -1 -1 0 
467 2 223 99 142 373 -1 -1 -1 0 
468 2 226 101 144 372 -1 -1 -1 0 
469 2 232 97 142 378 -1 -1 -1 0 
470 2 239 96 136 379 -1 -1 -1 0 
471 2 248 97 126 376 -1 -1 -1 0 
472 2 253 96 121 378 -1 -1 -1 0 
473 2 254 97 120 378 -1 -1 -1 0 
474 2 261 98 111 375 -1 -1 -1 0 
475 2 264 98 109 375 -1 -1 -1 0 
476 2 270 97 103 376 -1 -1 -1 0 
477 2 275 92 96 381 -1 -1 -1 0 
478 2 279 89 92 384 -1 -1 -1 0 
479 2 278 86 94 388 -1 -1 -1 0 
480 2 269 85 104 389 -1 -1 -1 0 
481 2 259 84 118 390 -1 -1 -1 0 
482 2 254 82 124 393 -1 -1 -1 0 
483 2 248 74 132 401 -1 -1 -1 0 
484 2 240 65 144 408 -1 -1 -1 0 
485 2 236 62 149 412 -1 -1 -1 0 
486 2 230 59 159 414 -1 -1 -1 0 
487 2 227 55 162 417 -1 -1 -1 0 
488 2 219 51 172 416 -1 -1 -1 0 
489 2 217 50 174 415 -1 -1 -1 0 
490 2 209 46 181 420 -1 -1 -1 0 
491 2 205 43 183 421 -1 -1 -1 0 
492 2 195 41 190 425 -1 -1 -1 0 
493 2 192 37 190 431 -1 -1 -1 0 
494 2 183 26 197 446 -1 -1 -1 0 
495 2 174 18 207 460 -1 -1 -1 0 
496 2 163 5 221 474 -1 -1 -1 0 
497 2 158 0 226 478 -1 -1 -1 0 
498 2 146 0 243 478 -1 -1 -1 0 
499 2 134 0 258 479 -1 -1 -1 0 
500 2 131 0 263 479 -1 -1 -1 0 
501 2 132 0 270 479 -1 -1 -1 0 
502 2 135 0 271 479 -1 -1 -1 0 
503 2 139 0 274 479 -1 -1 -1 0 
504 2 138 0 277 479 -1 -1 -1 0 
505 2 129 0 307 474 -1 -1 -1 0 
506 2 123 0 320 473 -1 -1 -1 0 
507 2 118 0 331 470 -1 -1 -1 0 
508 2 88 0 374 467 -1 -1 -1 0 
509 2 71 0 393 468 -1 -1 -1 0 
510 2 40 0 431 471 -1 -1 -1 0 
511 2 21 3 447 462 -1 -1 -1 0 
512 2 17 2 452 464 -1 -1 -1 0 
513 2 13 7 451 463 -1 -1 -1 0 
514 2 10 8 447 460 -1 -1 -1 0 
515 2 20 0 426 466 -1 -1 -1 0 
516 2 12 2 437 461 -1 -1 -1 0 
517 2 7 3 421 462 -1 -1 -1 0 
518 2 7 4 414 461 -1 -1 -1 0 
519 2 7 1 401 467 -1 -1 -1 0 
520 2 7 0 393 468 -1 -1 -1 0 
521 2 7 3 394 467 -1 -1 -1 0 
522 2 4 1 396 469 -1 -1 -1 0 
523 2 2 1 394 470 -1 -1 -1 0 
524 2 5 1 392 472 -1 -1 -1 0 
525 2 8 4 390 469 -1 -1 -1 0 
526 2 4 4 390 464 -1 -1 -1 0 
527 2 7 4 378 461 -1 -1 -1 0 
528 2 8 2 378 467 -1 -1 -1 0 
529 2 4 10 390 458 -1 -1 -1 0 
530 2 7 12 410 459 -1 -1 -1 0 
531 2 4 5 428 466 -1 -1 -1 0 
532 2 2 6 449 459 -1 -1 -1 0 
533 2 7 1 465 470 -1 -1 -1 0 
534 2 5 4 481 467 -1 -1 -1 0 
535 2 0 2 519 473 -1 -1 -1 0 
540 2 10 14 611 465 -1 -1 -1 0 
541 2 16 5 610 474 -1 -1 -1 0 
542 2 19 5 610 474 -1 -1 -1 0 
543 2 30 1 600 478 -1 -1 -1 0 
544 2 74 9 564 468 -1 -1 -1 0 
545 2 78 9 553 466 -1 -1 -1 0 
546 2 108 11 528 460 -1 -1 -1 0 
547 2 160 3 475 473 -1 -1 -1 0 
548 2 174 6 462 472 -1 -1 -1 0 
550 2 221 22 415 457 -1 -1 -1 0 
551 2 215 26 424 452 -1 -1 -1 0 
552 2 258 19 376 453 -1 -1 -1 0 
553 2 262 18 376 449 -1 -1 -1 0 
554 2 317 1 320 465 -1 -1 -1 0 
555 2 319 0 320 476 -1 -1 -1 0 
560 2 411 0 227 460 -1 -1 -1 0 
561 2 398 0 241 466 -1 -1 -1 0 
562 2 389 0 250 462 -1 -1 -1 0 
563 2 417 0 222 468 -1 -1 -1 0 
564 2 432 8 205 452 -1 -1 -1 0 
565 2 451 5 185 454 -1 -1 -1 0 
566 2 421 0 216 471 -1 -1 -1 0 
567 2 410 0 228 475 -1 -1 -1 0 
568 2 383 0 252 477 -1 -1 -1 0 
569 2 343 0 292 475 -1 -1 -1 0 
570 2 292 0 343 479 -1 -1 -1 0 
571 2 269 0 363 474 -1 -1 -1 0 
572 2 215 0 417 466 -1 -1 -1 0 
573 2 198 0 440 469 -1 -1 -1 0 
574 2 185 0 451 467 -1 -1 -1 0 
575 2 195 0 442 455 -1 -1 -1 0 
576 2 237 0 396 463 -1 -1 -1 0 
577 2 238 0 398 457 -1 -1 -1 0 
578 2 238 0 399 471 -1 -1 -1 0 
579 2 244 0 391 464 -1 -1 -1 0 
580 2 249 0 385 471 -1 -1 -1 0 
581 2 251 5 388 474 -1 -1 -1 0 
582 2 259 8 380 471 -1 -1 -1 0 
583 2 275 4 364 474 -1 -1 -1 0 
584 2 281 4 357 468 -1 -1 -1 0 
585 2 286 1 353 467 -1 -1 -1 0 
586 2 291 3 347 463 -1 -1 -1 0 
587 2 294 5 344 461 -1 -1 -1 0 
588 2 298 5 340 461 -1 -1 -1 0 
589 2 302 7 337 460 -1 -1 -1 0 
590 2 293 6 346 467 -1 -1 -1 0 
591 2 290 6 349 473 -1 -1 -1 0 
592 2 285 6 353 463 -1 -1 -1 0 
595 2 202 24 431 455 -1 -1 -1 0 
596 2 79 14 556 462 -1 -1 -1 0 
597 2 14 2 625 477 -1 -1 -1 0 
598 2 12 0 627 479 -1 -1 -1 0 
599 2 4 6 634 473 -1 -1 -1 0 
600 2 26 7 603 472 -1 -1 -1 0 
601 2 27 7 603 472 -1 -1 -1 0 
602 2 0 0 624 467 -1 -1 -1 0 
603 2 0 0 622 466 -1 -1 -1 0 
604 2 24 2 573 468 -1 -1 -1 0 
605 2 28 2 574 469 -1 -1 -1 0 
606 2 19 0 533 472 -1 -1 -1 0 
607 2 19 0 534 473 -1 -1 -1 0 
608 2 16 1 498 472 -1 -1 -1 0 
609 2 0 0 477 473 -1 -1 -1 0 
610 2 0 1 461 473 -1 -1 -1 0 
611 2 5 3 467 473 -1 -1 -1 0 
612 2 1 9 488 463 -1 -1 -1 0 
613 2 3 10 485 462 -1 -1 -1 0 
614 2 6 12 464 460 -1 -1 -1 0 
615 2 10 2 450 475 -1 -1 -1 0 
621 2 3 0 479 466 -1 -1 -1 0 
622 2 5 2 478 465 -1 -1 -1 0 
623 2 4 3 479 465 -1 -1 -1 0 
624 2 5 1 478 467 -1 -1 -1 0 
625 2 3 3 478 470 -1 -1 -1 0 
626 2 7 5 470 468 -1 -1 -1 0 
627 2 10 3 464 472 -1 -1 -1 0 
628 2 9 4 464 473 -1 -1 -1 0 
629 2 8 3 459 474 -1 -1 -1 0 
630 2 6 5 473 474 -1 -1 -1 0 
631 2 7 5 473 474 -1 -1 -1 0 
632 2 7 2 466 477 -1 -1 -1 0 
633 2 1 8 474 467 -1 -1 -1 0 
634 2 2 8 474 467 -1 -1 -1 0 
635 2 2 2 480 471 -1 -1 -1 0 
636 2 3 2 481 471 -1 -1 -1 0 
637 2 3 2 481 471 -1 -1 -1 0 
638 2 4 3 479 471 -1 -1 -1 0 
639 2 4 4 479 470 -1 -1 -1 0 
640 2 3 6 474 468 -1 -1 -1 0 
641 2 0 0 521 472 -1 -1 -1 0 
642 2 1 0 524 472 -1 -1 -1 0 
643 2 0 0 530 472 -1 -1 -1 0 
644 2 1 0 522 473 -1 -1 -1 0 
645 2 0 0 521 473 -1 -1 -1 0 
646 2 4 3 485 470 -1 -1 -1 0 
647 2 1 4 484 469 -1 -1 -1 0 
648 2 0 5 484 469 -1 -1 -1 0 
649 2 0 6 483 469 -1 -1 -1 0 
650 2 0 8 484 466 -1 -1 -1 0 
651 2 0 8 484 466 -1 -1 -1 0 
652 2 0 13 490 460 -1 -1 -1 0 
653 2 2 9 491 460 -1 -1 -1 0 
654 2 2 8 491 460 -1 -1 -1 0 
655 2 0 16 499 453 -1 -1 -1 0 
656 2 1 2 496 472 -1 -1 -1 0 
657 2 3 0 496 474 -1 -1 -1 0 
658 2 0 15 511 456 -1 -1 -1 0 
659 2 3 2 513 472 -1 -1 -1 0 
660 2 0 19 515 452 -1 -1 -1 0 
661 2 1 21 511 450 -1 -1 -1 0 
662 2 1 21 511 450 -1 -1 -1 0 
663 2 0 21 513 451 -1 -1 -1 0 
664 2 0 20 513 452 -1 -1 -1 0 
665 2 0 21 512 451 -1 -1 -1 0 
666 2 0 21 513 451 -1 -1 -1 0 
667 2 2 19 508 453 -1 -1 -1 0 
668 2 3 19 505 453 -1 -1 -1 0 
669 2 0 20 511 452 -1 -1 -1 0 
670 2 7 6 489 469 -1 -1 -1 0 
671 2 4 0 492 474 -1 -1 -1 0 
672 2 1 0 496 474 -1 -1 -1 0 
673 2 2 0 493 473 -1 -1 -1 0 
674 2 0 0 497 473 -1 -1 -1 0 
675 2 1 0 497 474 -1 -1 -1 0 
676 2 2 0 495 474 -1 -1 -1 0 
677 2 3 0 496 473 -1 -1 -1 0 
678 2 4 0 493 472 -1 -1 -1 0 
679 2 4 0 495 472 -1 -1 -1 0 
680 2 6 0 491 472 -1 -1 -1 0 
681 2 4 0 494 473 -1 -1 -1 0 
682 2 2 0 499 473 -1 -1 -1 0 
683 2 3 0 495 473 -1 -1 -1 0 
684 2 2 0 495 472 -1 -1 -1 0 
685 2 3 0 487 473 -1 -1 -1 0 
686 2 1 0 485 474 -1 -1 -1 0 
687 2 0 0 521 472 -1 -1 -1 0 
688 2 0 0 530 471 -1 -1 -1 0 
689 2 0 0 531 472 -1 -1 -1 0 
690 2 0 0 530 473 -1 -1 -1 0 
691 2 0 0 530 471 -1 -1 -1 0 
692 2 0 0 529 470 -1 -1 -1 0 
693 2 3 0 522 474 -1 -1 -1 0 
694 2 2 0 521 473 -1 -1 -1 0 
695 2 5 0 518 475 -1 -1 -1 0 
696 2 4 0 522 477 -1 -1 -1 0 
697 2 5 0 520 477 -1 -1 -1 0 
698 2 8 0 510 478 -1 -1 -1 0 
699 2 8 0 510 477 -1 -1 -1 0 
700 2 6 0 516 476 -1 -1 -1 0 
701 2 5 0 518 476 -1 -1 -1 0 
702 2 4 0 520 476 -1 -1 -1 0 
703 2 4 0 520 476 -1 -1 -1 0 
704 2 3 0 522 475 -1 -1 -1 0 
705 2 3 0 520 475 -1 -1 -1 0 
706 2 2 0 522 475 -1 -1 -1 0 
707 2 2 0 519 474 -1 -1 -1 0 
708 2 0 0 523 473 -1 -1 -1 0 
709 2 0 0 523 473 -1 -1 -1 0 
710 2 0 0 524 474 -1 -1 -1 0 
711 2 3 0 517 473 -1 -1 -1 0 
712 2 3 0 516 473 -1 -1 -1 0 
713 2 4 0 515 473 -1 -1 -1 0 
714 2 3 0 517 472 -1 -1 -1 0 
715 2 2 0 520 471 -1 -1 -1 0 
716 2 2 0 520 471 -1 -1 -1 0 
717 2 2 0 521 471 -1 -1 -1 0 
718 2 3 0 519 472 -1 -1 -1 0 
719 2 2 0 523 471 -1 -1 -1 0 
720 2 2 0 520 471 -1 -1 -1 0 
721 2 1 0 522 471 -1 -1 -1 0 
722 2 0 0 525 471 -1 -1 -1 0 
723 2 1 0 523 471 -1 -1 -1 0 
724 2 1 0 523 470 -1 -1 -1 0 
725 2 2 0 522 469 -1 -1 -1 0 
726 2 1 0 523 470 -1 -1 -1 0 
727 2 0 0 527 470 -1 -1 -1 0 
728 2 1 0 524 470 -1 -1 -1 0 
729 2 2 0 522 470 -1 -1 -1 0 
730 2 1 0 524 470 -1 -1 -1 0 
731 2 1 0 523 472 -1 -1 -1 0 
732 2 1 0 523 472 -1 -1 -1 0 
733 2 1 0 523 471 -1 -1 -1 0 
734 2 3 0 520 472 -1 -1 -1 0 
735 2 3 0 519 472 -1 -1 -1 0 
736 2 3 0 518 472 -1 -1 -1 0 
737 2 4 0 517 471 -1 -1 -1 0 
738 2 5 0 515 471 -1 -1 -1 0 
739 2 3 0 518 471 -1 -1 -1 0 
740 2 3 0 519 472 -1 -1 -1 0 
741 2 2 0 520 472 -1 -1 -1 0 
742 2 2 0 521 472 -1 -1 -1 0 
743 2 4 0 517 471 -1 -1 -1 0 
744 2 2 0 521 470 -1 -1 -1 0 
745 2 3 0 520 472 -1 -1 -1 0 
746 2 3 0 520 472 -1 -1 -1 0 
747 2 2 0 521 472 -1 -1 -1 0 
748 2 2 0 521 472 -1 -1 -1 0 
749 2 2 0 520 471 -1 -1 -1 0 
750 2 2 0 520 471 -1 -1 -1 0 
751 2 2 0 520 471 -1 -1 -1 0 
752 2 6 0 514 471 -1 -1 -1 0 
753 2 14 0 492 474 -1 -1 -1 0 
754 2 13 0 496 475 -1 -1 -1 0 
755 2 15 0 487 470 -1 -1 -1 0 
756 2 14 0 457 473 -1 -1 -1 0 
761 2 8 3 467 474 -1 -1 -1 0 
762 2 5 0 474 476 -1 -1 -1 0 
764 2 6 0 468 478 -1 -1 -1 0 
765 2 6 0 469 478 -1 -1 -1 0 
819 2 0 15 524 457 -1 -1 -1 0 
820 2 8 2 508 473 -1 -1 -1 0 
821 2 8 0 507 472 -1 -1 -1 0 
822 2 9 0 506 472 -1 -1 -1 0 
823 2 10 0 501 470 -1 -1 -1 0 
824 2 10 0 500 469 -1 -1 -1 0 
825 2 10 0 501 471 -1 -1 -1 0 
826 2 11 0 497 472 -1 -1 -1 0 
827 2 9 0 502 472 -1 -1 -1 0 
828 2 8 0 504 472 -1 -1 -1 0 
829 2 7 0 505 471 -1 -1 -1 0 
830 2 7 0 506 471 -1 -1 -1 0 
831 2 8 0 506 471 -1 -1 -1 0 
832 2 8 0 503 471 -1 -1 -1 0 
833 2 8 0 506 471 -1 -1 -1 0 
834 2 9 0 506 471 -1 -1 -1 0 
835 2 10 0 511 472 -1 -1 -1 0 
836 2 10 0 512 472 -1 -1 -1 0 
837 2 10 0 514 471 -1 -1 -1 0 
838 2 12 0 511 470 -1 -1 -1 0 
839 2 11 0 510 471 -1 -1 -1 0 
840 2 11 0 509 471 -1 -1 -1 0 
841 2 10 0 511 471 -1 -1 -1 0 
842 2 10 0 513 472 -1 -1 -1 0 
843 2 10 0 513 472 -1 -1 -1 0 
844 2 8 0 521 472 -1 -1 -1 0 
845 2 9 0 521 472 -1 -1 -1 0 
846 2 11 0 517 473 -1 -1 -1 0 
847 2 8 0 528 473 -1 -1 -1 0 
848 2 10 0 521 473 -1 -1 -1 0 
849 2 6 15 529 454 -1 -1 -1 0 
850 2 8 18 526 450 -1 -1 -1 0 
851 2 10 1 515 472 -1 -1 -1 0 
852 2 9 0 517 472 -1 -1 -1 0 
853 2 8 0 518 472 -1 -1 -1 0 
854 2 9 0 515 472 -1 -1 -1 0 
855 2 9 0 516 471 -1 -1 -1 0 
856 2 9 0 520 472 -1 -1 -1 0 
857 2 11 0 512 473 -1 -1 -1 0 
858 2 9 0 518 473 -1 -1 -1 0 
859 2 11 0 514 473 -1 -1 -1 0 
860 2 10 0 516 473 -1 -1 -1 0 
861 2 11 0 512 472 -1 -1 -1 0 
862 2 10 0 518 472 -1 -1 -1 0 
863 2 11 0 515 474 -1 -1 -1 0 
864 2 9 0 519 473 -1 -1 -1 0 
865 2 9 0 519 474 -1 -1 -1 0 
866 2 8 0 520 473 -1 -1 -1 0 
867 2 9 0 519 473 -1 -1 -1 0 
868 2 8 0 520 472 -1 -1 -1 0 
869 2 7 0 522 472 -1 -1 -1 0 
870 2 8 0 522 471 -1 -1 -1 0 
871 2 9 0 519 470 -1 -1 -1 0 
872 2 8 0 521 471 -1 -1 -1 0 
873 2 7 0 522 471 -1 -1 -1 0 
874 2 8 0 521 472 -1 -1 -1 0 
875 2 8 0 520 472 -1 -1 -1 0 
876 2 8 0 517 472 -1 -1 -1 0 
877 2 9 0 520 471 -1 -1 -1 0 
878 2 8 0 521 472 -1 -1 -1 0 
879 2 8 0 518 472 -1 -1 -1 0 
880 2 7 0 519 471 -1 -1 -1 0 
881 2 8 0 518 472 -1 -1 -1 0 
882 2 8 0 520 472 -1 -1 -1 0 
883 2 8 0 519 471 -1 -1 -1 0 
884 2 7 0 521 471 -1 -1 -1 0 
885 2 8 0 522 471 -1 -1 -1 0 
886 2 8 0 523 470 -1 -1 -1 0 
887 2 10 0 519 470 -1 -1 -1 0 
888 2 9 0 520 473 -1 -1 -1 0 
889 2 9 0 515 471 -1 -1 -1 0 
890 2 10 0 512 472 -1 -1 -1 0 
891 2 8 0 515 471 -1 -1 -1 0 
892 2 9 0 514 471 -1 -1 -1 0 
893 2 10 0 511 471 -1 -1 -1 0 
894 2 11 0 509 470 -1 -1 -1 0 
895 2 10 0 513 471 -1 -1 -1 0 
896 2 9 0 515 471 -1 -1 -1 0 
897 2 11 0 512 471 -1 -1 -1 0 
898 2 10 0 515 471 -1 -1 -1 0 
899 2 11 0 513 472 -1 -1 -1 0 
900 2 10 0 515 472 -1 -1 -1 0 
901 2 8 0 519 472 -1 -1 -1 0 
902 2 10 0 513 473 -1 -1 -1 0 
903 2 10 0 516 473 -1 -1 -1 0 
904 2 10 0 514 472 -1 -1 -1 0 
905 2 9 0 515 472 -1 -1 -1 0 
906 2 10 0 514 472 -1 -1 -1 0 
907 2 9 0 519 472 -1 -1 -1 0 
908 2 9 0 520 472 -1 -1 -1 0 
909 2 8 0 515 472 -1 -1 -1 0 
910 2 9 0 513 472 -1 -1 -1 0 
911 2 9 0 514 473 -1 -1 -1 0 
912 2 11 0 512 474 -1 -1 -1 0 
913 2 10 0 515 474 -1 -1 -1 0 
914 2 10 0 516 474 -1 -1 -1 0 
915 2 9 0 515 473 -1 -1 -1 0 
916 2 10 0 512 473 -1 -1 -1 0 
917 2 9 0 513 471 -1 -1 -1 0 
918 2 9 0 514 472 -1 -1 -1 0 
919 2 9 0 514 472 -1 -1 -1 0 
920 2 9 0 515 472 -1 -1 -1 0 
921 2 9 0 517 471 -1 -1 -1 0 
922 2 9 0 518 473 -1 -1 -1 0 
923 2 9 0 519 474 -1 -1 -1 0 
924 2 9 0 520 474 -1 -1 -1 0 
925 2 10 0 518 475 -1 -1 -1 0 
926 2 10 0 517 475 -1 -1 -1 0 
927 2 10 0 516 475 -1 -1 -1 0 
928 2 10 0 517 475 -1 -1 -1 0 
929 2 11 0 516 475 -1 -1 -1 0 
930 2 12 0 513 474 -1 -1 -1 0 
931 2 11 0 514 474 -1 -1 -1 0 
932 2 11 0 516 475 -1 -1 -1 0 
933 2 12 0 513 476 -1 -1 -1 0 
934 2 11 0 515 476 -1 -1 -1 0 
935 2 11 0 515 476 -1 -1 -1 0 
936 2 11 0 517 475 -1 -1 -1 0 
937 2 11 0 518 474 -1 -1 -1 0 
938 2 11 0 515 475 -1 -1 -1 0 
939 2 10 0 518 475 -1 -1 -1 0 
940 2 11 0 516 475 -1 -1 -1 0 
941 2 10 0 518 474 -1 -1 -1 0 
942 2 10 0 519 474 -1 -1 -1 0 
943 2 11 0 517 474 -1 -1 -1 0 
944 2 10 0 518 474 -1 -1 -1 0 
945 2 10 0 516 473 -1 -1 -1 0 
946 2 9 0 517 474 -1 -1 -1 0 
947 2 9 0 516 473 -1 -1 -1 0 
948 2 9 0 516 473 -1 -1 -1 0 
949 2 9 0 516 473 -1 -1 -1 0 
950 2 11 0 514 473 -1 -1 -1 0 
951 2 11 0 513 474 -1 -1 -1 0 
952 2 11 0 510 474 -1 -1 -1 0 
953 2 10 0 516 473 -1 -1 -1 0 
954 2 10 0 513 473 -1 -1 -1 0 
955 2 10 0 513 472 -1 -1 -1 0 
956 2 8 0 518 473 -1 -1 -1 0 
957 2 9 0 515 474 -1 -1 -1 0 
958 2 8 0 515 475 -1 -1 -1 0 
959 2 7 0 518 475 -1 -1 -1 0 
960 2 8 0 515 475 -1 -1 -1 0 
961 2 7 0 516 475 -1 -1 -1 0 
