3 1 260 28 210 440 -1 -1 -1 0 
4 1 257 28 209 440 -1 -1 -1 0 
5 1 256 28 204 440 -1 -1 -1 0 
6 1 256 29 202 440 -1 -1 -1 0 
7 1 256 31 201 438 -1 -1 -1 0 
8 1 257 31 200 438 -1 -1 -1 0 
9 1 257 31 203 437 -1 -1 -1 0 
10 1 261 32 200 435 -1 -1 -1 0 
11 1 262 33 201 434 -1 -1 -1 0 
12 1 265 35 203 433 -1 -1 -1 0 
13 1 266 36 204 433 -1 -1 -1 0 
14 1 270 34 206 434 -1 -1 -1 0 
15 1 274 31 204 435 -1 -1 -1 0 
16 1 281 31 202 435 -1 -1 -1 0 
17 1 286 31 201 437 -1 -1 -1 0 
18 1 292 32 201 437 -1 -1 -1 0 
19 1 295 33 201 436 -1 -1 -1 0 
20 1 297 34 200 433 -1 -1 -1 0 
21 1 298 33 201 433 -1 -1 -1 0 
22 1 302 35 200 432 -1 -1 -1 0 
23 1 305 36 202 432 -1 -1 -1 0 
24 1 311 38 200 430 -1 -1 -1 0 
25 1 313 37 200 431 -1 -1 -1 0 
26 1 317 36 202 430 -1 -1 -1 0 
27 1 319 34 201 433 -1 -1 -1 0 
28 1 323 32 199 437 -1 -1 -1 0 
29 1 325 31 199 437 -1 -1 -1 0 
30 1 327 34 200 434 -1 -1 -1 0 
31 1 329 34 198 432 -1 -1 -1 0 
32 1 330 35 199 432 -1 -1 -1 0 
33 1 329 36 200 431 -1 -1 -1 0 
34 1 329 37 202 430 -1 -1 -1 0 
35 1 330 36 202 432 -1 -1 -1 0 
36 1 330 36 203 433 -1 -1 -1 0 
37 1 330 36 203 433 -1 -1 -1 0 
38 1 330 36 203 432 -1 -1 -1 0 
39 1 331 35 201 434 -1 -1 -1 0 
40 1 331 35 202 434 -1 -1 -1 0 
41 1 331 36 202 432 -1 -1 -1 0 
42 1 330 36 204 433 -1 -1 -1 0 
43 1 331 36 204 432 -1 -1 -1 0 
44 1 332 35 205 433 -1 -1 -1 0 
45 1 333 34 204 436 -1 -1 -1 0 
46 1 334 36 205 435 -1 -1 -1 0 
47 1 335 37 205 434 -1 -1 -1 0 
48 1 337 37 204 435 -1 -1 -1 0 
49 1 338 36 204 436 -1 -1 -1 0 
50 1 338 36 205 436 -1 -1 -1 0 
51 1 339 37 203 435 -1 -1 -1 0 
52 1 339 37 202 434 -1 -1 -1 0 
53 1 340 36 202 435 -1 -1 -1 0 
54 1 339 35 204 436 -1 -1 -1 0 
55 1 338 35 205 436 -1 -1 -1 0 
56 1 339 34 204 438 -1 -1 -1 0 
57 1 338 34 205 438 -1 -1 -1 0 
58 1 338 34 203 437 -1 -1 -1 0 
59 1 338 33 201 437 -1 -1 -1 0 
60 1 335 32 203 437 -1 -1 -1 0 
61 1 336 33 203 437 -1 -1 -1 0 
62 1 331 29 204 441 -1 -1 -1 0 
63 1 327 28 205 441 -1 -1 -1 0 
64 1 322 31 202 438 -1 -1 -1 0 
65 1 316 34 204 437 -1 -1 -1 0 
66 1 312 36 198 435 -1 -1 -1 0 
67 1 308 38 191 431 -1 -1 -1 0 
68 1 297 45 184 422 -1 -1 -1 0 
69 1 285 51 180 414 -1 -1 -1 0 
70 1 281 49 173 418 -1 -1 -1 0 
71 1 270 50 169 417 -1 -1 -1 0 
72 1 266 50 166 417 -1 -1 -1 0 
73 1 261 51 162 415 -1 -1 -1 0 
74 1 255 53 160 413 -1 -1 -1 0 
75 1 255 53 159 413 -1 -1 -1 0 
76 1 255 55 154 415 -1 -1 -1 0 
77 1 255 57 154 414 -1 -1 -1 0 
78 1 256 56 150 416 -1 -1 -1 0 
79 1 256 56 149 416 -1 -1 -1 0 
80 1 254 57 152 413 -1 -1 -1 0 
81 1 253 56 152 414 -1 -1 -1 0 
82 1 253 56 151 415 -1 -1 -1 0 
83 1 252 56 152 416 -1 -1 -1 0 
84 1 252 56 151 416 -1 -1 -1 0 
85 1 252 56 152 415 -1 -1 -1 0 
86 1 251 56 154 415 -1 -1 -1 0 
87 1 250 54 155 417 -1 -1 -1 0 
88 1 248 54 159 416 -1 -1 -1 0 
89 1 247 53 160 417 -1 -1 -1 0 
90 1 247 54 161 415 -1 -1 -1 0 
91 1 246 55 161 414 -1 -1 -1 0 
92 1 246 55 161 414 -1 -1 -1 0 
93 1 248 42 172 424 -1 -1 -1 0 
94 1 251 41 174 425 -1 -1 -1 0 
95 1 255 40 180 425 -1 -1 -1 0 
96 1 258 31 185 437 -1 -1 -1 0 
97 1 262 27 186 443 -1 -1 -1 0 
98 1 266 19 196 455 -1 -1 -1 0 
99 1 268 16 205 460 -1 -1 -1 0 
100 1 270 14 209 462 -1 -1 -1 0 
101 1 271 13 214 463 -1 -1 -1 0 
102 1 274 4 213 472 -1 -1 -1 0 
103 1 273 0 226 479 -1 -1 -1 0 
104 1 274 0 227 478 -1 -1 -1 0 
105 1 275 0 225 478 -1 -1 -1 0 
106 1 271 0 222 479 -1 -1 -1 0 
107 1 266 0 227 476 -1 -1 -1 0 
108 1 263 0 230 476 -1 -1 -1 0 
109 1 260 0 232 476 -1 -1 -1 0 
110 1 250 0 242 479 -1 -1 -1 0 
111 1 243 0 245 477 -1 -1 -1 0 
112 1 238 0 251 479 -1 -1 -1 0 
113 1 232 0 255 479 -1 -1 -1 0 
114 1 220 6 269 468 -1 -1 -1 0 
115 1 216 6 273 467 -1 -1 -1 0 
116 1 215 0 277 474 -1 -1 -1 0 
117 1 215 0 278 472 -1 -1 -1 0 
118 1 218 0 287 469 -1 -1 -1 0 
119 1 225 0 304 470 -1 -1 -1 0 
120 1 236 0 309 473 -1 -1 -1 0 
121 1 247 0 323 479 -1 -1 -1 0 
122 1 263 0 333 473 -1 -1 -1 0 
123 1 278 0 339 469 -1 -1 -1 0 
124 1 286 0 334 468 -1 -1 -1 0 
125 1 289 0 333 468 -1 -1 -1 0 
126 1 293 0 337 467 -1 -1 -1 0 
127 1 300 0 335 473 -1 -1 -1 0 
128 1 302 0 337 470 -1 -1 -1 0 
129 1 305 0 334 470 -1 -1 -1 0 
130 1 295 0 344 467 -1 -1 -1 0 
131 1 289 0 350 466 -1 -1 -1 0 
132 1 279 2 358 464 -1 -1 -1 0 
133 1 273 2 351 463 -1 -1 -1 0 
134 1 267 4 345 461 -1 -1 -1 0 
135 1 187 0 447 466 -1 -1 -1 0 
136 1 91 0 547 461 -1 -1 -1 0 
137 1 24 0 613 462 -1 -1 -1 0 
138 1 20 0 604 463 -1 -1 -1 0 
139 1 0 0 614 469 -1 -1 -1 0 
140 1 0 1 612 467 -1 -1 -1 0 
141 1 3 1 575 470 -1 -1 -1 0 
142 1 11 1 544 463 -1 -1 -1 0 
145 1 12 5 561 466 -1 -1 -1 0 
146 1 39 1 543 468 -1 -1 -1 0 
149 1 50 3 485 473 -1 -1 -1 0 
150 1 40 5 464 474 -1 -1 -1 0 
151 1 24 7 505 470 -1 -1 -1 0 
152 1 1 7 549 469 -1 -1 -1 0 
153 1 10 0 535 476 -1 -1 -1 0 
154 1 9 0 545 476 -1 -1 -1 0 
155 1 9 17 599 457 -1 -1 -1 0 
158 1 69 16 556 463 -1 -1 -1 0 
160 1 74 0 565 464 -1 -1 -1 0 
161 1 13 0 626 473 -1 -1 -1 0 
162 1 0 3 633 464 -1 -1 -1 0 
163 1 0 5 633 465 -1 -1 -1 0 
164 1 5 1 628 464 -1 -1 -1 0 
165 1 25 0 607 467 -1 -1 -1 0 
166 1 28 6 606 452 -1 -1 -1 0 
167 1 20 2 605 454 -1 -1 -1 0 
168 1 18 4 607 452 -1 -1 -1 0 
169 1 11 4 619 457 -1 -1 -1 0 
170 1 10 2 621 458 -1 -1 -1 0 
171 1 22 0 600 457 -1 -1 -1 0 
172 1 24 2 595 450 -1 -1 -1 0 
173 1 16 4 613 448 -1 -1 -1 0 
174 1 13 7 613 445 -1 -1 -1 0 
175 1 13 8 612 447 -1 -1 -1 0 
176 1 9 7 618 447 -1 -1 -1 0 
177 1 11 7 615 446 -1 -1 -1 0 
178 1 16 8 613 447 -1 -1 -1 0 
179 1 12 8 620 448 -1 -1 -1 0 
180 1 7 7 629 448 -1 -1 -1 0 
181 1 3 7 630 448 -1 -1 -1 0 
182 1 2 10 632 453 -1 -1 -1 0 
183 1 1 6 635 458 -1 -1 -1 0 
184 1 0 10 639 452 -1 -1 -1 0 
185 1 0 12 639 449 -1 -1 -1 0 
186 1 5 11 633 453 -1 -1 -1 0 
187 1 51 7 585 464 -1 -1 -1 0 
188 1 14 13 625 453 -1 -1 -1 0 
189 1 9 14 630 451 -1 -1 -1 0 
190 1 2 12 637 455 -1 -1 -1 0 
191 1 4 6 635 465 -1 -1 -1 0 
192 1 56 6 580 470 -1 -1 -1 0 
193 1 61 7 578 469 -1 -1 -1 0 
194 1 60 8 579 466 -1 -1 -1 0 
195 1 72 10 567 462 -1 -1 -1 0 
196 1 73 9 566 462 -1 -1 -1 0 
197 1 72 12 567 460 -1 -1 -1 0 
198 1 75 11 564 463 -1 -1 -1 0 
199 1 73 11 566 463 -1 -1 -1 0 
200 1 72 9 567 461 -1 -1 -1 0 
201 1 72 8 567 461 -1 -1 -1 0 
202 1 73 11 561 457 -1 -1 -1 0 
203 1 74 11 560 457 -1 -1 -1 0 
204 1 83 10 544 459 -1 -1 -1 0 
205 1 83 10 545 459 -1 -1 -1 0 
206 1 12 6 627 464 -1 -1 -1 0 
207 1 6 6 633 461 -1 -1 -1 0 
208 1 5 4 633 463 -1 -1 -1 0 
209 1 3 3 633 464 -1 -1 -1 0 
210 1 1 3 633 465 -1 -1 -1 0 
211 1 4 9 635 457 -1 -1 -1 0 
212 1 4 9 634 456 -1 -1 -1 0 
213 1 3 12 634 454 -1 -1 -1 0 
214 1 3 11 633 454 -1 -1 -1 0 
215 1 7 6 619 458 -1 -1 -1 0 
216 1 4 8 612 453 -1 -1 -1 0 
217 1 6 10 586 450 -1 -1 -1 0 
218 1 5 9 584 449 -1 -1 -1 0 
219 1 21 5 531 459 -1 -1 -1 0 
220 1 19 4 532 460 -1 -1 -1 0 
221 1 19 4 532 460 -1 -1 -1 0 
222 1 22 3 509 467 -1 -1 -1 0 
223 1 22 3 509 467 -1 -1 -1 0 
224 1 16 2 512 470 -1 -1 -1 0 
225 1 9 4 505 468 -1 -1 -1 0 
226 1 9 5 505 468 -1 -1 -1 0 
227 1 9 1 504 471 -1 -1 -1 0 
228 1 12 3 503 470 -1 -1 -1 0 
229 1 13 4 503 470 -1 -1 -1 0 
230 1 13 1 491 467 -1 -1 -1 0 
231 1 16 6 489 465 -1 -1 -1 0 
232 1 16 6 489 466 -1 -1 -1 0 
233 1 7 0 456 465 -1 -1 -1 0 
234 1 10 6 455 467 -1 -1 -1 0 
235 1 10 7 455 467 -1 -1 -1 0 
236 1 7 3 450 466 -1 -1 -1 0 
237 1 8 2 450 467 -1 -1 -1 0 
238 1 8 2 450 467 -1 -1 -1 0 
239 1 8 8 437 463 -1 -1 -1 0 
240 1 9 8 437 463 -1 -1 -1 0 
241 1 9 7 436 465 -1 -1 -1 0 
242 1 10 5 435 467 -1 -1 -1 0 
243 1 10 5 436 467 -1 -1 -1 0 
244 1 7 8 441 463 -1 -1 -1 0 
245 1 8 3 443 469 -1 -1 -1 0 
246 1 8 2 444 470 -1 -1 -1 0 
247 1 5 4 460 464 -1 -1 -1 0 
248 1 7 3 461 466 -1 -1 -1 0 
249 1 7 3 461 466 -1 -1 -1 0 
250 1 6 3 464 465 -1 -1 -1 0 
251 1 6 3 464 465 -1 -1 -1 0 
252 1 6 3 464 465 -1 -1 -1 0 
253 1 6 1 465 466 -1 -1 -1 0 
254 1 6 0 465 468 -1 -1 -1 0 
255 1 7 0 462 469 -1 -1 -1 0 
256 1 7 0 463 470 -1 -1 -1 0 
257 1 8 0 458 470 -1 -1 -1 0 
258 1 7 0 460 470 -1 -1 -1 0 
259 1 8 0 455 469 -1 -1 -1 0 
260 1 6 1 458 467 -1 -1 -1 0 
261 1 5 2 460 466 -1 -1 -1 0 
262 1 4 0 460 466 -1 -1 -1 0 
263 1 4 0 461 467 -1 -1 -1 0 
264 1 3 1 454 465 -1 -1 -1 0 
265 1 3 0 452 468 -1 -1 -1 0 
266 1 2 0 453 468 -1 -1 -1 0 
267 1 3 0 453 467 -1 -1 -1 0 
268 1 0 0 460 468 -1 -1 -1 0 
269 1 0 0 473 467 -1 -1 -1 0 
270 1 3 0 473 469 -1 -1 -1 0 
271 1 2 0 479 468 -1 -1 -1 0 
272 1 4 0 480 469 -1 -1 -1 0 
273 1 5 0 473 469 -1 -1 -1 0 
274 1 3 0 472 473 -1 -1 -1 0 
275 1 5 0 478 472 -1 -1 -1 0 
276 1 5 0 478 472 -1 -1 -1 0 
277 1 5 0 477 472 -1 -1 -1 0 
278 1 4 0 479 472 -1 -1 -1 0 
279 1 3 0 481 472 -1 -1 -1 0 
280 1 5 0 478 472 -1 -1 -1 0 
281 1 5 0 478 472 -1 -1 -1 0 
282 1 4 0 482 473 -1 -1 -1 0 
283 1 5 0 479 472 -1 -1 -1 0 
