3 1 26 21 532 451 -1 -1 -1 0 
4 1 20 2 537 467 -1 -1 -1 0 
5 1 24 22 534 450 -1 -1 -1 0 
6 1 24 21 535 454 -1 -1 -1 0 
7 1 24 18 534 458 -1 -1 -1 0 
8 1 18 2 539 468 -1 -1 -1 0 
9 1 23 17 535 457 -1 -1 -1 0 
10 1 24 18 532 458 -1 -1 -1 0 
11 1 22 18 535 459 -1 -1 -1 0 
12 1 23 19 533 457 -1 -1 -1 0 
13 1 22 20 536 456 -1 -1 -1 0 
14 1 22 18 535 459 -1 -1 -1 0 
15 1 18 21 539 454 -1 -1 -1 0 
16 1 17 23 544 451 -1 -1 -1 0 
17 1 19 24 542 449 -1 -1 -1 0 
18 1 17 26 544 446 -1 -1 -1 0 
19 1 12 21 548 453 -1 -1 -1 0 
20 1 14 21 543 453 -1 -1 -1 0 
21 1 13 23 548 451 -1 -1 -1 0 
22 1 14 24 547 449 -1 -1 -1 0 
23 1 15 25 546 448 -1 -1 -1 0 
24 1 14 25 543 447 -1 -1 -1 0 
25 1 13 25 545 447 -1 -1 -1 0 
26 1 13 26 546 446 -1 -1 -1 0 
27 1 13 25 545 447 -1 -1 -1 0 
28 1 12 25 547 447 -1 -1 -1 0 
29 1 12 27 547 445 -1 -1 -1 0 
30 1 13 27 545 446 -1 -1 -1 0 
31 1 13 27 546 446 -1 -1 -1 0 
32 1 19 25 538 449 -1 -1 -1 0 
33 1 20 22 535 452 -1 -1 -1 0 
34 1 19 20 542 455 -1 -1 -1 0 
35 1 13 3 553 464 -1 -1 -1 0 
36 1 20 19 542 453 -1 -1 -1 0 
37 1 20 20 540 455 -1 -1 -1 0 
38 1 20 20 540 456 -1 -1 -1 0 
39 1 13 2 552 467 -1 -1 -1 0 
40 1 12 0 555 468 -1 -1 -1 0 
41 1 14 0 554 467 -1 -1 -1 0 
42 1 13 0 555 467 -1 -1 -1 0 
43 1 12 0 556 466 -1 -1 -1 0 
44 1 13 0 556 465 -1 -1 -1 0 
45 1 14 0 554 465 -1 -1 -1 0 
46 1 12 0 559 466 -1 -1 -1 0 
47 1 11 0 560 465 -1 -1 -1 0 
48 1 19 17 541 456 -1 -1 -1 0 
49 1 18 18 539 459 -1 -1 -1 0 
50 1 19 21 540 457 -1 -1 -1 0 
51 1 19 21 541 458 -1 -1 -1 0 
52 1 21 23 537 456 -1 -1 -1 0 
53 1 31 16 534 463 -1 -1 -1 0 
54 1 36 12 540 467 -1 -1 -1 0 
55 1 43 14 534 463 -1 -1 -1 0 
56 1 37 8 556 470 -1 -1 -1 0 
57 1 38 9 563 469 -1 -1 -1 0 
58 1 21 1 596 467 -1 -1 -1 0 
59 1 24 0 594 467 -1 -1 -1 0 
60 1 22 0 594 468 -1 -1 -1 0 
61 1 18 0 597 465 -1 -1 -1 0 
62 1 20 0 589 465 -1 -1 -1 0 
63 1 17 0 593 470 -1 -1 -1 0 
64 1 21 1 601 478 -1 -1 -1 0 
65 1 28 2 524 475 -1 -1 -1 0 
66 1 22 10 563 467 -1 -1 -1 0 
67 1 29 7 515 469 -1 -1 -1 0 
68 1 27 7 526 472 -1 -1 -1 0 
69 1 26 7 534 472 -1 -1 -1 0 
70 1 23 9 544 470 -1 -1 -1 0 
71 1 14 10 576 469 -1 -1 -1 0 
72 1 15 3 575 472 -1 -1 -1 0 
73 1 13 10 582 467 -1 -1 -1 0 
74 1 13 15 580 462 -1 -1 -1 0 
75 1 14 13 582 463 -1 -1 -1 0 
76 1 15 17 577 461 -1 -1 -1 0 
77 1 19 20 559 458 -1 -1 -1 0 
78 1 24 20 554 458 -1 -1 -1 0 
79 1 30 11 559 466 -1 -1 -1 0 
80 1 40 11 550 464 -1 -1 -1 0 
81 1 56 6 508 469 -1 -1 -1 0 
82 1 73 0 485 477 -1 -1 -1 0 
83 1 78 0 480 477 -1 -1 -1 0 
84 1 91 0 460 476 -1 -1 -1 0 
85 1 120 0 415 474 -1 -1 -1 0 
86 1 147 0 377 471 -1 -1 -1 0 
87 1 160 0 363 473 -1 -1 -1 0 
88 1 170 0 355 478 -1 -1 -1 0 
89 1 175 0 355 476 -1 -1 -1 0 
90 1 196 0 345 467 -1 -1 -1 0 
91 1 207 0 346 472 -1 -1 -1 0 
92 1 239 2 324 465 -1 -1 -1 0 
93 1 253 0 312 468 -1 -1 -1 0 
94 1 258 1 307 469 -1 -1 -1 0 
95 1 263 0 299 473 -1 -1 -1 0 
96 1 264 0 287 475 -1 -1 -1 0 
97 1 267 0 281 476 -1 -1 -1 0 
98 1 268 0 276 478 -1 -1 -1 0 
99 1 276 0 255 477 -1 -1 -1 0 
100 1 278 2 250 476 -1 -1 -1 0 
101 1 280 0 246 476 -1 -1 -1 0 
102 1 285 0 236 479 -1 -1 -1 0 
103 1 289 0 226 479 -1 -1 -1 0 
104 1 289 0 224 479 -1 -1 -1 0 
105 1 289 0 224 477 -1 -1 -1 0 
106 1 293 0 216 474 -1 -1 -1 0 
107 1 298 1 204 470 -1 -1 -1 0 
108 1 302 6 197 464 -1 -1 -1 0 
109 1 311 12 186 459 -1 -1 -1 0 
110 1 318 26 181 438 -1 -1 -1 0 
111 1 323 32 175 433 -1 -1 -1 0 
112 1 324 37 168 426 -1 -1 -1 0 
113 1 324 40 165 424 -1 -1 -1 0 
114 1 321 49 163 419 -1 -1 -1 0 
115 1 316 57 164 413 -1 -1 -1 0 
116 1 315 63 162 408 -1 -1 -1 0 
117 1 311 78 159 395 -1 -1 -1 0 
118 1 306 84 158 384 -1 -1 -1 0 
119 1 300 88 159 381 -1 -1 -1 0 
120 1 297 90 157 381 -1 -1 -1 0 
121 1 295 91 152 379 -1 -1 -1 0 
122 1 292 90 154 384 -1 -1 -1 0 
123 1 291 97 146 378 -1 -1 -1 0 
124 1 290 102 144 368 -1 -1 -1 0 
125 1 289 112 140 359 -1 -1 -1 0 
126 1 289 125 134 346 -1 -1 -1 0 
127 1 289 132 130 338 -1 -1 -1 0 
128 1 290 135 125 335 -1 -1 -1 0 
129 1 291 131 121 340 -1 -1 -1 0 
130 1 289 131 123 340 -1 -1 -1 0 
131 1 285 132 127 339 -1 -1 -1 0 
132 1 283 135 126 338 -1 -1 -1 0 
133 1 283 138 125 336 -1 -1 -1 0 
134 1 282 140 125 334 -1 -1 -1 0 
135 1 284 144 119 330 -1 -1 -1 0 
136 1 284 148 116 326 -1 -1 -1 0 
137 1 281 152 113 323 -1 -1 -1 0 
138 1 279 154 113 318 -1 -1 -1 0 
139 1 279 150 110 321 -1 -1 -1 0 
140 1 278 151 109 320 -1 -1 -1 0 
141 1 278 151 109 316 -1 -1 -1 0 
142 1 276 155 111 305 -1 -1 -1 0 
143 1 279 168 104 294 -1 -1 -1 0 
144 1 285 175 96 284 -1 -1 -1 0 
145 1 286 169 95 284 -1 -1 -1 0 
146 1 285 170 97 281 -1 -1 -1 0 
147 1 289 174 95 275 -1 -1 -1 0 
148 1 288 176 96 273 -1 -1 -1 0 
149 1 288 177 96 271 -1 -1 -1 0 
150 1 288 179 97 265 -1 -1 -1 0 
151 1 289 182 95 258 -1 -1 -1 0 
152 1 292 185 92 258 -1 -1 -1 0 
153 1 293 194 91 249 -1 -1 -1 0 
154 1 298 191 79 249 -1 -1 -1 0 
155 1 297 182 72 288 -1 -1 -1 0 
156 1 299 183 64 273 -1 -1 -1 0 
157 1 300 182 58 269 -1 -1 -1 0 
158 1 296 184 60 259 -1 -1 -1 0 
159 1 293 186 65 257 -1 -1 -1 0 
160 1 293 188 70 255 -1 -1 -1 0 
161 1 292 190 77 252 -1 -1 -1 0 
162 1 291 193 81 251 -1 -1 -1 0 
163 1 291 193 84 251 -1 -1 -1 0 
164 1 291 192 84 246 -1 -1 -1 0 
165 1 291 192 84 244 -1 -1 -1 0 
166 1 290 192 82 249 -1 -1 -1 0 
167 1 290 192 81 251 -1 -1 -1 0 
168 1 290 191 81 252 -1 -1 -1 0 
169 1 289 190 81 251 -1 -1 -1 0 
170 1 287 191 83 244 -1 -1 -1 0 
171 1 286 190 84 246 -1 -1 -1 0 
172 1 286 187 86 255 -1 -1 -1 0 
173 1 286 187 86 257 -1 -1 -1 0 
174 1 289 189 85 268 -1 -1 -1 0 
175 1 289 189 87 270 -1 -1 -1 0 
176 1 290 188 88 273 -1 -1 -1 0 
177 1 289 187 92 275 -1 -1 -1 0 
178 1 293 178 91 283 -1 -1 -1 0 
179 1 295 176 93 286 -1 -1 -1 0 
180 1 296 173 95 301 -1 -1 -1 0 
181 1 298 168 104 305 -1 -1 -1 0 
182 1 300 165 107 303 -1 -1 -1 0 
183 1 302 159 115 312 -1 -1 -1 0 
184 1 305 161 122 305 -1 -1 -1 0 
185 1 305 152 125 320 -1 -1 -1 0 
186 1 308 152 126 321 -1 -1 -1 0 
187 1 309 151 126 325 -1 -1 -1 0 
188 1 309 146 128 324 -1 -1 -1 0 
189 1 309 143 127 329 -1 -1 -1 0 
190 1 309 142 126 328 -1 -1 -1 0 
191 1 308 139 127 335 -1 -1 -1 0 
192 1 308 136 126 341 -1 -1 -1 0 
193 1 309 135 124 344 -1 -1 -1 0 
194 1 308 134 126 345 -1 -1 -1 0 
195 1 308 133 127 346 -1 -1 -1 0 
196 1 309 127 128 352 -1 -1 -1 0 
197 1 313 114 137 365 -1 -1 -1 0 
198 1 314 109 139 370 -1 -1 -1 0 
199 1 314 106 139 373 -1 -1 -1 0 
200 1 312 103 147 375 -1 -1 -1 0 
201 1 313 101 150 376 -1 -1 -1 0 
202 1 314 96 151 379 -1 -1 -1 0 
203 1 315 92 151 384 -1 -1 -1 0 
204 1 316 87 149 379 -1 -1 -1 0 
205 1 315 83 148 382 -1 -1 -1 0 
206 1 315 73 149 396 -1 -1 -1 0 
207 1 315 65 150 403 -1 -1 -1 0 
208 1 315 60 152 408 -1 -1 -1 0 
209 1 315 56 155 410 -1 -1 -1 0 
210 1 315 52 159 411 -1 -1 -1 0 
211 1 315 50 163 413 -1 -1 -1 0 
212 1 319 45 166 420 -1 -1 -1 0 
213 1 322 39 167 429 -1 -1 -1 0 
214 1 329 29 174 441 -1 -1 -1 0 
215 1 331 24 182 445 -1 -1 -1 0 
216 1 330 7 179 457 -1 -1 -1 0 
217 1 329 0 223 472 -1 -1 -1 0 
218 1 330 0 295 476 -1 -1 -1 0 
219 1 334 2 295 476 -1 -1 -1 0 
220 1 332 3 292 473 -1 -1 -1 0 
221 1 331 6 276 467 -1 -1 -1 0 
222 1 321 10 292 464 -1 -1 -1 0 
223 1 316 11 288 464 -1 -1 -1 0 
224 1 303 1 305 476 -1 -1 -1 0 
225 1 294 0 328 479 -1 -1 -1 0 
226 1 301 0 214 479 -1 -1 -1 0 
227 1 290 0 221 479 -1 -1 -1 0 
228 1 286 0 226 479 -1 -1 -1 0 
229 1 264 6 346 471 -1 -1 -1 0 
230 1 267 7 360 471 -1 -1 -1 0 
231 1 265 6 363 473 -1 -1 -1 0 
232 1 265 6 362 472 -1 -1 -1 0 
236 1 266 3 236 474 -1 -1 -1 0 
238 1 219 14 393 458 -1 -1 -1 0 
241 1 161 2 422 475 -1 -1 -1 0 
242 1 137 6 458 469 -1 -1 -1 0 
243 1 100 6 394 465 -1 -1 -1 0 
244 1 61 9 421 451 -1 -1 -1 0 
245 1 48 6 432 457 -1 -1 -1 0 
246 1 42 3 429 470 -1 -1 -1 0 
247 1 16 7 458 455 -1 -1 -1 0 
248 1 6 3 456 466 -1 -1 -1 0 
249 1 8 0 459 464 -1 -1 -1 0 
250 1 6 0 454 478 -1 -1 -1 0 
251 1 3 0 457 479 -1 -1 -1 0 
252 1 1 0 468 479 -1 -1 -1 0 
253 1 1 0 476 479 -1 -1 -1 0 
254 1 0 0 475 479 -1 -1 -1 0 
255 1 0 0 466 479 -1 -1 -1 0 
256 1 3 5 530 474 -1 -1 -1 0 
257 1 9 2 525 476 -1 -1 -1 0 
258 1 11 0 521 478 -1 -1 -1 0 
259 1 12 0 531 478 -1 -1 -1 0 
260 1 14 0 526 479 -1 -1 -1 0 
261 1 16 0 517 479 -1 -1 -1 0 
262 1 16 2 524 477 -1 -1 -1 0 
263 1 15 4 531 475 -1 -1 -1 0 
264 1 15 2 533 477 -1 -1 -1 0 
265 1 14 0 540 479 -1 -1 -1 0 
266 1 13 0 546 479 -1 -1 -1 0 
267 1 13 0 556 479 -1 -1 -1 0 
268 1 7 4 599 475 -1 -1 -1 0 
269 1 3 5 611 474 -1 -1 -1 0 
270 1 17 1 593 478 -1 -1 -1 0 
271 1 11 3 601 476 -1 -1 -1 0 
272 1 11 4 603 475 -1 -1 -1 0 
273 1 6 0 609 479 -1 -1 -1 0 
274 1 11 0 601 479 -1 -1 -1 0 
275 1 11 0 601 479 -1 -1 -1 0 
276 1 10 0 601 479 -1 -1 -1 0 
277 1 17 0 595 479 -1 -1 -1 0 
278 1 11 0 600 479 -1 -1 -1 0 
279 1 18 0 593 478 -1 -1 -1 0 
280 1 16 0 597 478 -1 -1 -1 0 
281 1 16 0 594 478 -1 -1 -1 0 
282 1 15 0 597 478 -1 -1 -1 0 
283 1 19 0 592 478 -1 -1 -1 0 
284 1 18 0 594 478 -1 -1 -1 0 
285 1 17 0 595 478 -1 -1 -1 0 
286 1 17 0 595 479 -1 -1 -1 0 
287 1 16 0 596 479 -1 -1 -1 0 
288 1 16 0 595 479 -1 -1 -1 0 
289 1 15 0 597 479 -1 -1 -1 0 
290 1 16 0 596 478 -1 -1 -1 0 
291 1 17 0 594 478 -1 -1 -1 0 
292 1 17 0 596 478 -1 -1 -1 0 
293 1 15 0 599 479 -1 -1 -1 0 
294 1 16 0 596 479 -1 -1 -1 0 
295 1 16 0 596 479 -1 -1 -1 0 
296 1 14 0 600 479 -1 -1 -1 0 
297 1 17 0 596 479 -1 -1 -1 0 
298 1 16 0 600 479 -1 -1 -1 0 
299 1 20 0 592 478 -1 -1 -1 0 
300 1 20 0 592 478 -1 -1 -1 0 
301 1 19 0 593 478 -1 -1 -1 0 
302 1 18 0 596 478 -1 -1 -1 0 
303 1 21 0 591 478 -1 -1 -1 0 
304 1 20 0 591 479 -1 -1 -1 0 
305 1 20 0 590 479 -1 -1 -1 0 
306 1 21 0 587 479 -1 -1 -1 0 
307 1 19 0 592 477 -1 -1 -1 0 
308 1 20 0 591 477 -1 -1 -1 0 
309 1 18 0 594 477 -1 -1 -1 0 
310 1 18 0 589 477 -1 -1 -1 0 
311 1 12 0 597 476 -1 -1 -1 0 
312 1 13 0 589 474 -1 -1 -1 0 
313 1 17 0 577 475 -1 -1 -1 0 
314 1 16 0 572 474 -1 -1 -1 0 
315 1 16 0 571 475 -1 -1 -1 0 
316 1 10 0 553 477 -1 -1 -1 0 
317 1 5 0 553 478 -1 -1 -1 0 
318 1 4 4 558 475 -1 -1 -1 0 
319 1 5 9 552 470 -1 -1 -1 0 
320 1 9 16 554 463 -1 -1 -1 0 
323 1 16 5 541 474 -1 -1 -1 0 
324 1 20 1 517 478 -1 -1 -1 0 
325 1 23 1 506 478 -1 -1 -1 0 
326 1 37 0 483 479 -1 -1 -1 0 
327 1 49 0 463 479 -1 -1 -1 0 
328 1 81 0 440 477 -1 -1 -1 0 
329 1 152 3 381 473 -1 -1 -1 0 
330 1 174 3 363 470 -1 -1 -1 0 
331 1 175 6 366 464 -1 -1 -1 0 
332 1 180 2 364 469 -1 -1 -1 0 
333 1 188 2 352 469 -1 -1 -1 0 
334 1 198 0 344 472 -1 -1 -1 0 
335 1 207 0 337 471 -1 -1 -1 0 
336 1 223 0 320 476 -1 -1 -1 0 
337 1 238 3 296 474 -1 -1 -1 0 
338 1 233 0 300 477 -1 -1 -1 0 
339 1 237 0 285 479 -1 -1 -1 0 
340 1 240 0 275 477 -1 -1 -1 0 
341 1 245 0 256 477 -1 -1 -1 0 
342 1 247 0 249 478 -1 -1 -1 0 
343 1 247 0 249 479 -1 -1 -1 0 
344 1 250 0 238 478 -1 -1 -1 0 
345 1 248 0 237 479 -1 -1 -1 0 
346 1 246 6 234 470 -1 -1 -1 0 
347 1 246 6 233 469 -1 -1 -1 0 
348 1 249 11 224 466 -1 -1 -1 0 
349 1 248 14 226 457 -1 -1 -1 0 
350 1 250 27 225 442 -1 -1 -1 0 
351 1 251 40 222 430 -1 -1 -1 0 
352 1 255 51 215 420 -1 -1 -1 0 
353 1 259 59 210 413 -1 -1 -1 0 
354 1 265 64 205 406 -1 -1 -1 0 
355 1 268 69 203 399 -1 -1 -1 0 
356 1 274 71 194 400 -1 -1 -1 0 
357 1 276 74 190 398 -1 -1 -1 0 
358 1 278 77 186 400 -1 -1 -1 0 
359 1 279 82 182 396 -1 -1 -1 0 
360 1 282 88 175 391 -1 -1 -1 0 
361 1 284 95 170 383 -1 -1 -1 0 
362 1 285 100 167 379 -1 -1 -1 0 
363 1 289 104 157 375 -1 -1 -1 0 
364 1 287 109 158 370 -1 -1 -1 0 
365 1 286 111 159 366 -1 -1 -1 0 
366 1 285 112 152 362 -1 -1 -1 0 
367 1 286 113 149 361 -1 -1 -1 0 
368 1 286 116 149 361 -1 -1 -1 0 
369 1 287 125 149 354 -1 -1 -1 0 
370 1 288 129 149 349 -1 -1 -1 0 
371 1 289 138 151 335 -1 -1 -1 0 
372 1 292 130 153 349 -1 -1 -1 0 
373 1 295 130 150 348 -1 -1 -1 0 
374 1 299 132 142 347 -1 -1 -1 0 
375 1 299 131 141 348 -1 -1 -1 0 
376 1 301 133 137 346 -1 -1 -1 0 
377 1 303 138 130 340 -1 -1 -1 0 
378 1 302 151 127 317 -1 -1 -1 0 
379 1 303 154 124 314 -1 -1 -1 0 
380 1 302 157 125 312 -1 -1 -1 0 
381 1 301 158 122 312 -1 -1 -1 0 
382 1 299 150 119 324 -1 -1 -1 0 
383 1 298 147 119 320 -1 -1 -1 0 
384 1 295 148 118 317 -1 -1 -1 0 
385 1 292 151 121 307 -1 -1 -1 0 
386 1 292 153 120 302 -1 -1 -1 0 
387 1 292 156 120 299 -1 -1 -1 0 
388 1 295 169 120 281 -1 -1 -1 0 
389 1 298 174 117 275 -1 -1 -1 0 
390 1 299 176 116 271 -1 -1 -1 0 
391 1 301 177 114 286 -1 -1 -1 0 
392 1 303 178 112 279 -1 -1 -1 0 
393 1 308 178 106 278 -1 -1 -1 0 
394 1 310 179 104 277 -1 -1 -1 0 
395 1 310 180 104 272 -1 -1 -1 0 
396 1 311 181 101 265 -1 -1 -1 0 
397 1 311 183 101 260 -1 -1 -1 0 
398 1 310 190 99 254 -1 -1 -1 0 
399 1 309 193 97 251 -1 -1 -1 0 
400 1 306 192 97 254 -1 -1 -1 0 
401 1 306 190 95 255 -1 -1 -1 0 
402 1 305 190 96 254 -1 -1 -1 0 
403 1 303 190 101 246 -1 -1 -1 0 
404 1 302 192 103 241 -1 -1 -1 0 
405 1 302 190 104 244 -1 -1 -1 0 
406 1 302 190 103 243 -1 -1 -1 0 
407 1 302 193 102 238 -1 -1 -1 0 
408 1 303 194 100 233 -1 -1 -1 0 
409 1 305 198 98 231 -1 -1 -1 0 
410 1 306 199 97 230 -1 -1 -1 0 
411 1 307 199 96 237 -1 -1 -1 0 
412 1 308 200 94 239 -1 -1 -1 0 
413 1 310 201 93 232 -1 -1 -1 0 
414 1 312 200 89 229 -1 -1 -1 0 
415 1 312 199 88 225 -1 -1 -1 0 
416 1 312 204 89 217 -1 -1 -1 0 
417 1 311 204 91 211 -1 -1 -1 0 
418 1 311 205 89 207 -1 -1 -1 0 
419 1 309 206 89 208 -1 -1 -1 0 
420 1 309 204 88 213 -1 -1 -1 0 
421 1 307 202 86 214 -1 -1 -1 0 
422 1 307 202 83 214 -1 -1 -1 0 
423 1 305 201 80 216 -1 -1 -1 0 
424 1 305 201 78 216 -1 -1 -1 0 
425 1 307 203 71 219 -1 -1 -1 0 
426 1 307 202 70 220 -1 -1 -1 0 
427 1 310 200 64 220 -1 -1 -1 0 
428 1 309 201 62 219 -1 -1 -1 0 
429 1 309 202 55 220 -1 -1 -1 0 
430 1 308 202 54 217 -1 -1 -1 0 
431 1 309 202 52 216 -1 -1 -1 0 
432 1 309 200 58 213 -1 -1 -1 0 
433 1 308 201 62 211 -1 -1 -1 0 
434 1 308 200 63 212 -1 -1 -1 0 
435 1 308 199 63 213 -1 -1 -1 0 
436 1 308 200 61 214 -1 -1 -1 0 
437 1 308 200 60 215 -1 -1 -1 0 
438 1 307 201 60 215 -1 -1 -1 0 
439 1 305 203 56 216 -1 -1 -1 0 
440 1 304 203 56 215 -1 -1 -1 0 
441 1 304 201 54 216 -1 -1 -1 0 
442 1 304 199 54 222 -1 -1 -1 0 
443 1 303 200 58 228 -1 -1 -1 0 
444 1 304 200 60 230 -1 -1 -1 0 
445 1 303 201 65 230 -1 -1 -1 0 
446 1 302 201 70 229 -1 -1 -1 0 
447 1 302 202 76 230 -1 -1 -1 0 
448 1 302 201 79 233 -1 -1 -1 0 
449 1 302 200 82 234 -1 -1 -1 0 
450 1 303 199 82 235 -1 -1 -1 0 
451 1 303 198 85 236 -1 -1 -1 0 
452 1 304 197 86 238 -1 -1 -1 0 
453 1 306 195 89 245 -1 -1 -1 0 
454 1 307 194 91 246 -1 -1 -1 0 
455 1 311 194 92 246 -1 -1 -1 0 
456 1 313 193 93 250 -1 -1 -1 0 
457 1 312 192 101 253 -1 -1 -1 0 
458 1 312 191 103 255 -1 -1 -1 0 
459 1 311 191 108 264 -1 -1 -1 0 
460 1 309 190 112 268 -1 -1 -1 0 
461 1 304 188 117 262 -1 -1 -1 0 
462 1 304 188 117 262 -1 -1 -1 0 
463 1 297 183 118 260 -1 -1 -1 0 
464 1 298 184 112 287 -1 -1 -1 0 
465 1 296 180 111 281 -1 -1 -1 0 
466 1 297 177 109 288 -1 -1 -1 0 
467 1 299 176 107 281 -1 -1 -1 0 
468 1 301 176 104 280 -1 -1 -1 0 
469 1 303 177 103 281 -1 -1 -1 0 
470 1 307 178 100 278 -1 -1 -1 0 
471 1 309 179 101 282 -1 -1 -1 0 
472 1 312 176 99 290 -1 -1 -1 0 
473 1 312 174 101 290 -1 -1 -1 0 
474 1 315 166 102 295 -1 -1 -1 0 
475 1 317 163 103 296 -1 -1 -1 0 
476 1 319 162 105 296 -1 -1 -1 0 
477 1 318 161 108 302 -1 -1 -1 0 
478 1 316 157 112 312 -1 -1 -1 0 
479 1 315 157 115 313 -1 -1 -1 0 
480 1 314 157 116 318 -1 -1 -1 0 
481 1 309 159 124 313 -1 -1 -1 0 
482 1 305 155 129 319 -1 -1 -1 0 
483 1 302 150 129 326 -1 -1 -1 0 
484 1 297 148 130 325 -1 -1 -1 0 
485 1 295 146 130 328 -1 -1 -1 0 
486 1 294 144 129 332 -1 -1 -1 0 
487 1 294 142 127 337 -1 -1 -1 0 
488 1 294 140 125 339 -1 -1 -1 0 
489 1 295 138 124 341 -1 -1 -1 0 
490 1 295 138 125 341 -1 -1 -1 0 
491 1 293 138 128 341 -1 -1 -1 0 
492 1 293 137 132 342 -1 -1 -1 0 
493 1 297 137 131 341 -1 -1 -1 0 
494 1 298 135 134 344 -1 -1 -1 0 
495 1 296 124 145 355 -1 -1 -1 0 
496 1 290 114 160 365 -1 -1 -1 0 
497 1 291 106 165 373 -1 -1 -1 0 
498 1 286 101 181 378 -1 -1 -1 0 
499 1 283 104 184 372 -1 -1 -1 0 
500 1 282 102 187 374 -1 -1 -1 0 
501 1 281 101 191 376 -1 -1 -1 0 
502 1 279 96 193 382 -1 -1 -1 0 
503 1 279 91 192 387 -1 -1 -1 0 
504 1 278 82 191 396 -1 -1 -1 0 
505 1 278 78 190 399 -1 -1 -1 0 
506 1 280 72 189 405 -1 -1 -1 0 
507 1 280 71 192 405 -1 -1 -1 0 
508 1 280 71 192 404 -1 -1 -1 0 
509 1 280 71 192 404 -1 -1 -1 0 
510 1 283 65 192 406 -1 -1 -1 0 
511 1 287 65 195 404 -1 -1 -1 0 
512 1 287 66 199 403 -1 -1 -1 0 
513 1 293 60 203 414 -1 -1 -1 0 
514 1 301 57 209 413 -1 -1 -1 0 
515 1 317 36 211 434 -1 -1 -1 0 
516 1 321 28 216 443 -1 -1 -1 0 
517 1 324 20 232 455 -1 -1 -1 0 
518 1 323 15 248 458 -1 -1 -1 0 
519 1 324 12 252 462 -1 -1 -1 0 
520 1 331 9 254 465 -1 -1 -1 0 
521 1 334 4 253 471 -1 -1 -1 0 
522 1 337 0 248 479 -1 -1 -1 0 
523 1 336 0 246 479 -1 -1 -1 0 
524 1 336 0 244 479 -1 -1 -1 0 
525 1 329 0 255 479 -1 -1 -1 0 
526 1 325 0 264 479 -1 -1 -1 0 
527 1 321 0 277 479 -1 -1 -1 0 
528 1 316 0 291 479 -1 -1 -1 0 
529 1 317 0 296 479 -1 -1 -1 0 
530 1 320 0 301 479 -1 -1 -1 0 
531 1 321 0 308 479 -1 -1 -1 0 
532 1 320 0 315 479 -1 -1 -1 0 
533 1 322 0 311 479 -1 -1 -1 0 
534 1 322 0 317 479 -1 -1 -1 0 
535 1 322 0 317 479 -1 -1 -1 0 
536 1 323 0 313 478 -1 -1 -1 0 
537 1 318 0 310 474 -1 -1 -1 0 
538 1 316 0 321 476 -1 -1 -1 0 
539 1 312 0 325 477 -1 -1 -1 0 
540 1 307 1 314 474 -1 -1 -1 0 
541 1 297 1 332 476 -1 -1 -1 0 
542 1 286 2 343 474 -1 -1 -1 0 
543 1 272 4 353 471 -1 -1 -1 0 
544 1 253 4 380 468 -1 -1 -1 0 
545 1 214 4 416 467 -1 -1 -1 0 
546 1 197 3 431 471 -1 -1 -1 0 
547 1 154 4 485 467 -1 -1 -1 0 
548 1 130 0 493 475 -1 -1 -1 0 
549 1 110 0 518 479 -1 -1 -1 0 
550 1 80 0 544 479 -1 -1 -1 0 
551 1 72 1 538 478 -1 -1 -1 0 
552 1 70 2 478 477 -1 -1 -1 0 
553 1 52 0 429 479 -1 -1 -1 0 
554 1 39 0 426 475 -1 -1 -1 0 
555 1 41 0 382 478 -1 -1 -1 0 
556 1 30 0 399 475 -1 -1 -1 0 
557 1 13 1 425 475 -1 -1 -1 0 
558 1 11 0 436 477 -1 -1 -1 0 
559 1 15 0 447 479 -1 -1 -1 0 
560 1 38 4 457 470 -1 -1 -1 0 
561 1 28 4 502 474 -1 -1 -1 0 
562 1 24 3 510 476 -1 -1 -1 0 
563 1 28 3 518 474 -1 -1 -1 0 
564 1 13 3 588 476 -1 -1 -1 0 
570 1 38 11 576 468 -1 -1 -1 0 
571 1 24 29 597 447 -1 -1 -1 0 
572 1 25 18 612 459 -1 -1 -1 0 
573 1 39 9 595 468 -1 -1 -1 0 
577 1 29 14 610 465 -1 -1 -1 0 
579 1 24 20 615 458 -1 -1 -1 0 
592 1 17 20 612 458 -1 -1 -1 0 
593 1 17 18 609 457 -1 -1 -1 0 
594 1 26 15 594 461 -1 -1 -1 0 
595 1 33 14 592 463 -1 -1 -1 0 
596 1 26 14 601 462 -1 -1 -1 0 
597 1 26 9 606 468 -1 -1 -1 0 
598 1 26 9 595 470 -1 -1 -1 0 
599 1 29 13 592 466 -1 -1 -1 0 
600 1 27 5 592 474 -1 -1 -1 0 
601 1 22 2 597 474 -1 -1 -1 0 
602 1 26 0 590 477 -1 -1 -1 0 
603 1 16 0 604 476 -1 -1 -1 0 
605 1 41 0 497 472 -1 -1 -1 0 
606 1 37 0 489 474 -1 -1 -1 0 
609 1 0 1 622 474 -1 -1 -1 0 
610 1 17 5 591 470 -1 -1 -1 0 
614 1 36 2 454 468 -1 -1 -1 0 
615 1 0 0 610 469 -1 -1 -1 0 
616 1 3 0 605 471 -1 -1 -1 0 
617 1 35 0 502 471 -1 -1 -1 0 
620 1 33 2 487 472 -1 -1 -1 0 
621 1 25 2 518 473 -1 -1 -1 0 
622 1 29 2 516 473 -1 -1 -1 0 
623 1 32 1 509 476 -1 -1 -1 0 
624 1 29 1 513 474 -1 -1 -1 0 
625 1 28 0 500 472 -1 -1 -1 0 
626 1 21 0 504 473 -1 -1 -1 0 
627 1 23 0 500 472 -1 -1 -1 0 
628 1 27 0 481 473 -1 -1 -1 0 
629 1 23 0 492 473 -1 -1 -1 0 
630 1 24 0 492 473 -1 -1 -1 0 
631 1 22 0 498 470 -1 -1 -1 0 
632 1 18 0 508 466 -1 -1 -1 0 
633 1 19 0 507 466 -1 -1 -1 0 
634 1 3 2 457 466 -1 -1 -1 0 
635 1 0 0 448 472 -1 -1 -1 0 
636 1 0 0 451 472 -1 -1 -1 0 
637 1 0 0 458 471 -1 -1 -1 0 
638 1 2 0 451 469 -1 -1 -1 0 
639 1 5 0 453 474 -1 -1 -1 0 
640 1 0 11 472 462 -1 -1 -1 0 
641 1 5 7 470 468 -1 -1 -1 0 
642 1 8 7 469 468 -1 -1 -1 0 
643 1 23 8 477 470 -1 -1 -1 0 
644 1 18 1 504 473 -1 -1 -1 0 
645 1 18 3 516 466 -1 -1 -1 0 
646 1 17 7 521 456 -1 -1 -1 0 
647 1 26 13 518 447 -1 -1 -1 0 
648 1 29 12 528 442 -1 -1 -1 0 
649 1 45 5 520 459 -1 -1 -1 0 
650 1 43 5 523 459 -1 -1 -1 0 
651 1 43 9 533 456 -1 -1 -1 0 
652 1 28 19 554 452 -1 -1 -1 0 
653 1 28 21 552 451 -1 -1 -1 0 
654 1 26 24 556 446 -1 -1 -1 0 
655 1 27 24 553 446 -1 -1 -1 0 
656 1 26 23 555 447 -1 -1 -1 0 
657 1 28 20 553 452 -1 -1 -1 0 
658 1 30 18 550 455 -1 -1 -1 0 
659 1 23 19 561 454 -1 -1 -1 0 
660 1 25 19 557 454 -1 -1 -1 0 
661 1 25 19 556 453 -1 -1 -1 0 
662 1 25 20 554 449 -1 -1 -1 0 
663 1 40 15 542 450 -1 -1 -1 0 
664 1 29 19 552 450 -1 -1 -1 0 
665 1 31 19 546 449 -1 -1 -1 0 
666 1 26 18 549 453 -1 -1 -1 0 
667 1 28 21 550 452 -1 -1 -1 0 
668 1 26 24 553 449 -1 -1 -1 0 
669 1 17 20 568 451 -1 -1 -1 0 
670 1 17 17 574 453 -1 -1 -1 0 
671 1 31 21 546 452 -1 -1 -1 0 
672 1 56 27 519 449 -1 -1 -1 0 
673 1 57 28 519 449 -1 -1 -1 0 
674 1 81 17 492 462 -1 -1 -1 0 
675 1 88 18 483 460 -1 -1 -1 0 
676 1 77 7 491 472 -1 -1 -1 0 
677 1 73 2 491 477 -1 -1 -1 0 
678 1 39 0 550 476 -1 -1 -1 0 
679 1 54 10 493 467 -1 -1 -1 0 
680 1 46 21 488 457 -1 -1 -1 0 
681 1 42 23 497 456 -1 -1 -1 0 
682 1 39 22 494 453 -1 -1 -1 0 
683 1 35 19 500 456 -1 -1 -1 0 
684 1 23 5 500 474 -1 -1 -1 0 
685 1 21 1 515 478 -1 -1 -1 0 
686 1 19 8 524 468 -1 -1 -1 0 
687 1 26 23 511 445 -1 -1 -1 0 
688 1 6 24 546 442 -1 -1 -1 0 
689 1 8 14 541 459 -1 -1 -1 0 
690 1 14 6 536 466 -1 -1 -1 0 
691 1 7 4 544 462 -1 -1 -1 0 
692 1 5 7 546 458 -1 -1 -1 0 
693 1 3 6 546 459 -1 -1 -1 0 
694 1 3 5 545 459 -1 -1 -1 0 
695 1 3 3 543 460 -1 -1 -1 0 
696 1 3 4 544 458 -1 -1 -1 0 
697 1 4 3 543 459 -1 -1 -1 0 
698 1 1 4 549 459 -1 -1 -1 0 
699 1 1 6 549 460 -1 -1 -1 0 
700 1 2 6 547 461 -1 -1 -1 0 
701 1 1 7 548 460 -1 -1 -1 0 
702 1 3 6 546 461 -1 -1 -1 0 
703 1 3 8 549 457 -1 -1 -1 0 
704 1 5 8 545 457 -1 -1 -1 0 
705 1 4 9 547 456 -1 -1 -1 0 
706 1 5 9 545 455 -1 -1 -1 0 
707 1 4 9 547 455 -1 -1 -1 0 
708 1 4 8 546 458 -1 -1 -1 0 
709 1 4 8 546 457 -1 -1 -1 0 
710 1 4 7 545 458 -1 -1 -1 0 
711 1 4 7 546 457 -1 -1 -1 0 
712 1 4 7 546 457 -1 -1 -1 0 
713 1 5 8 545 456 -1 -1 -1 0 
714 1 3 8 548 456 -1 -1 -1 0 
715 1 4 8 548 455 -1 -1 -1 0 
716 1 5 9 546 453 -1 -1 -1 0 
717 1 6 9 546 454 -1 -1 -1 0 
718 1 6 10 547 453 -1 -1 -1 0 
719 1 6 9 548 454 -1 -1 -1 0 
720 1 5 10 548 453 -1 -1 -1 0 
721 1 4 9 550 455 -1 -1 -1 0 
722 1 5 8 548 455 -1 -1 -1 0 
723 1 5 9 549 454 -1 -1 -1 0 
724 1 5 9 549 454 -1 -1 -1 0 
725 1 5 9 549 454 -1 -1 -1 0 
726 1 6 8 548 455 -1 -1 -1 0 
727 1 5 9 550 454 -1 -1 -1 0 
728 1 5 8 551 454 -1 -1 -1 0 
729 1 6 9 550 453 -1 -1 -1 0 
730 1 5 8 551 454 -1 -1 -1 0 
731 1 6 8 548 453 -1 -1 -1 0 
732 1 4 7 554 454 -1 -1 -1 0 
733 1 6 8 551 452 -1 -1 -1 0 
734 1 4 8 550 454 -1 -1 -1 0 
735 1 4 9 551 453 -1 -1 -1 0 
736 1 4 8 552 453 -1 -1 -1 0 
737 1 5 9 552 452 -1 -1 -1 0 
738 1 7 9 549 453 -1 -1 -1 0 
739 1 4 11 553 451 -1 -1 -1 0 
740 1 7 12 549 449 -1 -1 -1 0 
741 1 6 12 552 449 -1 -1 -1 0 
742 1 4 12 554 449 -1 -1 -1 0 
743 1 4 12 556 449 -1 -1 -1 0 
744 1 4 11 555 450 -1 -1 -1 0 
745 1 4 11 555 449 -1 -1 -1 0 
746 1 4 11 555 449 -1 -1 -1 0 
747 1 4 11 555 450 -1 -1 -1 0 
748 1 3 10 557 452 -1 -1 -1 0 
749 1 3 11 557 451 -1 -1 -1 0 
750 1 4 11 555 451 -1 -1 -1 0 
751 1 3 11 556 450 -1 -1 -1 0 
752 1 4 11 554 450 -1 -1 -1 0 
753 1 3 12 556 449 -1 -1 -1 0 
754 1 3 11 555 450 -1 -1 -1 0 
755 1 4 11 553 451 -1 -1 -1 0 
756 1 3 9 555 453 -1 -1 -1 0 
757 1 5 7 551 456 -1 -1 -1 0 
758 1 8 7 550 456 -1 -1 -1 0 
759 1 16 6 541 458 -1 -1 -1 0 
760 1 10 5 551 465 -1 -1 -1 0 
761 1 11 5 549 465 -1 -1 -1 0 
762 1 17 6 538 462 -1 -1 -1 0 
763 1 17 6 541 460 -1 -1 -1 0 
764 1 52 0 502 470 -1 -1 -1 0 
765 1 27 0 533 474 -1 -1 -1 0 
766 1 39 0 535 478 -1 -1 -1 0 
767 1 41 0 536 479 -1 -1 -1 0 
768 1 17 0 522 473 -1 -1 -1 0 
769 1 15 0 522 473 -1 -1 -1 0 
770 1 13 0 518 467 -1 -1 -1 0 
771 1 9 5 527 470 -1 -1 -1 0 
772 1 13 1 511 476 -1 -1 -1 0 
773 1 17 0 498 479 -1 -1 -1 0 
774 1 15 0 499 476 -1 -1 -1 0 
775 1 15 0 500 473 -1 -1 -1 0 
776 1 18 0 499 472 -1 -1 -1 0 
777 1 16 0 504 470 -1 -1 -1 0 
778 1 16 0 505 470 -1 -1 -1 0 
779 1 17 0 503 467 -1 -1 -1 0 
780 1 23 0 491 469 -1 -1 -1 0 
781 1 20 0 495 471 -1 -1 -1 0 
782 1 20 0 498 469 -1 -1 -1 0 
783 1 19 0 501 474 -1 -1 -1 0 
784 1 15 0 501 474 -1 -1 -1 0 
785 1 12 1 504 468 -1 -1 -1 0 
786 1 13 0 504 467 -1 -1 -1 0 
787 1 12 0 508 477 -1 -1 -1 0 
788 1 12 0 502 463 -1 -1 -1 0 
789 1 11 0 503 463 -1 -1 -1 0 
790 1 7 3 518 469 -1 -1 -1 0 
791 1 8 4 517 470 -1 -1 -1 0 
792 1 11 7 510 465 -1 -1 -1 0 
793 1 13 6 507 467 -1 -1 -1 0 
794 1 10 7 516 467 -1 -1 -1 0 
795 1 10 9 516 463 -1 -1 -1 0 
796 1 11 1 513 472 -1 -1 -1 0 
797 1 20 7 494 456 -1 -1 -1 0 
798 1 25 1 487 463 -1 -1 -1 0 
799 1 20 0 500 465 -1 -1 -1 0 
800 1 22 0 498 464 -1 -1 -1 0 
801 1 17 19 507 449 -1 -1 -1 0 
802 1 19 21 504 448 -1 -1 -1 0 
803 1 20 23 502 444 -1 -1 -1 0 
804 1 18 24 505 442 -1 -1 -1 0 
805 1 19 25 506 441 -1 -1 -1 0 
806 1 20 26 503 440 -1 -1 -1 0 
807 1 19 22 504 445 -1 -1 -1 0 
808 1 18 22 505 445 -1 -1 -1 0 
809 1 18 21 505 445 -1 -1 -1 0 
810 1 23 3 502 462 -1 -1 -1 0 
811 1 22 1 503 463 -1 -1 -1 0 
812 1 22 1 504 463 -1 -1 -1 0 
813 1 22 1 504 463 -1 -1 -1 0 
814 1 22 1 504 463 -1 -1 -1 0 
815 1 22 1 504 463 -1 -1 -1 0 
816 1 22 1 504 463 -1 -1 -1 0 
817 1 22 1 504 463 -1 -1 -1 0 
818 1 22 1 504 463 -1 -1 -1 0 
819 1 22 1 504 463 -1 -1 -1 0 
820 1 22 1 504 463 -1 -1 -1 0 
821 1 20 0 505 466 -1 -1 -1 0 
822 1 19 0 507 465 -1 -1 -1 0 
823 1 22 4 510 462 -1 -1 -1 0 
