3 1 0 0 537 469 -1 -1 -1 0 
4 1 0 0 536 469 -1 -1 -1 0 
5 1 0 0 534 468 -1 -1 -1 0 
6 1 0 0 534 469 -1 -1 -1 0 
7 1 0 0 535 469 -1 -1 -1 0 
8 1 0 0 536 469 -1 -1 -1 0 
9 1 0 0 536 468 -1 -1 -1 0 
10 1 0 0 537 469 -1 -1 -1 0 
11 1 0 0 536 469 -1 -1 -1 0 
12 1 0 0 537 469 -1 -1 -1 0 
13 1 0 0 538 469 -1 -1 -1 0 
14 1 0 0 539 468 -1 -1 -1 0 
15 1 0 0 537 468 -1 -1 -1 0 
16 1 0 0 538 469 -1 -1 -1 0 
17 1 1 0 535 468 -1 -1 -1 0 
18 1 0 0 536 468 -1 -1 -1 0 
19 1 0 0 533 469 -1 -1 -1 0 
20 1 0 0 537 469 -1 -1 -1 0 
21 1 0 0 536 469 -1 -1 -1 0 
22 1 0 0 536 469 -1 -1 -1 0 
23 1 0 0 536 468 -1 -1 -1 0 
24 1 1 0 528 468 -1 -1 -1 0 
25 1 0 0 529 469 -1 -1 -1 0 
26 1 0 0 525 470 -1 -1 -1 0 
27 1 0 0 524 470 -1 -1 -1 0 
28 1 0 0 525 471 -1 -1 -1 0 
29 1 0 0 524 470 -1 -1 -1 0 
30 1 0 0 525 470 -1 -1 -1 0 
31 1 0 0 526 470 -1 -1 -1 0 
32 1 0 0 526 470 -1 -1 -1 0 
33 1 0 0 525 468 -1 -1 -1 0 
34 1 0 0 526 469 -1 -1 -1 0 
35 1 0 0 528 469 -1 -1 -1 0 
36 1 0 0 527 469 -1 -1 -1 0 
37 1 0 0 525 469 -1 -1 -1 0 
38 1 0 0 531 469 -1 -1 -1 0 
39 1 0 0 530 470 -1 -1 -1 0 
40 1 0 0 531 470 -1 -1 -1 0 
41 1 0 0 531 470 -1 -1 -1 0 
42 1 0 0 531 470 -1 -1 -1 0 
43 1 0 0 530 470 -1 -1 -1 0 
44 1 0 0 532 469 -1 -1 -1 0 
45 1 0 0 530 469 -1 -1 -1 0 
46 1 0 0 528 470 -1 -1 -1 0 
47 1 0 0 527 470 -1 -1 -1 0 
48 1 0 0 529 470 -1 -1 -1 0 
49 1 0 0 525 469 -1 -1 -1 0 
50 1 0 0 527 470 -1 -1 -1 0 
51 1 0 0 527 470 -1 -1 -1 0 
52 1 0 0 528 470 -1 -1 -1 0 
53 1 0 0 526 470 -1 -1 -1 0 
54 1 0 0 528 470 -1 -1 -1 0 
55 1 0 0 526 470 -1 -1 -1 0 
56 1 0 0 525 469 -1 -1 -1 0 
57 1 0 0 526 469 -1 -1 -1 0 
58 1 0 0 528 469 -1 -1 -1 0 
59 1 0 0 528 469 -1 -1 -1 0 
60 1 0 0 526 470 -1 -1 -1 0 
61 1 0 0 526 471 -1 -1 -1 0 
62 1 0 0 525 471 -1 -1 -1 0 
63 1 0 0 525 471 -1 -1 -1 0 
64 1 0 0 524 471 -1 -1 -1 0 
65 1 0 0 525 471 -1 -1 -1 0 
66 1 0 0 524 471 -1 -1 -1 0 
67 1 0 0 524 471 -1 -1 -1 0 
68 1 0 0 525 471 -1 -1 -1 0 
69 1 0 0 523 472 -1 -1 -1 0 
70 1 0 0 523 472 -1 -1 -1 0 
71 1 0 0 523 472 -1 -1 -1 0 
72 1 0 0 523 472 -1 -1 -1 0 
73 1 0 0 524 472 -1 -1 -1 0 
74 1 1 0 522 471 -1 -1 -1 0 
75 1 0 0 523 471 -1 -1 -1 0 
76 1 0 0 524 471 -1 -1 -1 0 
77 1 0 0 523 471 -1 -1 -1 0 
78 1 0 0 524 471 -1 -1 -1 0 
79 1 0 0 525 471 -1 -1 -1 0 
80 1 0 0 524 470 -1 -1 -1 0 
81 1 0 0 523 470 -1 -1 -1 0 
82 1 1 0 521 471 -1 -1 -1 0 
83 1 0 0 524 469 -1 -1 -1 0 
84 1 0 0 525 469 -1 -1 -1 0 
85 1 0 0 524 470 -1 -1 -1 0 
86 1 0 0 525 470 -1 -1 -1 0 
87 1 0 0 525 470 -1 -1 -1 0 
88 1 0 0 526 469 -1 -1 -1 0 
89 1 0 0 526 469 -1 -1 -1 0 
90 1 0 0 527 469 -1 -1 -1 0 
91 1 1 0 524 469 -1 -1 -1 0 
92 1 0 0 530 469 -1 -1 -1 0 
93 1 0 0 529 469 -1 -1 -1 0 
94 1 0 0 525 470 -1 -1 -1 0 
95 1 1 0 526 469 -1 -1 -1 0 
96 1 2 0 524 469 -1 -1 -1 0 
97 1 0 0 528 470 -1 -1 -1 0 
98 1 0 0 527 470 -1 -1 -1 0 
99 1 0 0 527 470 -1 -1 -1 0 
100 1 0 0 528 471 -1 -1 -1 0 
101 1 0 0 529 471 -1 -1 -1 0 
102 1 0 0 530 471 -1 -1 -1 0 
103 1 0 0 529 471 -1 -1 -1 0 
104 1 0 0 529 471 -1 -1 -1 0 
105 1 0 0 530 470 -1 -1 -1 0 
106 1 0 0 531 470 -1 -1 -1 0 
107 1 0 0 529 470 -1 -1 -1 0 
108 1 0 0 527 470 -1 -1 -1 0 
109 1 0 0 530 470 -1 -1 -1 0 
110 1 0 0 527 470 -1 -1 -1 0 
111 1 0 0 526 471 -1 -1 -1 0 
112 1 0 0 527 470 -1 -1 -1 0 
113 1 0 0 528 470 -1 -1 -1 0 
114 1 0 0 528 470 -1 -1 -1 0 
115 1 0 0 529 470 -1 -1 -1 0 
116 1 1 0 527 469 -1 -1 -1 0 
117 1 0 0 528 469 -1 -1 -1 0 
118 1 0 0 526 469 -1 -1 -1 0 
119 1 0 0 526 469 -1 -1 -1 0 
120 1 1 0 524 470 -1 -1 -1 0 
121 1 1 0 524 471 -1 -1 -1 0 
122 1 1 0 525 471 -1 -1 -1 0 
123 1 0 0 528 470 -1 -1 -1 0 
124 1 0 0 527 469 -1 -1 -1 0 
125 1 0 0 527 468 -1 -1 -1 0 
126 1 0 0 527 468 -1 -1 -1 0 
127 1 0 0 525 469 -1 -1 -1 0 
128 1 0 0 528 469 -1 -1 -1 0 
129 1 0 0 529 469 -1 -1 -1 0 
130 1 0 0 528 469 -1 -1 -1 0 
131 1 0 0 528 469 -1 -1 -1 0 
132 1 0 0 528 469 -1 -1 -1 0 
133 1 0 0 528 469 -1 -1 -1 0 
134 1 0 0 524 469 -1 -1 -1 0 
135 1 0 0 524 470 -1 -1 -1 0 
136 1 0 0 526 470 -1 -1 -1 0 
137 1 0 0 524 469 -1 -1 -1 0 
138 1 0 0 526 469 -1 -1 -1 0 
139 1 0 0 526 470 -1 -1 -1 0 
140 1 0 0 526 471 -1 -1 -1 0 
141 1 0 0 527 470 -1 -1 -1 0 
142 1 0 0 526 470 -1 -1 -1 0 
143 1 0 0 525 470 -1 -1 -1 0 
144 1 0 0 525 470 -1 -1 -1 0 
145 1 0 0 526 470 -1 -1 -1 0 
146 1 1 0 524 469 -1 -1 -1 0 
147 1 0 0 523 470 -1 -1 -1 0 
148 1 0 0 522 470 -1 -1 -1 0 
149 1 0 0 522 470 -1 -1 -1 0 
150 1 0 0 523 470 -1 -1 -1 0 
151 1 0 0 524 470 -1 -1 -1 0 
152 1 0 0 523 469 -1 -1 -1 0 
153 1 0 0 527 469 -1 -1 -1 0 
154 1 0 0 527 469 -1 -1 -1 0 
155 1 0 0 523 470 -1 -1 -1 0 
156 1 0 0 523 471 -1 -1 -1 0 
157 1 0 0 526 469 -1 -1 -1 0 
158 1 0 0 526 469 -1 -1 -1 0 
159 1 0 0 526 470 -1 -1 -1 0 
160 1 0 0 527 469 -1 -1 -1 0 
161 1 0 0 525 469 -1 -1 -1 0 
162 1 0 0 527 468 -1 -1 -1 0 
163 1 0 0 526 467 -1 -1 -1 0 
164 1 0 0 527 469 -1 -1 -1 0 
165 1 0 0 527 469 -1 -1 -1 0 
166 1 0 0 527 469 -1 -1 -1 0 
167 1 0 0 524 469 -1 -1 -1 0 
168 1 0 0 529 469 -1 -1 -1 0 
169 1 0 0 527 469 -1 -1 -1 0 
170 1 0 0 526 470 -1 -1 -1 0 
171 1 0 0 527 469 -1 -1 -1 0 
172 1 0 0 525 469 -1 -1 -1 0 
173 1 0 0 524 469 -1 -1 -1 0 
174 1 0 0 525 469 -1 -1 -1 0 
175 1 0 0 524 470 -1 -1 -1 0 
176 1 0 0 526 471 -1 -1 -1 0 
177 1 0 0 527 470 -1 -1 -1 0 
178 1 0 0 524 469 -1 -1 -1 0 
179 1 0 0 523 469 -1 -1 -1 0 
180 1 0 0 526 469 -1 -1 -1 0 
181 1 0 0 524 470 -1 -1 -1 0 
182 1 0 0 522 470 -1 -1 -1 0 
183 1 0 0 526 469 -1 -1 -1 0 
184 1 0 0 525 469 -1 -1 -1 0 
185 1 0 0 525 469 -1 -1 -1 0 
186 1 0 0 526 470 -1 -1 -1 0 
187 1 0 0 523 469 -1 -1 -1 0 
188 1 0 0 523 469 -1 -1 -1 0 
189 1 0 0 523 468 -1 -1 -1 0 
190 1 0 0 522 468 -1 -1 -1 0 
191 1 0 0 524 468 -1 -1 -1 0 
192 1 0 0 523 469 -1 -1 -1 0 
193 1 0 0 525 469 -1 -1 -1 0 
194 1 0 0 525 469 -1 -1 -1 0 
195 1 0 0 526 470 -1 -1 -1 0 
196 1 0 0 524 470 -1 -1 -1 0 
197 1 0 0 525 470 -1 -1 -1 0 
198 1 0 0 529 469 -1 -1 -1 0 
199 1 0 0 524 469 -1 -1 -1 0 
200 1 0 0 524 469 -1 -1 -1 0 
201 1 0 0 524 469 -1 -1 -1 0 
202 1 0 0 525 469 -1 -1 -1 0 
203 1 0 0 526 469 -1 -1 -1 0 
204 1 0 0 526 469 -1 -1 -1 0 
205 1 0 0 524 469 -1 -1 -1 0 
206 1 0 0 524 469 -1 -1 -1 0 
207 1 0 0 526 469 -1 -1 -1 0 
208 1 0 0 526 470 -1 -1 -1 0 
209 1 0 0 527 469 -1 -1 -1 0 
210 1 0 0 528 469 -1 -1 -1 0 
211 1 0 0 528 469 -1 -1 -1 0 
212 1 0 0 527 470 -1 -1 -1 0 
213 1 0 0 527 470 -1 -1 -1 0 
214 1 0 0 526 470 -1 -1 -1 0 
215 1 0 0 529 471 -1 -1 -1 0 
216 1 0 0 530 472 -1 -1 -1 0 
217 1 0 0 528 471 -1 -1 -1 0 
218 1 0 0 527 470 -1 -1 -1 0 
219 1 0 0 529 470 -1 -1 -1 0 
220 1 0 0 527 470 -1 -1 -1 0 
221 1 0 0 528 469 -1 -1 -1 0 
222 1 0 0 528 468 -1 -1 -1 0 
223 1 0 0 528 468 -1 -1 -1 0 
224 1 0 0 527 468 -1 -1 -1 0 
225 1 0 0 528 468 -1 -1 -1 0 
226 1 0 0 528 469 -1 -1 -1 0 
227 1 0 0 530 468 -1 -1 -1 0 
228 1 0 0 530 468 -1 -1 -1 0 
229 1 0 0 529 469 -1 -1 -1 0 
230 1 0 0 528 469 -1 -1 -1 0 
231 1 0 0 528 469 -1 -1 -1 0 
232 1 0 0 527 470 -1 -1 -1 0 
233 1 0 0 527 470 -1 -1 -1 0 
234 1 0 0 527 470 -1 -1 -1 0 
235 1 0 0 527 470 -1 -1 -1 0 
236 1 0 0 527 470 -1 -1 -1 0 
237 1 0 0 530 470 -1 -1 -1 0 
238 1 0 0 530 470 -1 -1 -1 0 
239 1 0 0 531 471 -1 -1 -1 0 
240 1 0 0 532 470 -1 -1 -1 0 
241 1 0 0 532 470 -1 -1 -1 0 
242 1 0 0 532 470 -1 -1 -1 0 
243 1 0 0 532 470 -1 -1 -1 0 
244 1 0 0 532 470 -1 -1 -1 0 
245 1 0 0 527 470 -1 -1 -1 0 
246 1 0 0 527 470 -1 -1 -1 0 
247 1 0 0 531 470 -1 -1 -1 0 
248 1 0 0 531 470 -1 -1 -1 0 
249 1 0 0 531 470 -1 -1 -1 0 
250 1 0 0 531 470 -1 -1 -1 0 
251 1 0 0 531 470 -1 -1 -1 0 
252 1 0 0 527 470 -1 -1 -1 0 
253 1 0 0 528 469 -1 -1 -1 0 
254 1 0 0 527 469 -1 -1 -1 0 
255 1 0 0 527 468 -1 -1 -1 0 
256 1 0 0 527 469 -1 -1 -1 0 
257 1 0 0 526 471 -1 -1 -1 0 
258 1 0 0 526 471 -1 -1 -1 0 
259 1 1 0 526 471 -1 -1 -1 0 
260 1 0 0 524 471 -1 -1 -1 0 
261 1 0 0 525 471 -1 -1 -1 0 
262 1 0 0 526 472 -1 -1 -1 0 
263 1 0 0 526 471 -1 -1 -1 0 
264 1 0 0 525 471 -1 -1 -1 0 
265 1 0 0 525 471 -1 -1 -1 0 
266 1 0 0 526 470 -1 -1 -1 0 
267 1 0 0 525 471 -1 -1 -1 0 
268 1 0 0 529 472 -1 -1 -1 0 
269 1 0 0 530 470 -1 -1 -1 0 
270 1 0 0 528 470 -1 -1 -1 0 
271 1 0 0 528 470 -1 -1 -1 0 
272 1 0 0 528 470 -1 -1 -1 0 
273 1 0 0 528 471 -1 -1 -1 0 
274 1 0 0 525 470 -1 -1 -1 0 
275 1 0 0 526 470 -1 -1 -1 0 
276 1 0 0 525 470 -1 -1 -1 0 
277 1 0 0 525 470 -1 -1 -1 0 
278 1 0 0 525 469 -1 -1 -1 0 
279 1 0 0 522 470 -1 -1 -1 0 
280 1 0 0 525 470 -1 -1 -1 0 
281 1 2 0 518 470 -1 -1 -1 0 
282 1 0 0 522 471 -1 -1 -1 0 
283 1 0 0 525 471 -1 -1 -1 0 
284 1 0 0 523 469 -1 -1 -1 0 
285 1 2 0 506 466 -1 -1 -1 0 
286 1 0 0 524 469 -1 -1 -1 0 
287 1 0 0 527 469 -1 -1 -1 0 
288 1 0 0 525 469 -1 -1 -1 0 
289 1 0 0 526 469 -1 -1 -1 0 
290 1 1 0 525 469 -1 -1 -1 0 
291 1 2 0 524 469 -1 -1 -1 0 
292 1 1 0 526 469 -1 -1 -1 0 
293 1 0 0 531 467 -1 -1 -1 0 
294 1 1 0 527 468 -1 -1 -1 0 
295 1 0 0 529 468 -1 -1 -1 0 
296 1 0 0 529 468 -1 -1 -1 0 
297 1 0 0 529 469 -1 -1 -1 0 
298 1 0 0 526 469 -1 -1 -1 0 
299 1 0 0 527 469 -1 -1 -1 0 
300 1 0 0 527 468 -1 -1 -1 0 
301 1 0 0 526 468 -1 -1 -1 0 
302 1 0 0 525 468 -1 -1 -1 0 
303 1 0 0 524 469 -1 -1 -1 0 
304 1 0 0 524 469 -1 -1 -1 0 
305 1 0 0 523 468 -1 -1 -1 0 
306 1 0 0 523 468 -1 -1 -1 0 
307 1 0 0 525 469 -1 -1 -1 0 
308 1 0 0 524 469 -1 -1 -1 0 
309 1 0 0 523 470 -1 -1 -1 0 
310 1 0 0 523 470 -1 -1 -1 0 
311 1 0 0 522 470 -1 -1 -1 0 
312 1 0 0 523 471 -1 -1 -1 0 
313 1 0 0 524 471 -1 -1 -1 0 
314 1 0 0 522 469 -1 -1 -1 0 
315 1 0 0 521 469 -1 -1 -1 0 
316 1 0 0 524 469 -1 -1 -1 0 
317 1 0 0 522 469 -1 -1 -1 0 
318 1 0 0 524 470 -1 -1 -1 0 
319 1 0 0 524 470 -1 -1 -1 0 
320 1 0 0 523 470 -1 -1 -1 0 
321 1 0 0 524 470 -1 -1 -1 0 
322 1 0 0 523 469 -1 -1 -1 0 
323 1 0 0 523 470 -1 -1 -1 0 
324 1 0 0 525 471 -1 -1 -1 0 
325 1 0 0 528 472 -1 -1 -1 0 
326 1 0 0 525 473 -1 -1 -1 0 
327 1 14 0 509 473 -1 -1 -1 0 
328 1 14 0 509 473 -1 -1 -1 0 
329 1 16 0 507 475 -1 -1 -1 0 
330 1 14 0 509 476 -1 -1 -1 0 
332 1 13 0 509 474 -1 -1 -1 0 
333 1 7 0 516 474 -1 -1 -1 0 
334 1 6 0 519 471 -1 -1 -1 0 
352 1 12 1 518 466 -1 -1 -1 0 
355 1 13 0 475 472 -1 -1 -1 0 
356 1 7 0 476 473 -1 -1 -1 0 
357 1 4 0 512 471 -1 -1 -1 0 
358 1 9 0 512 471 -1 -1 -1 0 
359 1 12 0 513 469 -1 -1 -1 0 
360 1 14 0 509 470 -1 -1 -1 0 
361 1 14 0 511 470 -1 -1 -1 0 
362 1 13 0 508 470 -1 -1 -1 0 
363 1 13 0 504 470 -1 -1 -1 0 
364 1 14 0 498 469 -1 -1 -1 0 
365 1 13 0 502 471 -1 -1 -1 0 
366 1 14 0 500 471 -1 -1 -1 0 
367 1 12 0 502 471 -1 -1 -1 0 
368 1 11 0 509 471 -1 -1 -1 0 
369 1 12 0 508 471 -1 -1 -1 0 
370 1 12 0 508 472 -1 -1 -1 0 
371 1 12 0 507 472 -1 -1 -1 0 
372 1 12 0 512 473 -1 -1 -1 0 
373 1 12 0 512 473 -1 -1 -1 0 
374 1 11 0 514 473 -1 -1 -1 0 
375 1 11 0 515 474 -1 -1 -1 0 
376 1 11 0 511 474 -1 -1 -1 0 
377 1 10 0 513 474 -1 -1 -1 0 
378 1 9 0 519 473 -1 -1 -1 0 
379 1 11 0 513 473 -1 -1 -1 0 
380 1 10 0 512 474 -1 -1 -1 0 
381 1 9 0 515 473 -1 -1 -1 0 
382 1 10 0 514 473 -1 -1 -1 0 
383 1 11 0 509 473 -1 -1 -1 0 
384 1 9 0 515 473 -1 -1 -1 0 
385 1 11 0 511 473 -1 -1 -1 0 
386 1 10 0 513 472 -1 -1 -1 0 
387 1 12 0 509 472 -1 -1 -1 0 
388 1 10 0 513 473 -1 -1 -1 0 
389 1 11 0 512 473 -1 -1 -1 0 
390 1 10 0 514 474 -1 -1 -1 0 
391 1 11 0 509 473 -1 -1 -1 0 
392 1 11 0 510 474 -1 -1 -1 0 
393 1 10 0 512 474 -1 -1 -1 0 
394 1 10 0 513 473 -1 -1 -1 0 
395 1 11 0 510 474 -1 -1 -1 0 
396 1 10 0 514 473 -1 -1 -1 0 
397 1 11 0 512 473 -1 -1 -1 0 
398 1 9 0 518 473 -1 -1 -1 0 
399 1 10 0 517 473 -1 -1 -1 0 
400 1 11 0 516 473 -1 -1 -1 0 
401 1 11 0 516 473 -1 -1 -1 0 
402 1 11 0 516 473 -1 -1 -1 0 
403 1 10 0 518 473 -1 -1 -1 0 
404 1 11 0 514 473 -1 -1 -1 0 
405 1 11 0 514 473 -1 -1 -1 0 
406 1 11 0 514 474 -1 -1 -1 0 
407 1 11 0 515 473 -1 -1 -1 0 
408 1 10 0 514 473 -1 -1 -1 0 
409 1 11 0 512 473 -1 -1 -1 0 
410 1 9 0 515 473 -1 -1 -1 0 
411 1 10 0 514 473 -1 -1 -1 0 
412 1 10 0 513 473 -1 -1 -1 0 
413 1 10 0 513 474 -1 -1 -1 0 
414 1 10 0 516 473 -1 -1 -1 0 
415 1 11 0 515 473 -1 -1 -1 0 
416 1 11 0 517 474 -1 -1 -1 0 
417 1 12 0 515 473 -1 -1 -1 0 
418 1 11 0 514 472 -1 -1 -1 0 
419 1 10 0 515 472 -1 -1 -1 0 
420 1 10 0 512 472 -1 -1 -1 0 
421 1 10 0 512 473 -1 -1 -1 0 
422 1 11 0 510 473 -1 -1 -1 0 
423 1 11 0 515 473 -1 -1 -1 0 
424 1 12 0 512 473 -1 -1 -1 0 
425 1 12 0 515 472 -1 -1 -1 0 
426 1 12 0 516 472 -1 -1 -1 0 
427 1 11 0 517 472 -1 -1 -1 0 
429 1 14 0 511 471 -1 -1 -1 0 
430 1 15 0 513 472 -1 -1 -1 0 
431 1 16 0 502 475 -1 -1 -1 0 
432 1 15 0 507 477 -1 -1 -1 0 
436 1 13 1 521 476 -1 -1 -1 0 
437 1 6 0 533 476 -1 -1 -1 0 
438 1 7 0 524 475 -1 -1 -1 0 
439 1 8 0 516 474 -1 -1 -1 0 
440 1 8 0 515 476 -1 -1 -1 0 
441 1 8 0 517 476 -1 -1 -1 0 
442 1 7 16 517 455 -1 -1 -1 0 
443 1 9 17 514 455 -1 -1 -1 0 
444 1 12 3 506 473 -1 -1 -1 0 
445 1 11 1 504 474 -1 -1 -1 0 
446 1 8 0 515 474 -1 -1 -1 0 
447 1 9 0 515 474 -1 -1 -1 0 
448 1 9 0 514 474 -1 -1 -1 0 
449 1 9 0 517 473 -1 -1 -1 0 
450 1 9 0 518 474 -1 -1 -1 0 
451 1 10 0 516 474 -1 -1 -1 0 
452 1 11 0 515 474 -1 -1 -1 0 
453 1 8 0 521 475 -1 -1 -1 0 
454 1 9 0 517 475 -1 -1 -1 0 
459 1 9 0 513 474 -1 -1 -1 0 
461 1 9 0 514 474 -1 -1 -1 0 
462 1 8 0 515 475 -1 -1 -1 0 
463 1 9 0 515 475 -1 -1 -1 0 
464 1 10 0 511 475 -1 -1 -1 0 
465 1 8 0 516 475 -1 -1 -1 0 
466 1 8 0 517 474 -1 -1 -1 0 
467 1 8 0 517 474 -1 -1 -1 0 
468 1 9 0 515 474 -1 -1 -1 0 
469 1 7 0 519 475 -1 -1 -1 0 
470 1 8 0 518 475 -1 -1 -1 0 
471 1 9 0 516 475 -1 -1 -1 0 
473 1 8 0 517 475 -1 -1 -1 0 
474 1 8 0 521 474 -1 -1 -1 0 
475 1 11 0 514 474 -1 -1 -1 0 
476 1 11 0 514 474 -1 -1 -1 0 
477 1 10 0 517 473 -1 -1 -1 0 
478 1 9 0 523 472 -1 -1 -1 0 
506 1 8 0 530 474 -1 -1 -1 0 
507 1 7 0 534 474 -1 -1 -1 0 
508 1 7 0 534 474 -1 -1 -1 0 
509 1 7 0 533 474 -1 -1 -1 0 
510 1 7 0 531 474 -1 -1 -1 0 
512 1 7 0 531 474 -1 -1 -1 0 
513 1 8 0 528 474 -1 -1 -1 0 
514 1 7 0 532 474 -1 -1 -1 0 
517 1 7 0 532 474 -1 -1 -1 0 
529 1 7 0 532 474 -1 -1 -1 0 
564 1 8 0 523 474 -1 -1 -1 0 
682 1 9 0 524 473 -1 -1 -1 0 
683 1 9 0 523 473 -1 -1 -1 0 
684 1 9 0 524 474 -1 -1 -1 0 
685 1 10 0 522 475 -1 -1 -1 0 
686 1 10 0 518 474 -1 -1 -1 0 
687 1 9 0 519 474 -1 -1 -1 0 
688 1 9 0 521 474 -1 -1 -1 0 
689 1 10 0 519 475 -1 -1 -1 0 
690 1 9 0 521 474 -1 -1 -1 0 
691 1 9 0 525 474 -1 -1 -1 0 
692 1 9 0 526 475 -1 -1 -1 0 
738 1 10 0 521 475 -1 -1 -1 0 
739 1 10 0 521 476 -1 -1 -1 0 
740 1 9 0 523 474 -1 -1 -1 0 
741 1 7 0 528 474 -1 -1 -1 0 
742 1 10 0 523 474 -1 -1 -1 0 
743 1 9 0 522 475 -1 -1 -1 0 
744 1 9 0 519 474 -1 -1 -1 0 
745 1 8 0 523 474 -1 -1 -1 0 
746 1 8 0 524 473 -1 -1 -1 0 
747 1 9 0 528 473 -1 -1 -1 0 
748 1 10 0 523 474 -1 -1 -1 0 
749 1 10 0 522 474 -1 -1 -1 0 
750 1 9 0 524 474 -1 -1 -1 0 
751 1 8 0 525 474 -1 -1 -1 0 
752 1 9 0 522 474 -1 -1 -1 0 
753 1 9 0 522 474 -1 -1 -1 0 
754 1 8 0 523 474 -1 -1 -1 0 
755 1 9 0 524 474 -1 -1 -1 0 
756 1 9 0 523 474 -1 -1 -1 0 
757 1 8 0 523 473 -1 -1 -1 0 
758 1 9 0 525 473 -1 -1 -1 0 
759 1 8 0 526 473 -1 -1 -1 0 
760 1 9 0 524 473 -1 -1 -1 0 
761 1 8 0 525 473 -1 -1 -1 0 
762 1 9 0 522 473 -1 -1 -1 0 
763 1 9 0 523 473 -1 -1 -1 0 
764 1 8 0 526 474 -1 -1 -1 0 
765 1 9 0 523 474 -1 -1 -1 0 
768 1 9 0 523 474 -1 -1 -1 0 
771 1 10 0 521 474 -1 -1 -1 0 
774 1 8 0 525 474 -1 -1 -1 0 
777 1 8 0 526 473 -1 -1 -1 0 
780 1 10 0 522 474 -1 -1 -1 0 
781 1 8 0 525 474 -1 -1 -1 0 
782 1 10 0 521 474 -1 -1 -1 0 
784 1 9 0 525 474 -1 -1 -1 0 
787 1 10 0 521 475 -1 -1 -1 0 
789 1 10 0 521 475 -1 -1 -1 0 
790 1 8 0 522 475 -1 -1 -1 0 
795 1 8 0 521 475 -1 -1 -1 0 
796 1 9 0 519 475 -1 -1 -1 0 
797 1 8 0 522 475 -1 -1 -1 0 
799 1 8 0 525 475 -1 -1 -1 0 
802 1 9 0 524 475 -1 -1 -1 0 
809 1 9 0 523 475 -1 -1 -1 0 
810 1 8 0 526 475 -1 -1 -1 0 
811 1 9 0 526 475 -1 -1 -1 0 
816 1 10 0 523 475 -1 -1 -1 0 
822 1 10 0 524 475 -1 -1 -1 0 
823 1 11 0 521 475 -1 -1 -1 0 
832 1 11 0 520 474 -1 -1 -1 0 
833 1 11 0 520 474 -1 -1 -1 0 
834 1 10 0 524 474 -1 -1 -1 0 
835 1 11 0 523 474 -1 -1 -1 0 
836 1 11 0 524 474 -1 -1 -1 0 
837 1 11 0 524 474 -1 -1 -1 0 
839 1 11 0 523 473 -1 -1 -1 0 
840 1 10 0 522 474 -1 -1 -1 0 
841 1 10 0 524 474 -1 -1 -1 0 
842 1 11 0 521 474 -1 -1 -1 0 
844 1 11 0 517 474 -1 -1 -1 0 
846 1 10 0 519 474 -1 -1 -1 0 
848 1 9 0 518 474 -1 -1 -1 0 
849 1 9 0 520 474 -1 -1 -1 0 
850 1 9 0 520 474 -1 -1 -1 0 
851 1 10 0 518 474 -1 -1 -1 0 
852 1 11 0 516 475 -1 -1 -1 0 
853 1 10 0 519 474 -1 -1 -1 0 
855 1 9 0 519 474 -1 -1 -1 0 
856 1 8 0 519 474 -1 -1 -1 0 
857 1 7 0 524 474 -1 -1 -1 0 
858 1 8 0 523 475 -1 -1 -1 0 
859 1 9 0 522 474 -1 -1 -1 0 
865 1 10 0 519 474 -1 -1 -1 0 
866 1 9 0 522 473 -1 -1 -1 0 
867 1 11 0 518 473 -1 -1 -1 0 
868 1 11 0 519 473 -1 -1 -1 0 
869 1 9 0 522 473 -1 -1 -1 0 
870 1 10 0 524 473 -1 -1 -1 0 
872 1 12 0 520 473 -1 -1 -1 0 
873 1 10 0 520 474 -1 -1 -1 0 
874 1 9 0 523 474 -1 -1 -1 0 
875 1 10 0 520 474 -1 -1 -1 0 
876 1 10 0 521 474 -1 -1 -1 0 
877 1 10 0 522 474 -1 -1 -1 0 
878 1 10 0 520 474 -1 -1 -1 0 
879 1 9 0 521 475 -1 -1 -1 0 
880 1 10 0 519 474 -1 -1 -1 0 
881 1 11 0 518 474 -1 -1 -1 0 
882 1 10 0 522 474 -1 -1 -1 0 
883 1 11 0 520 474 -1 -1 -1 0 
884 1 10 0 521 475 -1 -1 -1 0 
885 1 10 0 521 475 -1 -1 -1 0 
886 1 10 0 521 475 -1 -1 -1 0 
887 1 10 0 521 475 -1 -1 -1 0 
888 1 9 0 522 474 -1 -1 -1 0 
889 1 11 0 517 474 -1 -1 -1 0 
890 1 10 0 521 474 -1 -1 -1 0 
891 1 10 0 523 473 -1 -1 -1 0 
892 1 10 0 523 474 -1 -1 -1 0 
893 1 10 0 523 474 -1 -1 -1 0 
894 1 9 0 523 473 -1 -1 -1 0 
895 1 10 0 519 473 -1 -1 -1 0 
898 1 10 0 520 474 -1 -1 -1 0 
903 1 10 0 521 474 -1 -1 -1 0 
904 1 9 0 523 474 -1 -1 -1 0 
905 1 11 0 519 474 -1 -1 -1 0 
908 1 10 0 520 474 -1 -1 -1 0 
909 1 11 0 518 475 -1 -1 -1 0 
910 1 10 0 519 475 -1 -1 -1 0 
911 1 10 0 519 475 -1 -1 -1 0 
912 1 9 0 521 475 -1 -1 -1 0 
913 1 8 0 524 475 -1 -1 -1 0 
914 1 9 0 524 475 -1 -1 -1 0 
915 1 9 0 524 475 -1 -1 -1 0 
916 1 10 0 522 475 -1 -1 -1 0 
917 1 9 0 523 475 -1 -1 -1 0 
918 1 8 0 526 475 -1 -1 -1 0 
919 1 9 0 524 475 -1 -1 -1 0 
920 1 10 0 523 475 -1 -1 -1 0 
921 1 9 0 525 475 -1 -1 -1 0 
922 1 8 0 527 474 -1 -1 -1 0 
923 1 10 0 524 474 -1 -1 -1 0 
924 1 9 0 523 474 -1 -1 -1 0 
925 1 9 0 523 474 -1 -1 -1 0 
926 1 8 0 526 475 -1 -1 -1 0 
927 1 10 0 523 475 -1 -1 -1 0 
928 1 9 0 524 474 -1 -1 -1 0 
929 1 9 0 523 474 -1 -1 -1 0 
930 1 9 0 525 474 -1 -1 -1 0 
931 1 11 0 522 474 -1 -1 -1 0 
932 1 11 0 522 474 -1 -1 -1 0 
933 1 10 0 524 473 -1 -1 -1 0 
934 1 10 0 525 474 -1 -1 -1 0 
935 1 9 0 525 474 -1 -1 -1 0 
936 1 9 0 525 474 -1 -1 -1 0 
937 1 9 0 526 473 -1 -1 -1 0 
938 1 10 0 522 473 -1 -1 -1 0 
939 1 10 0 521 474 -1 -1 -1 0 
940 1 10 0 521 474 -1 -1 -1 0 
941 1 9 0 526 475 -1 -1 -1 0 
942 1 10 0 525 475 -1 -1 -1 0 
943 1 8 0 527 475 -1 -1 -1 0 
944 1 9 0 523 475 -1 -1 -1 0 
945 1 8 0 525 474 -1 -1 -1 0 
946 1 9 0 524 473 -1 -1 -1 0 
947 1 8 0 522 473 -1 -1 -1 0 
948 1 7 0 524 473 -1 -1 -1 0 
949 1 7 0 524 473 -1 -1 -1 0 
950 1 7 0 526 473 -1 -1 -1 0 
951 1 8 0 524 473 -1 -1 -1 0 
965 1 7 0 525 473 -1 -1 -1 0 
969 1 8 0 524 473 -1 -1 -1 0 
971 1 8 0 524 473 -1 -1 -1 0 
972 1 10 0 521 473 -1 -1 -1 0 
973 1 10 0 524 474 -1 -1 -1 0 
976 1 10 0 525 474 -1 -1 -1 0 
977 1 10 0 524 475 -1 -1 -1 0 
978 1 10 0 525 475 -1 -1 -1 0 
982 1 9 0 523 474 -1 -1 -1 0 
983 1 9 0 524 474 -1 -1 -1 0 
985 1 9 0 525 474 -1 -1 -1 0 
986 1 9 0 526 474 -1 -1 -1 0 
994 1 11 0 522 474 -1 -1 -1 0 
995 1 10 0 525 474 -1 -1 -1 0 
996 1 10 0 525 474 -1 -1 -1 0 
997 1 10 0 525 473 -1 -1 -1 0 
998 1 11 0 524 473 -1 -1 -1 0 
999 1 10 0 525 473 -1 -1 -1 0 
1000 1 11 0 522 474 -1 -1 -1 0 
1001 1 10 0 523 474 -1 -1 -1 0 
1002 1 12 0 520 474 -1 -1 -1 0 
1003 1 11 0 522 473 -1 -1 -1 0 
1004 1 11 0 522 474 -1 -1 -1 0 
1005 1 10 0 524 473 -1 -1 -1 0 
1009 1 11 0 521 473 -1 -1 -1 0 
1010 1 10 0 523 473 -1 -1 -1 0 
1011 1 9 0 525 473 -1 -1 -1 0 
1012 1 9 0 526 473 -1 -1 -1 0 
1013 1 11 0 522 474 -1 -1 -1 0 
1014 1 10 0 524 474 -1 -1 -1 0 
1015 1 10 0 521 474 -1 -1 -1 0 
1016 1 10 0 520 474 -1 -1 -1 0 
1017 1 9 0 525 474 -1 -1 -1 0 
1018 1 10 0 522 474 -1 -1 -1 0 
1019 1 9 0 523 474 -1 -1 -1 0 
1020 1 8 0 524 473 -1 -1 -1 0 
1021 1 9 0 522 473 -1 -1 -1 0 
1022 1 8 0 524 473 -1 -1 -1 0 
1023 1 8 0 527 473 -1 -1 -1 0 
1024 1 9 0 523 473 -1 -1 -1 0 
1029 1 8 0 526 474 -1 -1 -1 0 
1030 1 11 0 521 473 -1 -1 -1 0 
1031 1 8 0 529 473 -1 -1 -1 0 
1032 1 10 0 524 474 -1 -1 -1 0 
1033 1 9 0 524 474 -1 -1 -1 0 
1034 1 10 0 522 474 -1 -1 -1 0 
1035 1 11 0 520 474 -1 -1 -1 0 
1036 1 9 0 521 475 -1 -1 -1 0 
1037 1 9 0 524 474 -1 -1 -1 0 
1038 1 11 0 520 474 -1 -1 -1 0 
1039 1 10 0 521 474 -1 -1 -1 0 
1040 1 10 0 523 474 -1 -1 -1 0 
1041 1 10 0 524 474 -1 -1 -1 0 
1042 1 9 0 526 474 -1 -1 -1 0 
1043 1 9 0 525 474 -1 -1 -1 0 
1044 1 9 0 527 474 -1 -1 -1 0 
1045 1 9 0 528 474 -1 -1 -1 0 
1046 1 9 0 529 474 -1 -1 -1 0 
1047 1 8 0 531 473 -1 -1 -1 0 
1048 1 9 0 527 473 -1 -1 -1 0 
1049 1 9 0 525 474 -1 -1 -1 0 
1050 1 11 0 520 474 -1 -1 -1 0 
1051 1 10 0 523 474 -1 -1 -1 0 
1052 1 9 0 525 474 -1 -1 -1 0 
1053 1 8 0 528 474 -1 -1 -1 0 
1054 1 9 0 525 473 -1 -1 -1 0 
1055 1 8 0 527 473 -1 -1 -1 0 
1056 1 8 0 527 473 -1 -1 -1 0 
1057 1 8 0 530 474 -1 -1 -1 0 
1058 1 8 0 529 473 -1 -1 -1 0 
1059 1 9 0 527 473 -1 -1 -1 0 
1060 1 10 0 525 473 -1 -1 -1 0 
1061 1 11 0 518 474 -1 -1 -1 0 
1062 1 10 0 519 475 -1 -1 -1 0 
1063 1 11 0 516 474 -1 -1 -1 0 
1064 1 9 0 519 474 -1 -1 -1 0 
1065 1 10 0 517 474 -1 -1 -1 0 
1066 1 10 0 517 474 -1 -1 -1 0 
1067 1 10 0 522 474 -1 -1 -1 0 
1068 1 10 0 519 474 -1 -1 -1 0 
1069 1 10 0 518 474 -1 -1 -1 0 
1070 1 9 0 520 475 -1 -1 -1 0 
1071 1 9 0 522 475 -1 -1 -1 0 
1072 1 10 0 520 475 -1 -1 -1 0 
1073 1 9 0 522 475 -1 -1 -1 0 
1074 1 9 0 521 475 -1 -1 -1 0 
1075 1 9 0 522 475 -1 -1 -1 0 
1076 1 10 0 521 475 -1 -1 -1 0 
1077 1 10 0 522 474 -1 -1 -1 0 
1078 1 8 0 526 474 -1 -1 -1 0 
1079 1 9 0 524 474 -1 -1 -1 0 
1080 1 9 0 524 474 -1 -1 -1 0 
1081 1 10 0 522 474 -1 -1 -1 0 
1082 1 9 0 522 475 -1 -1 -1 0 
1083 1 8 0 525 474 -1 -1 -1 0 
1084 1 9 0 524 474 -1 -1 -1 0 
1085 1 9 0 523 475 -1 -1 -1 0 
1086 1 8 0 524 475 -1 -1 -1 0 
1087 1 9 0 523 475 -1 -1 -1 0 
1088 1 8 0 524 474 -1 -1 -1 0 
1089 1 8 0 525 474 -1 -1 -1 0 
1090 1 9 0 523 474 -1 -1 -1 0 
1091 1 10 0 521 474 -1 -1 -1 0 
1092 1 10 0 522 474 -1 -1 -1 0 
1093 1 10 0 523 474 -1 -1 -1 0 
1094 1 11 0 520 474 -1 -1 -1 0 
1095 1 12 0 518 474 -1 -1 -1 0 
1096 1 10 0 522 474 -1 -1 -1 0 
1097 1 9 0 524 474 -1 -1 -1 0 
1098 1 10 0 523 474 -1 -1 -1 0 
1099 1 10 0 521 474 -1 -1 -1 0 
1100 1 9 0 524 473 -1 -1 -1 0 
1101 1 10 0 520 473 -1 -1 -1 0 
1102 1 9 0 523 473 -1 -1 -1 0 
1103 1 9 0 523 474 -1 -1 -1 0 
1104 1 9 0 523 474 -1 -1 -1 0 
1105 1 11 0 522 474 -1 -1 -1 0 
1106 1 10 0 525 473 -1 -1 -1 0 
1107 1 11 0 524 474 -1 -1 -1 0 
1108 1 10 0 526 474 -1 -1 -1 0 
1109 1 10 0 527 474 -1 -1 -1 0 
1110 1 9 0 529 474 -1 -1 -1 0 
1111 1 8 0 530 474 -1 -1 -1 0 
1112 1 9 0 528 473 -1 -1 -1 0 
1113 1 9 0 527 473 -1 -1 -1 0 
1114 1 9 0 527 473 -1 -1 -1 0 
1115 1 10 0 526 473 -1 -1 -1 0 
1116 1 9 0 528 474 -1 -1 -1 0 
1117 1 9 0 527 472 -1 -1 -1 0 
1118 1 11 0 522 473 -1 -1 -1 0 
1119 1 10 0 524 473 -1 -1 -1 0 
1120 1 10 0 524 473 -1 -1 -1 0 
1121 1 10 0 523 474 -1 -1 -1 0 
1122 1 9 0 525 474 -1 -1 -1 0 
1123 1 9 0 526 474 -1 -1 -1 0 
1124 1 9 0 527 473 -1 -1 -1 0 
1125 1 8 0 529 474 -1 -1 -1 0 
1126 1 9 0 528 474 -1 -1 -1 0 
1127 1 10 0 526 474 -1 -1 -1 0 
1128 1 10 0 524 474 -1 -1 -1 0 
1129 1 11 0 523 474 -1 -1 -1 0 
1130 1 10 0 526 474 -1 -1 -1 0 
1131 1 10 0 525 473 -1 -1 -1 0 
1132 1 10 0 524 473 -1 -1 -1 0 
1133 1 10 0 526 474 -1 -1 -1 0 
1134 1 10 0 527 474 -1 -1 -1 0 
1135 1 10 0 525 475 -1 -1 -1 0 
1136 1 9 0 527 474 -1 -1 -1 0 
1137 1 11 0 523 474 -1 -1 -1 0 
1138 1 10 0 524 474 -1 -1 -1 0 
1139 1 11 0 521 474 -1 -1 -1 0 
1140 1 10 0 522 474 -1 -1 -1 0 
1141 1 9 0 524 475 -1 -1 -1 0 
1142 1 11 0 520 475 -1 -1 -1 0 
1143 1 10 0 521 475 -1 -1 -1 0 
1144 1 9 0 527 475 -1 -1 -1 0 
1145 1 10 0 523 475 -1 -1 -1 0 
1146 1 8 0 526 475 -1 -1 -1 0 
1147 1 9 0 525 475 -1 -1 -1 0 
1148 1 10 0 525 475 -1 -1 -1 0 
1149 1 10 0 524 475 -1 -1 -1 0 
1150 1 10 0 522 474 -1 -1 -1 0 
1151 1 10 0 523 475 -1 -1 -1 0 
1152 1 10 0 522 475 -1 -1 -1 0 
1153 1 10 0 523 475 -1 -1 -1 0 
1154 1 9 0 525 474 -1 -1 -1 0 
1155 1 10 0 522 473 -1 -1 -1 0 
1156 1 9 0 526 473 -1 -1 -1 0 
1157 1 10 0 522 474 -1 -1 -1 0 
1158 1 8 0 525 474 -1 -1 -1 0 
1159 1 9 0 525 474 -1 -1 -1 0 
1160 1 9 0 525 474 -1 -1 -1 0 
1161 1 9 0 526 474 -1 -1 -1 0 
1162 1 8 0 528 473 -1 -1 -1 0 
1163 1 9 0 528 473 -1 -1 -1 0 
1164 1 10 0 525 473 -1 -1 -1 0 
1165 1 11 0 524 473 -1 -1 -1 0 
1166 1 11 0 524 473 -1 -1 -1 0 
1167 1 11 0 522 473 -1 -1 -1 0 
1168 1 12 0 520 473 -1 -1 -1 0 
1169 1 12 0 519 473 -1 -1 -1 0 
1171 1 11 0 521 473 -1 -1 -1 0 
1172 1 9 0 525 472 -1 -1 -1 0 
1173 1 10 0 525 472 -1 -1 -1 0 
1174 1 10 0 527 473 -1 -1 -1 0 
1175 1 10 0 526 473 -1 -1 -1 0 
1176 1 9 0 528 473 -1 -1 -1 0 
1177 1 9 0 529 474 -1 -1 -1 0 
1178 1 10 0 527 475 -1 -1 -1 0 
1179 1 10 0 527 475 -1 -1 -1 0 
1180 1 10 0 526 475 -1 -1 -1 0 
1181 1 9 0 527 475 -1 -1 -1 0 
1182 1 11 0 523 474 -1 -1 -1 0 
1183 1 11 0 522 474 -1 -1 -1 0 
1184 1 12 0 520 474 -1 -1 -1 0 
1185 1 9 0 524 473 -1 -1 -1 0 
1186 1 10 0 523 473 -1 -1 -1 0 
1187 1 10 0 525 474 -1 -1 -1 0 
1188 1 10 0 524 474 -1 -1 -1 0 
1189 1 11 0 525 473 -1 -1 -1 0 
1190 1 10 0 527 474 -1 -1 -1 0 
1191 1 10 0 527 474 -1 -1 -1 0 
1192 1 11 0 524 473 -1 -1 -1 0 
1193 1 10 0 526 473 -1 -1 -1 0 
1195 1 10 0 522 472 -1 -1 -1 0 
1196 1 9 0 525 472 -1 -1 -1 0 
1197 1 9 0 525 473 -1 -1 -1 0 
1198 1 8 0 531 473 -1 -1 -1 0 
1199 1 10 0 526 473 -1 -1 -1 0 
1200 1 9 0 527 473 -1 -1 -1 0 
1201 1 9 0 530 472 -1 -1 -1 0 
1202 1 9 0 527 473 -1 -1 -1 0 
1203 1 8 0 530 473 -1 -1 -1 0 
1204 1 10 0 526 472 -1 -1 -1 0 
1205 1 7 0 532 473 -1 -1 -1 0 
1206 1 7 0 534 473 -1 -1 -1 0 
1207 1 8 0 532 473 -1 -1 -1 0 
1208 1 7 0 536 473 -1 -1 -1 0 
1209 1 8 0 531 472 -1 -1 -1 0 
1210 1 8 0 533 472 -1 -1 -1 0 
1211 1 9 0 530 473 -1 -1 -1 0 
1213 1 8 0 531 473 -1 -1 -1 0 
1214 1 8 0 531 473 -1 -1 -1 0 
1215 1 9 0 527 473 -1 -1 -1 0 
1216 1 10 0 525 473 -1 -1 -1 0 
1217 1 9 0 530 473 -1 -1 -1 0 
1218 1 9 0 529 474 -1 -1 -1 0 
1219 1 9 0 527 474 -1 -1 -1 0 
1220 1 10 0 525 474 -1 -1 -1 0 
1221 1 9 0 528 473 -1 -1 -1 0 
1222 1 9 0 527 474 -1 -1 -1 0 
1223 1 9 0 528 474 -1 -1 -1 0 
1224 1 8 0 528 474 -1 -1 -1 0 
1225 1 9 0 526 474 -1 -1 -1 0 
1226 1 8 0 530 474 -1 -1 -1 0 
1227 1 9 0 529 474 -1 -1 -1 0 
1228 1 8 0 531 474 -1 -1 -1 0 
1229 1 11 0 527 473 -1 -1 -1 0 
1230 1 11 0 527 474 -1 -1 -1 0 
1231 1 10 0 528 474 -1 -1 -1 0 
1232 1 10 0 527 474 -1 -1 -1 0 
1233 1 9 0 530 474 -1 -1 -1 0 
1234 1 10 0 527 474 -1 -1 -1 0 
1235 1 10 0 527 474 -1 -1 -1 0 
1236 1 11 0 528 474 -1 -1 -1 0 
1237 1 10 0 530 473 -1 -1 -1 0 
1238 1 10 0 526 473 -1 -1 -1 0 
1239 1 8 0 530 473 -1 -1 -1 0 
1240 1 9 0 530 474 -1 -1 -1 0 
1241 1 9 0 530 474 -1 -1 -1 0 
1242 1 9 0 530 475 -1 -1 -1 0 
1243 1 8 0 533 475 -1 -1 -1 0 
1244 1 9 0 529 473 -1 -1 -1 0 
1245 1 9 0 529 474 -1 -1 -1 0 
1246 1 8 0 531 474 -1 -1 -1 0 
1247 1 7 0 533 473 -1 -1 -1 0 
1248 1 9 0 528 473 -1 -1 -1 0 
1249 1 8 0 531 473 -1 -1 -1 0 
1250 1 7 0 534 473 -1 -1 -1 0 
1251 1 9 0 532 473 -1 -1 -1 0 
1252 1 10 0 524 473 -1 -1 -1 0 
1253 1 12 0 521 474 -1 -1 -1 0 
1254 1 10 0 525 473 -1 -1 -1 0 
1255 1 10 0 525 473 -1 -1 -1 0 
1256 1 10 0 524 473 -1 -1 -1 0 
1257 1 8 0 527 473 -1 -1 -1 0 
1258 1 10 0 524 473 -1 -1 -1 0 
1259 1 8 0 524 473 -1 -1 -1 0 
1260 1 8 0 526 473 -1 -1 -1 0 
1261 1 10 0 523 473 -1 -1 -1 0 
1262 1 10 0 524 474 -1 -1 -1 0 
1263 1 11 0 522 474 -1 -1 -1 0 
1264 1 11 0 520 473 -1 -1 -1 0 
1265 1 12 0 517 473 -1 -1 -1 0 
1266 1 10 0 520 474 -1 -1 -1 0 
1267 1 9 0 522 474 -1 -1 -1 0 
1268 1 9 0 522 473 -1 -1 -1 0 
1269 1 10 0 522 473 -1 -1 -1 0 
1270 1 10 0 522 473 -1 -1 -1 0 
1271 1 10 0 522 473 -1 -1 -1 0 
1272 1 9 0 526 474 -1 -1 -1 0 
1273 1 10 0 523 474 -1 -1 -1 0 
1274 1 9 0 525 474 -1 -1 -1 0 
1275 1 10 0 524 474 -1 -1 -1 0 
1276 1 10 0 524 474 -1 -1 -1 0 
1277 1 10 0 525 474 -1 -1 -1 0 
1278 1 10 0 524 474 -1 -1 -1 0 
1279 1 11 0 522 475 -1 -1 -1 0 
1280 1 10 0 523 474 -1 -1 -1 0 
1281 1 9 0 521 474 -1 -1 -1 0 
1282 1 8 0 523 475 -1 -1 -1 0 
1283 1 9 0 522 475 -1 -1 -1 0 
1284 1 9 0 526 475 -1 -1 -1 0 
1285 1 10 0 526 475 -1 -1 -1 0 
1286 1 10 0 526 475 -1 -1 -1 0 
1287 1 11 0 524 475 -1 -1 -1 0 
1288 1 9 14 525 454 -1 -1 -1 0 
1289 1 10 2 522 474 -1 -1 -1 0 
1290 1 9 0 523 476 -1 -1 -1 0 
1291 1 8 0 524 476 -1 -1 -1 0 
1292 1 9 0 525 475 -1 -1 -1 0 
1293 1 9 0 525 475 -1 -1 -1 0 
1294 1 10 0 523 475 -1 -1 -1 0 
1295 1 10 0 523 474 -1 -1 -1 0 
1296 1 9 0 523 475 -1 -1 -1 0 
1297 1 9 0 523 474 -1 -1 -1 0 
1298 1 10 0 527 474 -1 -1 -1 0 
1299 1 10 0 527 474 -1 -1 -1 0 
1300 1 10 0 528 474 -1 -1 -1 0 
1301 1 10 0 528 474 -1 -1 -1 0 
1302 1 10 0 528 473 -1 -1 -1 0 
1303 1 10 0 528 473 -1 -1 -1 0 
1304 1 10 0 528 473 -1 -1 -1 0 
1305 1 8 0 527 475 -1 -1 -1 0 
1306 1 8 0 529 475 -1 -1 -1 0 
1307 1 8 0 529 475 -1 -1 -1 0 
1308 1 8 0 529 475 -1 -1 -1 0 
1309 1 7 0 529 475 -1 -1 -1 0 
1310 1 7 0 529 475 -1 -1 -1 0 
1311 1 7 0 528 475 -1 -1 -1 0 
1312 1 8 0 528 475 -1 -1 -1 0 
1313 1 9 0 525 475 -1 -1 -1 0 
1314 1 9 0 526 475 -1 -1 -1 0 
1315 1 9 0 526 476 -1 -1 -1 0 
1316 1 10 0 524 475 -1 -1 -1 0 
1317 1 10 0 524 475 -1 -1 -1 0 
1318 1 10 0 524 475 -1 -1 -1 0 
1319 1 10 0 524 476 -1 -1 -1 0 
1320 1 10 0 524 476 -1 -1 -1 0 
1321 1 9 0 524 475 -1 -1 -1 0 
1322 1 9 0 524 475 -1 -1 -1 0 
1323 1 8 0 524 475 -1 -1 -1 0 
1324 1 9 0 526 475 -1 -1 -1 0 
1325 1 9 0 526 475 -1 -1 -1 0 
1326 1 9 0 524 476 -1 -1 -1 0 
1327 1 7 0 528 476 -1 -1 -1 0 
1328 1 7 0 528 475 -1 -1 -1 0 
1329 1 8 0 525 475 -1 -1 -1 0 
1330 1 9 0 523 475 -1 -1 -1 0 
1331 1 8 0 523 475 -1 -1 -1 0 
1332 1 7 0 526 476 -1 -1 -1 0 
1333 1 8 0 525 475 -1 -1 -1 0 
1334 1 8 0 525 475 -1 -1 -1 0 
1335 1 8 0 526 476 -1 -1 -1 0 
1336 1 8 0 526 476 -1 -1 -1 0 
1337 1 8 0 526 477 -1 -1 -1 0 
1338 1 7 0 529 476 -1 -1 -1 0 
1339 1 8 0 527 475 -1 -1 -1 0 
1340 1 8 0 527 475 -1 -1 -1 0 
1341 1 8 0 527 475 -1 -1 -1 0 
1342 1 8 0 526 476 -1 -1 -1 0 
1343 1 8 0 527 475 -1 -1 -1 0 
1344 1 9 0 525 474 -1 -1 -1 0 
1345 1 7 0 530 475 -1 -1 -1 0 
1348 1 10 0 531 475 -1 -1 -1 0 
1349 1 10 0 533 475 -1 -1 -1 0 
1350 1 10 0 534 475 -1 -1 -1 0 
1351 1 9 0 531 475 -1 -1 -1 0 
1352 1 9 0 531 475 -1 -1 -1 0 
1353 1 10 0 530 475 -1 -1 -1 0 
1354 1 10 13 525 457 -1 -1 -1 0 
1356 1 11 2 526 473 -1 -1 -1 0 
1357 1 9 0 530 474 -1 -1 -1 0 
1359 1 10 0 528 474 -1 -1 -1 0 
1361 1 12 0 525 474 -1 -1 -1 0 
1389 1 6 0 543 474 -1 -1 -1 0 
1392 1 10 0 537 474 -1 -1 -1 0 
1393 1 8 0 541 474 -1 -1 -1 0 
1394 1 9 0 539 475 -1 -1 -1 0 
1395 1 9 0 538 475 -1 -1 -1 0 
1396 1 9 0 534 475 -1 -1 -1 0 
1397 1 11 0 531 475 -1 -1 -1 0 
1398 1 9 0 530 476 -1 -1 -1 0 
1399 1 8 0 531 475 -1 -1 -1 0 
1400 1 8 0 532 475 -1 -1 -1 0 
1401 1 9 0 529 475 -1 -1 -1 0 
1402 1 9 0 528 475 -1 -1 -1 0 
1403 1 8 0 529 475 -1 -1 -1 0 
1404 1 8 0 526 476 -1 -1 -1 0 
1405 1 8 0 526 476 -1 -1 -1 0 
1406 1 6 0 531 476 -1 -1 -1 0 
1407 1 8 0 527 476 -1 -1 -1 0 
1408 1 6 0 532 475 -1 -1 -1 0 
1409 1 8 0 527 475 -1 -1 -1 0 
1410 1 8 0 528 475 -1 -1 -1 0 
1411 1 9 0 527 475 -1 -1 -1 0 
1412 1 8 0 529 476 -1 -1 -1 0 
1413 1 7 0 532 476 -1 -1 -1 0 
1414 1 7 0 534 475 -1 -1 -1 0 
1415 1 8 0 530 475 -1 -1 -1 0 
1416 1 7 0 533 475 -1 -1 -1 0 
1417 1 7 0 530 476 -1 -1 -1 0 
1418 1 7 0 530 475 -1 -1 -1 0 
1419 1 6 0 533 475 -1 -1 -1 0 
1420 1 7 0 531 476 -1 -1 -1 0 
1421 1 6 0 532 476 -1 -1 -1 0 
1422 1 6 0 532 477 -1 -1 -1 0 
1423 1 7 0 531 476 -1 -1 -1 0 
1424 1 5 0 536 476 -1 -1 -1 0 
1425 1 5 0 536 476 -1 -1 -1 0 
1426 1 8 15 528 453 -1 -1 -1 0 
1427 1 7 2 530 474 -1 -1 -1 0 
1428 1 4 0 538 476 -1 -1 -1 0 
1429 1 6 0 533 476 -1 -1 -1 0 
1430 1 6 0 533 477 -1 -1 -1 0 
1431 1 6 0 530 476 -1 -1 -1 0 
1432 1 5 0 533 476 -1 -1 -1 0 
1433 1 7 0 529 476 -1 -1 -1 0 
1434 1 8 0 528 476 -1 -1 -1 0 
1435 1 8 0 528 475 -1 -1 -1 0 
1436 1 7 0 526 476 -1 -1 -1 0 
1437 1 8 0 524 476 -1 -1 -1 0 
1438 1 7 0 527 476 -1 -1 -1 0 
1439 1 6 0 528 476 -1 -1 -1 0 
1440 1 7 0 527 476 -1 -1 -1 0 
1441 1 8 0 525 476 -1 -1 -1 0 
1442 1 9 0 526 476 -1 -1 -1 0 
1443 1 8 0 528 476 -1 -1 -1 0 
1444 1 9 0 526 476 -1 -1 -1 0 
1445 1 8 0 527 476 -1 -1 -1 0 
1446 1 8 0 527 476 -1 -1 -1 0 
1447 1 8 0 526 476 -1 -1 -1 0 
1448 1 6 0 530 475 -1 -1 -1 0 
1449 1 8 0 526 476 -1 -1 -1 0 
1450 1 7 0 528 476 -1 -1 -1 0 
1451 1 7 0 532 477 -1 -1 -1 0 
1452 1 9 0 523 476 -1 -1 -1 0 
1453 1 7 0 529 476 -1 -1 -1 0 
1454 1 6 0 531 476 -1 -1 -1 0 
1455 1 6 0 530 476 -1 -1 -1 0 
1456 1 6 0 532 476 -1 -1 -1 0 
1457 1 8 0 528 476 -1 -1 -1 0 
1458 1 9 0 526 476 -1 -1 -1 0 
1459 1 11 0 524 476 -1 -1 -1 0 
1460 1 11 0 524 475 -1 -1 -1 0 
1461 1 7 0 530 475 -1 -1 -1 0 
1462 1 7 0 530 476 -1 -1 -1 0 
1463 1 8 0 526 475 -1 -1 -1 0 
1464 1 7 0 527 476 -1 -1 -1 0 
1465 1 7 0 527 476 -1 -1 -1 0 
1466 1 7 0 528 476 -1 -1 -1 0 
1467 1 7 0 529 477 -1 -1 -1 0 
1468 1 8 0 526 477 -1 -1 -1 0 
1469 1 8 0 523 477 -1 -1 -1 0 
1470 1 7 0 529 476 -1 -1 -1 0 
1471 1 8 0 522 476 -1 -1 -1 0 
1472 1 7 0 526 476 -1 -1 -1 0 
1473 1 7 0 526 477 -1 -1 -1 0 
1474 1 7 0 527 476 -1 -1 -1 0 
1475 1 8 0 525 476 -1 -1 -1 0 
1476 1 8 0 524 477 -1 -1 -1 0 
1477 1 8 0 525 477 -1 -1 -1 0 
1478 1 9 0 523 477 -1 -1 -1 0 
1479 1 8 0 530 476 -1 -1 -1 0 
1480 1 8 0 527 475 -1 -1 -1 0 
1481 1 10 0 522 476 -1 -1 -1 0 
1482 1 10 0 522 476 -1 -1 -1 0 
1483 1 8 0 526 476 -1 -1 -1 0 
1484 1 9 0 523 476 -1 -1 -1 0 
1485 1 6 0 530 476 -1 -1 -1 0 
1486 1 7 0 528 475 -1 -1 -1 0 
1487 1 7 0 529 475 -1 -1 -1 0 
1488 1 7 0 526 476 -1 -1 -1 0 
1489 1 10 0 522 475 -1 -1 -1 0 
1490 1 7 0 528 475 -1 -1 -1 0 
1491 1 8 0 526 475 -1 -1 -1 0 
1492 1 7 0 527 476 -1 -1 -1 0 
1493 1 10 0 523 476 -1 -1 -1 0 
1494 1 9 0 524 476 -1 -1 -1 0 
1495 1 8 0 525 476 -1 -1 -1 0 
1496 1 8 0 527 476 -1 -1 -1 0 
1497 1 8 0 527 476 -1 -1 -1 0 
1498 1 9 0 524 476 -1 -1 -1 0 
1499 1 9 0 524 476 -1 -1 -1 0 
1500 1 10 0 524 476 -1 -1 -1 0 
1501 1 10 0 522 476 -1 -1 -1 0 
1502 1 8 0 526 476 -1 -1 -1 0 
1503 1 10 0 522 476 -1 -1 -1 0 
1504 1 9 0 523 476 -1 -1 -1 0 
1505 1 9 0 523 475 -1 -1 -1 0 
1506 1 9 0 524 476 -1 -1 -1 0 
1507 1 8 0 524 476 -1 -1 -1 0 
1508 1 8 0 524 476 -1 -1 -1 0 
1509 1 8 0 524 476 -1 -1 -1 0 
1510 1 8 0 523 476 -1 -1 -1 0 
1511 1 10 0 520 476 -1 -1 -1 0 
1512 1 8 0 524 476 -1 -1 -1 0 
1513 1 9 0 522 476 -1 -1 -1 0 
1514 1 8 0 526 476 -1 -1 -1 0 
1515 1 9 0 522 475 -1 -1 -1 0 
1516 1 8 0 524 475 -1 -1 -1 0 
1517 1 9 0 522 475 -1 -1 -1 0 
1518 1 9 0 522 475 -1 -1 -1 0 
1519 1 7 0 526 474 -1 -1 -1 0 
1520 1 8 0 525 475 -1 -1 -1 0 
1521 1 8 0 526 475 -1 -1 -1 0 
1522 1 8 0 524 475 -1 -1 -1 0 
1523 1 7 0 525 475 -1 -1 -1 0 
1524 1 7 0 526 474 -1 -1 -1 0 
1525 1 7 0 526 474 -1 -1 -1 0 
1526 1 9 0 523 475 -1 -1 -1 0 
1527 1 8 0 525 475 -1 -1 -1 0 
1528 1 9 0 524 475 -1 -1 -1 0 
1529 1 7 0 526 476 -1 -1 -1 0 
1530 1 9 0 521 476 -1 -1 -1 0 
1531 1 8 0 523 476 -1 -1 -1 0 
1532 1 8 0 522 476 -1 -1 -1 0 
1533 1 9 0 521 475 -1 -1 -1 0 
1534 1 8 0 523 476 -1 -1 -1 0 
1535 1 8 0 523 477 -1 -1 -1 0 
1536 1 8 0 523 476 -1 -1 -1 0 
1537 1 8 0 524 476 -1 -1 -1 0 
1538 1 8 0 524 476 -1 -1 -1 0 
1539 1 8 0 522 477 -1 -1 -1 0 
1540 1 8 0 523 476 -1 -1 -1 0 
1541 1 7 0 528 476 -1 -1 -1 0 
1542 1 7 0 527 476 -1 -1 -1 0 
1543 1 9 0 522 476 -1 -1 -1 0 
1544 1 7 0 525 476 -1 -1 -1 0 
1545 1 8 0 523 476 -1 -1 -1 0 
1546 1 8 0 524 476 -1 -1 -1 0 
1547 1 10 0 520 476 -1 -1 -1 0 
1548 1 9 0 524 477 -1 -1 -1 0 
1549 1 9 0 525 477 -1 -1 -1 0 
1550 1 10 0 520 476 -1 -1 -1 0 
1551 1 9 0 524 475 -1 -1 -1 0 
1552 1 10 0 522 475 -1 -1 -1 0 
1553 1 11 0 520 476 -1 -1 -1 0 
1554 1 9 0 524 475 -1 -1 -1 0 
1555 1 10 0 522 475 -1 -1 -1 0 
1556 1 8 0 525 475 -1 -1 -1 0 
1557 1 10 0 522 476 -1 -1 -1 0 
1558 1 9 0 523 476 -1 -1 -1 0 
1559 1 8 0 525 475 -1 -1 -1 0 
1560 1 9 0 525 475 -1 -1 -1 0 
1561 1 10 0 523 474 -1 -1 -1 0 
1562 1 10 0 523 475 -1 -1 -1 0 
1563 1 9 0 524 475 -1 -1 -1 0 
1564 1 9 0 527 475 -1 -1 -1 0 
1565 1 9 0 527 475 -1 -1 -1 0 
1566 1 9 0 526 475 -1 -1 -1 0 
1567 1 8 0 529 475 -1 -1 -1 0 
1568 1 10 0 523 475 -1 -1 -1 0 
1569 1 9 0 526 475 -1 -1 -1 0 
1570 1 9 0 525 474 -1 -1 -1 0 
1571 1 8 0 528 475 -1 -1 -1 0 
1572 1 9 0 524 474 -1 -1 -1 0 
1573 1 7 0 528 474 -1 -1 -1 0 
1574 1 7 0 528 474 -1 -1 -1 0 
1575 1 7 0 531 475 -1 -1 -1 0 
1576 1 7 0 533 475 -1 -1 -1 0 
1577 1 9 0 526 476 -1 -1 -1 0 
1578 1 8 0 526 476 -1 -1 -1 0 
1579 1 8 0 525 475 -1 -1 -1 0 
1580 1 10 0 521 477 -1 -1 -1 0 
1581 1 8 0 527 476 -1 -1 -1 0 
1582 1 10 0 522 476 -1 -1 -1 0 
1583 1 9 0 523 477 -1 -1 -1 0 
1584 1 9 0 522 476 -1 -1 -1 0 
1585 1 8 0 524 476 -1 -1 -1 0 
1586 1 8 0 525 476 -1 -1 -1 0 
1587 1 9 0 524 476 -1 -1 -1 0 
1588 1 8 0 525 476 -1 -1 -1 0 
1589 1 10 0 520 476 -1 -1 -1 0 
1590 1 9 0 521 476 -1 -1 -1 0 
1591 1 9 0 522 476 -1 -1 -1 0 
1592 1 8 0 524 475 -1 -1 -1 0 
1593 1 8 0 525 476 -1 -1 -1 0 
1594 1 7 0 527 476 -1 -1 -1 0 
1595 1 7 0 528 476 -1 -1 -1 0 
1596 1 7 0 529 476 -1 -1 -1 0 
1597 1 8 0 527 476 -1 -1 -1 0 
1598 1 6 0 533 476 -1 -1 -1 0 
1599 1 8 0 527 477 -1 -1 -1 0 
1600 1 5 0 533 477 -1 -1 -1 0 
1601 1 6 0 533 476 -1 -1 -1 0 
1602 1 8 0 529 476 -1 -1 -1 0 
1603 1 8 0 529 476 -1 -1 -1 0 
1604 1 8 0 528 476 -1 -1 -1 0 
1605 1 7 0 530 476 -1 -1 -1 0 
1606 1 8 0 529 476 -1 -1 -1 0 
1607 1 7 0 530 476 -1 -1 -1 0 
1608 1 8 0 525 476 -1 -1 -1 0 
1609 1 8 0 527 475 -1 -1 -1 0 
1610 1 9 0 526 475 -1 -1 -1 0 
1611 1 9 0 524 476 -1 -1 -1 0 
1612 1 8 0 526 475 -1 -1 -1 0 
1613 1 7 0 528 475 -1 -1 -1 0 
1614 1 9 0 525 476 -1 -1 -1 0 
1615 1 9 0 524 476 -1 -1 -1 0 
1616 1 8 0 526 476 -1 -1 -1 0 
1617 1 9 0 524 475 -1 -1 -1 0 
1618 1 8 0 529 475 -1 -1 -1 0 
1619 1 10 0 524 475 -1 -1 -1 0 
1620 1 9 0 525 475 -1 -1 -1 0 
1621 1 9 0 526 475 -1 -1 -1 0 
1622 1 9 0 526 476 -1 -1 -1 0 
1623 1 10 0 522 476 -1 -1 -1 0 
1624 1 9 0 524 476 -1 -1 -1 0 
1625 1 7 0 532 476 -1 -1 -1 0 
1626 1 8 0 531 475 -1 -1 -1 0 
1627 1 9 0 530 475 -1 -1 -1 0 
1628 1 8 0 531 475 -1 -1 -1 0 
1629 1 8 0 526 474 -1 -1 -1 0 
1630 1 11 0 522 475 -1 -1 -1 0 
1631 1 9 0 532 474 -1 -1 -1 0 
1632 1 15 0 520 474 -1 -1 -1 0 
1633 1 13 16 519 454 -1 -1 -1 0 
1634 1 11 9 529 466 -1 -1 -1 0 
1636 1 15 26 556 443 -1 -1 -1 0 
1637 1 10 24 588 452 -1 -1 -1 0 
1638 1 21 5 596 474 -1 -1 -1 0 
1639 1 4 10 635 469 -1 -1 -1 0 
1640 1 18 7 621 469 -1 -1 -1 0 
1641 1 35 10 604 464 -1 -1 -1 0 
1642 1 100 6 523 465 -1 -1 -1 0 
1643 1 94 11 545 465 -1 -1 -1 0 
1644 1 171 19 458 456 -1 -1 -1 0 
1645 1 172 16 467 463 -1 -1 -1 0 
1647 1 304 13 328 466 -1 -1 -1 0 
1651 1 356 15 283 463 -1 -1 -1 0 
1653 1 421 5 213 474 -1 -1 -1 0 
1654 1 456 0 182 477 -1 -1 -1 0 
1655 1 457 0 182 475 -1 -1 -1 0 
1656 1 479 0 158 473 -1 -1 -1 0 
1666 1 476 0 163 478 -1 -1 -1 0 
1667 1 476 0 163 475 -1 -1 -1 0 
1668 1 483 0 154 472 -1 -1 -1 0 
1669 1 493 0 144 475 -1 -1 -1 0 
1670 1 502 2 136 469 -1 -1 -1 0 
1671 1 501 0 138 471 -1 -1 -1 0 
1672 1 487 2 151 466 -1 -1 -1 0 
1673 1 473 0 166 468 -1 -1 -1 0 
1674 1 458 0 181 466 -1 -1 -1 0 
1675 1 430 0 209 473 -1 -1 -1 0 
1676 1 409 2 230 473 -1 -1 -1 0 
1677 1 351 0 288 474 -1 -1 -1 0 
1678 1 266 0 373 476 -1 -1 -1 0 
1679 1 173 2 466 475 -1 -1 -1 0 
1680 1 96 12 543 460 -1 -1 -1 0 
1681 1 72 18 567 453 -1 -1 -1 0 
1682 1 24 20 604 457 -1 -1 -1 0 
1683 1 12 18 614 461 -1 -1 -1 0 
1684 1 11 1 606 478 -1 -1 -1 0 
1687 1 5 0 615 473 -1 -1 -1 0 
1688 1 18 8 620 441 -1 -1 -1 0 
1689 1 7 10 620 425 -1 -1 -1 0 
1690 1 12 2 612 429 -1 -1 -1 0 
1691 1 6 0 630 462 -1 -1 -1 0 
1692 1 0 0 639 470 -1 -1 -1 0 
1693 1 1 7 633 469 -1 -1 -1 0 
1694 1 11 9 614 463 -1 -1 -1 0 
1695 1 8 6 612 461 -1 -1 -1 0 
1696 1 5 11 613 461 -1 -1 -1 0 
1697 1 16 9 598 459 -1 -1 -1 0 
1698 1 15 4 579 465 -1 -1 -1 0 
1699 1 8 0 573 476 -1 -1 -1 0 
1700 1 9 4 524 468 -1 -1 -1 0 
1701 1 9 6 515 467 -1 -1 -1 0 
1702 1 12 1 503 475 -1 -1 -1 0 
1706 1 6 2 492 477 -1 -1 -1 0 
1714 1 3 9 522 467 -1 -1 -1 0 
1873 1 12 11 525 463 -1 -1 -1 0 
1874 1 16 9 524 464 -1 -1 -1 0 
1881 1 15 9 525 464 -1 -1 -1 0 
1888 1 14 9 528 463 -1 -1 -1 0 
1890 1 15 9 525 463 -1 -1 -1 0 
1895 1 9 7 586 463 -1 -1 -1 0 
1896 1 17 6 582 464 -1 -1 -1 0 
1897 1 17 5 581 464 -1 -1 -1 0 
1899 1 16 5 585 464 -1 -1 -1 0 
1900 1 18 1 582 469 -1 -1 -1 0 
1901 1 17 1 580 469 -1 -1 -1 0 
1902 1 20 5 536 464 -1 -1 -1 0 
1903 1 14 5 537 464 -1 -1 -1 0 
1904 1 12 6 540 464 -1 -1 -1 0 
1905 1 7 4 585 466 -1 -1 -1 0 
1906 1 18 5 540 465 -1 -1 -1 0 
1909 1 9 3 586 467 -1 -1 -1 0 
1915 1 13 3 588 467 -1 -1 -1 0 
1917 1 13 2 590 469 -1 -1 -1 0 
1921 1 14 2 588 468 -1 -1 -1 0 
1922 1 12 2 590 468 -1 -1 -1 0 
1923 1 14 3 588 467 -1 -1 -1 0 
1924 1 13 3 589 467 -1 -1 -1 0 
1925 1 14 3 591 467 -1 -1 -1 0 
1926 1 11 5 596 464 -1 -1 -1 0 
1927 1 11 6 597 463 -1 -1 -1 0 
1928 1 11 6 596 462 -1 -1 -1 0 
1929 1 10 6 595 462 -1 -1 -1 0 
1930 1 9 6 595 462 -1 -1 -1 0 
1931 1 8 6 599 462 -1 -1 -1 0 
1932 1 9 5 596 462 -1 -1 -1 0 
1933 1 9 5 597 462 -1 -1 -1 0 
1934 1 9 4 597 463 -1 -1 -1 0 
1935 1 11 2 593 466 -1 -1 -1 0 
1936 1 7 4 599 463 -1 -1 -1 0 
1937 1 8 4 599 463 -1 -1 -1 0 
1938 1 8 4 599 463 -1 -1 -1 0 
1939 1 9 4 594 463 -1 -1 -1 0 
1940 1 7 4 599 462 -1 -1 -1 0 
1941 1 8 5 599 462 -1 -1 -1 0 
1942 1 9 4 594 463 -1 -1 -1 0 
1943 1 11 1 590 467 -1 -1 -1 0 
1944 1 7 4 599 463 -1 -1 -1 0 
1945 1 9 4 597 463 -1 -1 -1 0 
1946 1 11 1 594 468 -1 -1 -1 0 
1947 1 8 3 598 464 -1 -1 -1 0 
1948 1 8 3 599 463 -1 -1 -1 0 
1949 1 7 4 600 462 -1 -1 -1 0 
1950 1 11 1 590 466 -1 -1 -1 0 
1951 1 7 4 596 462 -1 -1 -1 0 
1952 1 8 4 594 462 -1 -1 -1 0 
1953 1 8 4 595 463 -1 -1 -1 0 
1954 1 7 4 600 463 -1 -1 -1 0 
1955 1 9 4 596 463 -1 -1 -1 0 
1956 1 8 3 599 464 -1 -1 -1 0 
1957 1 10 2 592 466 -1 -1 -1 0 
1958 1 9 1 600 467 -1 -1 -1 0 
1959 1 8 4 600 463 -1 -1 -1 0 
1960 1 9 4 597 463 -1 -1 -1 0 
1961 1 9 4 597 463 -1 -1 -1 0 
1962 1 8 4 598 463 -1 -1 -1 0 
1963 1 8 4 598 463 -1 -1 -1 0 
1964 1 9 4 596 464 -1 -1 -1 0 
1965 1 7 5 600 464 -1 -1 -1 0 
1966 1 9 5 597 463 -1 -1 -1 0 
1967 1 9 4 597 464 -1 -1 -1 0 
1968 1 8 5 598 463 -1 -1 -1 0 
1969 1 9 6 597 461 -1 -1 -1 0 
1970 1 10 5 595 462 -1 -1 -1 0 
1971 1 8 5 600 463 -1 -1 -1 0 
1972 1 9 6 600 462 -1 -1 -1 0 
1973 1 9 6 598 462 -1 -1 -1 0 
1974 1 9 6 599 462 -1 -1 -1 0 
1975 1 9 6 597 462 -1 -1 -1 0 
1976 1 9 6 599 462 -1 -1 -1 0 
1977 1 13 3 592 467 -1 -1 -1 0 
1978 1 11 4 597 464 -1 -1 -1 0 
1979 1 14 3 587 466 -1 -1 -1 0 
1980 1 12 2 590 467 -1 -1 -1 0 
1981 1 9 5 595 463 -1 -1 -1 0 
1982 1 10 5 597 463 -1 -1 -1 0 
1983 1 10 6 598 462 -1 -1 -1 0 
1984 1 10 5 595 463 -1 -1 -1 0 
1985 1 9 5 597 463 -1 -1 -1 0 
1986 1 10 5 594 462 -1 -1 -1 0 
1987 1 8 5 597 462 -1 -1 -1 0 
1988 1 8 5 597 463 -1 -1 -1 0 
1989 1 8 5 598 462 -1 -1 -1 0 
1990 1 10 2 592 466 -1 -1 -1 0 
1991 1 10 2 592 467 -1 -1 -1 0 
1992 1 11 1 587 468 -1 -1 -1 0 
1993 1 10 1 591 468 -1 -1 -1 0 
1994 1 7 4 597 463 -1 -1 -1 0 
1995 1 9 4 596 463 -1 -1 -1 0 
1996 1 10 4 591 463 -1 -1 -1 0 
1997 1 10 1 591 468 -1 -1 -1 0 
1998 1 10 2 590 467 -1 -1 -1 0 
1999 1 8 3 593 466 -1 -1 -1 0 
2000 1 10 2 592 467 -1 -1 -1 0 
2001 1 11 2 590 467 -1 -1 -1 0 
2002 1 11 1 591 469 -1 -1 -1 0 
2003 1 8 3 596 465 -1 -1 -1 0 
2004 1 9 4 592 464 -1 -1 -1 0 
2005 1 9 4 596 463 -1 -1 -1 0 
2006 1 9 4 594 464 -1 -1 -1 0 
2007 1 9 4 594 464 -1 -1 -1 0 
2008 1 9 5 594 463 -1 -1 -1 0 
2009 1 11 5 591 464 -1 -1 -1 0 
2010 1 10 5 591 464 -1 -1 -1 0 
2011 1 8 5 596 463 -1 -1 -1 0 
2012 1 12 2 590 468 -1 -1 -1 0 
2013 1 11 1 592 469 -1 -1 -1 0 
2014 1 10 4 593 465 -1 -1 -1 0 
2015 1 11 2 591 468 -1 -1 -1 0 
2016 1 10 1 591 470 -1 -1 -1 0 
2019 1 9 2 592 467 -1 -1 -1 0 
2022 1 15 4 543 465 -1 -1 -1 0 
2023 1 5 1 588 470 -1 -1 -1 0 
2024 1 10 0 587 471 -1 -1 -1 0 
2026 1 9 3 591 466 -1 -1 -1 0 
2029 1 16 3 542 466 -1 -1 -1 0 
2030 1 7 1 585 469 -1 -1 -1 0 
2034 1 9 2 590 466 -1 -1 -1 0 
2035 1 12 0 586 469 -1 -1 -1 0 
2036 1 12 0 587 470 -1 -1 -1 0 
2037 1 9 2 595 466 -1 -1 -1 0 
2038 1 12 0 587 470 -1 -1 -1 0 
2039 1 11 0 586 469 -1 -1 -1 0 
2047 1 8 5 594 470 -1 -1 -1 0 
2059 1 15 8 547 465 -1 -1 -1 0 
2060 1 12 7 546 465 -1 -1 -1 0 
2061 1 12 6 543 465 -1 -1 -1 0 
2062 1 11 7 545 465 -1 -1 -1 0 
2063 1 11 7 546 465 -1 -1 -1 0 
2064 1 11 8 547 464 -1 -1 -1 0 
2065 1 11 7 545 465 -1 -1 -1 0 
2066 1 11 6 546 465 -1 -1 -1 0 
2067 1 11 8 544 464 -1 -1 -1 0 
2068 1 9 7 547 465 -1 -1 -1 0 
2069 1 9 7 548 465 -1 -1 -1 0 
2070 1 10 7 545 464 -1 -1 -1 0 
2071 1 0 6 604 465 -1 -1 -1 0 
2072 1 16 7 545 464 -1 -1 -1 0 
2075 1 0 6 606 467 -1 -1 -1 0 
2076 1 6 5 601 468 -1 -1 -1 0 
2077 1 16 8 548 465 -1 -1 -1 0 
2078 1 12 7 545 466 -1 -1 -1 0 
2079 1 1 6 600 467 -1 -1 -1 0 
2080 1 15 7 548 466 -1 -1 -1 0 
2081 1 12 8 546 464 -1 -1 -1 0 
2082 1 0 8 604 464 -1 -1 -1 0 
2083 1 5 6 603 466 -1 -1 -1 0 
2086 1 6 6 601 466 -1 -1 -1 0 
2087 1 6 5 599 467 -1 -1 -1 0 
2088 1 16 7 552 466 -1 -1 -1 0 
2089 1 1 7 604 466 -1 -1 -1 0 
2090 1 15 7 553 465 -1 -1 -1 0 
2092 1 6 10 569 461 -1 -1 -1 0 
2093 1 2 6 600 466 -1 -1 -1 0 
2094 1 4 6 602 467 -1 -1 -1 0 
2096 1 5 6 603 468 -1 -1 -1 0 
2097 1 5 6 602 467 -1 -1 -1 0 
2098 1 7 6 599 467 -1 -1 -1 0 
2099 1 7 5 599 468 -1 -1 -1 0 
2102 1 6 6 598 466 -1 -1 -1 0 
2103 1 5 6 601 465 -1 -1 -1 0 
2104 1 5 7 605 464 -1 -1 -1 0 
2105 1 4 8 604 463 -1 -1 -1 0 
2106 1 4 8 606 463 -1 -1 -1 0 
2107 1 4 8 606 463 -1 -1 -1 0 
2108 1 2 7 606 463 -1 -1 -1 0 
2109 1 4 6 602 464 -1 -1 -1 0 
2110 1 2 7 606 463 -1 -1 -1 0 
2111 1 4 7 603 464 -1 -1 -1 0 
2112 1 4 7 603 464 -1 -1 -1 0 
2113 1 3 7 605 464 -1 -1 -1 0 
2114 1 3 7 606 464 -1 -1 -1 0 
2115 1 3 7 607 464 -1 -1 -1 0 
2116 1 3 8 605 463 -1 -1 -1 0 
2117 1 3 8 605 463 -1 -1 -1 0 
2118 1 4 7 602 464 -1 -1 -1 0 
2119 1 4 7 603 464 -1 -1 -1 0 
2120 1 4 7 603 464 -1 -1 -1 0 
2121 1 6 7 599 463 -1 -1 -1 0 
2122 1 4 7 602 463 -1 -1 -1 0 
2123 1 4 7 602 463 -1 -1 -1 0 
2125 1 3 7 606 464 -1 -1 -1 0 
2128 1 3 8 606 464 -1 -1 -1 0 
2131 1 4 8 606 464 -1 -1 -1 0 
2132 1 4 7 607 465 -1 -1 -1 0 
2133 1 4 7 605 465 -1 -1 -1 0 
2134 1 3 7 606 464 -1 -1 -1 0 
2137 1 3 7 606 464 -1 -1 -1 0 
2138 1 3 6 608 465 -1 -1 -1 0 
2139 1 4 6 602 465 -1 -1 -1 0 
2140 1 4 6 604 464 -1 -1 -1 0 
2141 1 3 7 610 463 -1 -1 -1 0 
2142 1 7 7 603 465 -1 -1 -1 0 
2143 1 9 4 597 469 -1 -1 -1 0 
2144 1 5 8 607 463 -1 -1 -1 0 
2145 1 6 8 607 463 -1 -1 -1 0 
2146 1 1 9 609 461 -1 -1 -1 0 
2147 1 5 8 606 462 -1 -1 -1 0 
2148 1 6 7 605 463 -1 -1 -1 0 
2149 1 4 6 605 464 -1 -1 -1 0 
2150 1 4 5 606 465 -1 -1 -1 0 
2151 1 4 5 606 465 -1 -1 -1 0 
2152 1 2 5 609 465 -1 -1 -1 0 
2153 1 2 6 608 465 -1 -1 -1 0 
2154 1 0 6 610 465 -1 -1 -1 0 
2155 1 0 7 610 464 -1 -1 -1 0 
2156 1 11 7 554 463 -1 -1 -1 0 
2169 1 3 4 560 465 -1 -1 -1 0 
2170 1 2 5 560 466 -1 -1 -1 0 
2171 1 4 7 554 462 -1 -1 -1 0 
2172 1 1 3 595 467 -1 -1 -1 0 
2175 1 7 4 555 466 -1 -1 -1 0 
2176 1 3 5 555 465 -1 -1 -1 0 
2177 1 2 6 557 462 -1 -1 -1 0 
2179 1 2 6 558 463 -1 -1 -1 0 
2190 1 2 6 562 465 -1 -1 -1 0 
2192 1 2 6 562 464 -1 -1 -1 0 
2193 1 4 6 557 464 -1 -1 -1 0 
2194 1 4 6 556 465 -1 -1 -1 0 
2201 1 4 6 558 464 -1 -1 -1 0 
2202 1 3 6 558 464 -1 -1 -1 0 
2203 1 0 3 597 468 -1 -1 -1 0 
2204 1 4 2 599 468 -1 -1 -1 0 
2206 1 8 3 596 467 -1 -1 -1 0 
2207 1 8 2 598 468 -1 -1 -1 0 
2209 1 8 2 598 468 -1 -1 -1 0 
2210 1 6 2 599 468 -1 -1 -1 0 
2211 1 7 2 598 469 -1 -1 -1 0 
2212 1 6 3 602 468 -1 -1 -1 0 
2213 1 7 3 597 467 -1 -1 -1 0 
2214 1 7 3 600 467 -1 -1 -1 0 
2215 1 6 4 600 466 -1 -1 -1 0 
2216 1 5 3 600 467 -1 -1 -1 0 
2217 1 5 3 600 467 -1 -1 -1 0 
2218 1 5 3 600 466 -1 -1 -1 0 
2219 1 5 3 601 467 -1 -1 -1 0 
2220 1 8 8 561 461 -1 -1 -1 0 
2221 1 2 4 598 466 -1 -1 -1 0 
2222 1 4 4 602 467 -1 -1 -1 0 
2223 1 5 4 602 466 -1 -1 -1 0 
2224 1 5 3 602 467 -1 -1 -1 0 
2225 1 5 3 602 467 -1 -1 -1 0 
2226 1 10 7 558 462 -1 -1 -1 0 
2227 1 1 4 603 466 -1 -1 -1 0 
2228 1 4 4 601 466 -1 -1 -1 0 
2229 1 5 4 605 467 -1 -1 -1 0 
2230 1 6 3 604 468 -1 -1 -1 0 
2231 1 6 3 603 468 -1 -1 -1 0 
2232 1 6 3 602 467 -1 -1 -1 0 
2233 1 10 7 559 463 -1 -1 -1 0 
2234 1 2 4 600 467 -1 -1 -1 0 
2235 1 8 8 559 462 -1 -1 -1 0 
2236 1 0 4 601 467 -1 -1 -1 0 
2237 1 4 4 601 468 -1 -1 -1 0 
2238 1 9 7 559 463 -1 -1 -1 0 
2239 1 1 5 602 466 -1 -1 -1 0 
2240 1 5 4 602 467 -1 -1 -1 0 
2241 1 6 3 601 469 -1 -1 -1 0 
2242 1 10 7 559 463 -1 -1 -1 0 
2243 1 5 8 560 462 -1 -1 -1 0 
2244 1 0 4 601 468 -1 -1 -1 0 
2245 1 4 3 602 468 -1 -1 -1 0 
2246 1 5 3 603 468 -1 -1 -1 0 
2247 1 10 7 556 463 -1 -1 -1 0 
2248 1 0 4 602 467 -1 -1 -1 0 
2249 1 5 4 601 467 -1 -1 -1 0 
2250 1 5 4 606 467 -1 -1 -1 0 
2251 1 7 4 604 467 -1 -1 -1 0 
2252 1 6 3 602 469 -1 -1 -1 0 
2253 1 6 3 600 469 -1 -1 -1 0 
2254 1 6 4 603 467 -1 -1 -1 0 
2255 1 6 3 605 468 -1 -1 -1 0 
2256 1 7 3 604 469 -1 -1 -1 0 
2257 1 7 3 604 468 -1 -1 -1 0 
2258 1 6 4 607 467 -1 -1 -1 0 
2259 1 5 4 604 468 -1 -1 -1 0 
2260 1 6 3 603 469 -1 -1 -1 0 
2261 1 5 3 605 469 -1 -1 -1 0 
2262 1 5 3 607 469 -1 -1 -1 0 
2263 1 6 3 603 469 -1 -1 -1 0 
2264 1 5 3 607 468 -1 -1 -1 0 
2265 1 6 3 605 468 -1 -1 -1 0 
2266 1 5 2 606 469 -1 -1 -1 0 
2267 1 4 3 607 469 -1 -1 -1 0 
2268 1 4 3 608 469 -1 -1 -1 0 
2269 1 5 3 606 469 -1 -1 -1 0 
2270 1 4 3 606 468 -1 -1 -1 0 
2271 1 4 3 607 468 -1 -1 -1 0 
2272 1 3 4 607 467 -1 -1 -1 0 
2273 1 4 4 608 467 -1 -1 -1 0 
2274 1 6 3 606 468 -1 -1 -1 0 
2275 1 8 3 603 468 -1 -1 -1 0 
2276 1 6 3 608 469 -1 -1 -1 0 
2277 1 8 3 606 469 -1 -1 -1 0 
2278 1 6 3 606 469 -1 -1 -1 0 
2279 1 6 3 609 468 -1 -1 -1 0 
2280 1 7 2 604 469 -1 -1 -1 0 
2281 1 5 3 606 468 -1 -1 -1 0 
2282 1 7 2 601 469 -1 -1 -1 0 
2283 1 6 3 605 468 -1 -1 -1 0 
2284 1 7 3 603 468 -1 -1 -1 0 
2285 1 7 2 602 470 -1 -1 -1 0 
2286 1 7 3 604 468 -1 -1 -1 0 
2287 1 8 2 602 469 -1 -1 -1 0 
2288 1 9 1 600 470 -1 -1 -1 0 
2289 1 8 2 603 469 -1 -1 -1 0 
2290 1 9 2 598 470 -1 -1 -1 0 
2291 1 8 2 600 469 -1 -1 -1 0 
2292 1 7 2 602 469 -1 -1 -1 0 
2293 1 8 2 600 469 -1 -1 -1 0 
2294 1 6 2 605 470 -1 -1 -1 0 
2295 1 7 2 603 470 -1 -1 -1 0 
2296 1 8 1 602 470 -1 -1 -1 0 
2297 1 8 1 599 470 -1 -1 -1 0 
2298 1 6 2 600 469 -1 -1 -1 0 
2299 1 6 2 606 469 -1 -1 -1 0 
2300 1 8 2 605 469 -1 -1 -1 0 
2301 1 8 2 602 470 -1 -1 -1 0 
2302 1 8 2 602 470 -1 -1 -1 0 
2303 1 8 2 602 469 -1 -1 -1 0 
2304 1 7 2 604 468 -1 -1 -1 0 
2305 1 7 3 603 468 -1 -1 -1 0 
2306 1 8 3 601 468 -1 -1 -1 0 
2307 1 7 4 604 467 -1 -1 -1 0 
2308 1 8 4 603 467 -1 -1 -1 0 
2309 1 8 3 603 468 -1 -1 -1 0 
2310 1 7 3 601 468 -1 -1 -1 0 
2311 1 8 3 603 468 -1 -1 -1 0 
2312 1 7 2 605 469 -1 -1 -1 0 
2313 1 9 3 601 468 -1 -1 -1 0 
2314 1 9 3 602 468 -1 -1 -1 0 
2315 1 10 3 598 469 -1 -1 -1 0 
2316 1 10 3 598 469 -1 -1 -1 0 
2317 1 10 3 598 469 -1 -1 -1 0 
2318 1 10 3 598 469 -1 -1 -1 0 
2319 1 7 3 603 468 -1 -1 -1 0 
2320 1 8 3 601 468 -1 -1 -1 0 
2321 1 9 3 600 468 -1 -1 -1 0 
2322 1 8 2 601 468 -1 -1 -1 0 
2323 1 8 3 600 467 -1 -1 -1 0 
2324 1 7 2 601 468 -1 -1 -1 0 
2325 1 7 3 601 467 -1 -1 -1 0 
2326 1 7 3 601 467 -1 -1 -1 0 
2327 1 7 3 602 468 -1 -1 -1 0 
2328 1 7 3 601 468 -1 -1 -1 0 
2329 1 5 3 604 468 -1 -1 -1 0 
2330 1 5 2 605 470 -1 -1 -1 0 
2331 1 7 2 599 469 -1 -1 -1 0 
2332 1 7 2 599 469 -1 -1 -1 0 
2333 1 6 3 601 468 -1 -1 -1 0 
2334 1 7 2 600 468 -1 -1 -1 0 
2335 1 7 2 600 468 -1 -1 -1 0 
2336 1 7 2 605 468 -1 -1 -1 0 
2337 1 7 2 605 468 -1 -1 -1 0 
2338 1 8 2 603 469 -1 -1 -1 0 
2339 1 8 2 603 469 -1 -1 -1 0 
2340 1 9 2 600 469 -1 -1 -1 0 
2341 1 8 2 601 469 -1 -1 -1 0 
2342 1 8 2 601 469 -1 -1 -1 0 
2343 1 7 3 565 467 -1 -1 -1 0 
2344 1 2 3 565 467 -1 -1 -1 0 
2345 1 0 3 565 467 -1 -1 -1 0 
2346 1 0 1 601 470 -1 -1 -1 0 
2347 1 4 0 602 471 -1 -1 -1 0 
2348 1 5 0 602 470 -1 -1 -1 0 
2349 1 7 0 600 470 -1 -1 -1 0 
2350 1 8 0 600 470 -1 -1 -1 0 
2351 1 8 0 601 469 -1 -1 -1 0 
2352 1 8 0 601 470 -1 -1 -1 0 
2353 1 8 0 601 470 -1 -1 -1 0 
2354 1 8 0 601 470 -1 -1 -1 0 
2355 1 7 0 603 470 -1 -1 -1 0 
2356 1 7 1 603 470 -1 -1 -1 0 
2357 1 8 0 599 471 -1 -1 -1 0 
2358 1 8 0 599 471 -1 -1 -1 0 
2359 1 8 0 599 471 -1 -1 -1 0 
2373 1 7 1 602 470 -1 -1 -1 0 
2375 1 7 2 599 468 -1 -1 -1 0 
2376 1 3 5 608 465 -1 -1 -1 0 
2377 1 2 5 610 465 -1 -1 -1 0 
2378 1 5 4 606 466 -1 -1 -1 0 
2379 1 6 2 607 469 -1 -1 -1 0 
2380 1 6 2 605 469 -1 -1 -1 0 
2381 1 7 1 607 470 -1 -1 -1 0 
2382 1 6 1 607 470 -1 -1 -1 0 
2383 1 7 1 605 470 -1 -1 -1 0 
2384 1 6 2 608 469 -1 -1 -1 0 
2385 1 5 2 608 469 -1 -1 -1 0 
2386 1 6 2 606 469 -1 -1 -1 0 
2387 1 6 1 606 470 -1 -1 -1 0 
2388 1 7 1 605 470 -1 -1 -1 0 
2389 1 7 1 604 470 -1 -1 -1 0 
2390 1 7 2 604 469 -1 -1 -1 0 
2391 1 7 2 603 470 -1 -1 -1 0 
2392 1 7 2 603 469 -1 -1 -1 0 
2393 1 6 1 605 470 -1 -1 -1 0 
2394 1 6 1 603 470 -1 -1 -1 0 
2395 1 7 1 606 470 -1 -1 -1 0 
2396 1 4 3 612 466 -1 -1 -1 0 
2397 1 11 0 602 470 -1 -1 -1 0 
2398 1 8 3 607 466 -1 -1 -1 0 
2415 1 10 6 557 464 -1 -1 -1 0 
2421 1 4 4 549 468 -1 -1 -1 0 
2422 1 1 4 551 467 -1 -1 -1 0 
2423 1 1 7 550 463 -1 -1 -1 0 
2424 1 2 8 551 461 -1 -1 -1 0 
2425 1 3 8 547 462 -1 -1 -1 0 
2426 1 3 9 549 461 -1 -1 -1 0 
2427 1 2 9 551 461 -1 -1 -1 0 
2428 1 2 8 549 462 -1 -1 -1 0 
2429 1 2 6 550 464 -1 -1 -1 0 
2430 1 2 7 549 462 -1 -1 -1 0 
2431 1 2 7 550 461 -1 -1 -1 0 
2432 1 3 7 550 463 -1 -1 -1 0 
2433 1 3 8 548 462 -1 -1 -1 0 
2434 1 2 8 549 462 -1 -1 -1 0 
2560 1 3 8 555 463 -1 -1 -1 0 
2564 1 1 6 561 466 -1 -1 -1 0 
2565 1 3 9 556 461 -1 -1 -1 0 
2568 1 0 8 606 462 -1 -1 -1 0 
2569 1 5 2 608 469 -1 -1 -1 0 
2570 1 7 9 607 462 -1 -1 -1 0 
2571 1 14 12 607 463 -1 -1 -1 0 
2572 1 15 17 612 461 -1 -1 -1 0 
2573 1 15 15 612 464 -1 -1 -1 0 
2574 1 13 14 612 462 -1 -1 -1 0 
2575 1 7 14 619 458 -1 -1 -1 0 
2576 1 7 9 632 458 -1 -1 -1 0 
2577 1 10 12 629 454 -1 -1 -1 0 
2578 1 11 6 625 473 -1 -1 -1 0 
2579 1 23 17 616 462 -1 -1 -1 0 
2583 1 96 53 543 409 -1 -1 -1 0 
2586 1 2 37 637 408 -1 -1 -1 0 
2588 1 21 33 613 423 -1 -1 -1 0 
2589 1 17 18 615 454 -1 -1 -1 0 
2590 1 16 3 620 476 -1 -1 -1 0 
2591 1 34 10 600 469 -1 -1 -1 0 
2595 1 99 23 486 456 -1 -1 -1 0 
2703 4 451 3 188 464 -1 -1 -1 0 
2704 4 436 4 203 462 -1 -1 -1 0 
2730 4 0 156 489 64 -1 -1 -1 0 
2733 5 153 2 440 471 -1 -1 -1 0 
2734 5 199 5 399 465 -1 -1 -1 0 
2735 5 164 4 390 470 -1 -1 -1 0 
2736 5 133 2 391 468 -1 -1 -1 0 
2737 5 112 1 404 468 -1 -1 -1 0 
2738 5 100 0 407 474 -1 -1 -1 0 
2739 5 136 0 353 477 -1 -1 -1 0 
2740 5 123 0 393 467 -1 -1 -1 0 
2741 5 162 2 400 474 -1 -1 -1 0 
2742 5 191 5 407 470 -1 -1 -1 0 
2743 5 186 3 395 475 -1 -1 -1 0 
2744 5 184 2 424 476 -1 -1 -1 0 
2745 5 176 0 459 479 -1 -1 -1 0 
2746 5 179 0 451 475 -1 -1 -1 0 
2747 5 177 18 455 444 -1 -1 -1 0 
2748 5 192 30 444 432 -1 -1 -1 0 
2765 5 271 45 368 419 -1 -1 -1 0 
2766 5 272 41 365 424 -1 -1 -1 0 
2767 5 269 36 370 431 -1 -1 -1 0 
2768 5 266 34 373 436 -1 -1 -1 0 
2769 5 266 20 368 449 -1 -1 -1 0 
2770 5 265 8 365 464 -1 -1 -1 0 
2771 5 270 3 359 472 -1 -1 -1 0 
2772 5 271 4 361 472 -1 -1 -1 0 
2773 5 273 5 364 470 -1 -1 -1 0 
2774 5 275 4 364 468 -1 -1 -1 0 
2775 5 279 2 360 471 -1 -1 -1 0 
2776 5 281 2 358 472 -1 -1 -1 0 
2777 5 285 0 353 473 -1 -1 -1 0 
2778 5 290 0 346 467 -1 -1 -1 0 
2779 5 262 0 375 470 -1 -1 -1 0 
2780 5 265 0 340 467 -1 -1 -1 0 
2781 5 271 0 288 470 -1 -1 -1 0 
2782 5 261 0 285 475 -1 -1 -1 0 
2783 5 257 0 285 473 -1 -1 -1 0 
2784 5 252 6 284 467 -1 -1 -1 0 
2785 5 251 3 290 476 -1 -1 -1 0 
2786 5 254 21 277 432 -1 -1 -1 0 
2787 5 251 20 281 434 -1 -1 -1 0 
2788 5 246 4 275 470 -1 -1 -1 0 
2789 5 247 7 268 465 -1 -1 -1 0 
2790 5 245 14 243 459 -1 -1 -1 0 
2791 5 231 25 230 444 -1 -1 -1 0 
2792 5 222 32 226 439 -1 -1 -1 0 
2793 5 208 43 209 430 -1 -1 -1 0 
2794 5 192 55 202 420 -1 -1 -1 0 
2795 5 181 65 193 413 -1 -1 -1 0 
2796 5 173 70 193 406 -1 -1 -1 0 
2797 5 164 78 187 396 -1 -1 -1 0 
2798 5 146 81 197 391 -1 -1 -1 0 
2799 5 137 85 206 388 -1 -1 -1 0 
2800 5 130 88 213 386 -1 -1 -1 0 
2801 5 118 99 225 374 -1 -1 -1 0 
2802 5 121 107 220 365 -1 -1 -1 0 
2803 5 106 112 232 360 -1 -1 -1 0 
2804 5 103 112 212 361 -1 -1 -1 0 
2805 5 103 111 197 362 -1 -1 -1 0 
2806 5 97 112 186 362 -1 -1 -1 0 
2807 5 88 115 187 359 -1 -1 -1 0 
2808 5 87 119 183 351 -1 -1 -1 0 
2809 5 86 122 178 348 -1 -1 -1 0 
2810 5 72 122 183 348 -1 -1 -1 0 
2811 5 68 127 176 348 -1 -1 -1 0 
2812 5 61 127 179 348 -1 -1 -1 0 
2813 5 59 131 175 346 -1 -1 -1 0 
2814 5 60 132 172 344 -1 -1 -1 0 
2815 5 63 131 166 346 -1 -1 -1 0 
2816 5 61 131 161 343 -1 -1 -1 0 
2817 5 63 134 155 339 -1 -1 -1 0 
2818 5 63 135 155 338 -1 -1 -1 0 
2819 5 65 135 152 337 -1 -1 -1 0 
2820 5 64 136 153 337 -1 -1 -1 0 
2821 5 65 136 149 338 -1 -1 -1 0 
2822 5 64 135 150 340 -1 -1 -1 0 
2823 5 65 136 149 339 -1 -1 -1 0 
2824 5 65 135 148 340 -1 -1 -1 0 
2825 5 65 134 148 342 -1 -1 -1 0 
2826 5 64 133 152 343 -1 -1 -1 0 
2827 5 65 134 149 342 -1 -1 -1 0 
2828 5 65 133 148 343 -1 -1 -1 0 
2829 5 64 133 150 344 -1 -1 -1 0 
2830 5 63 133 151 343 -1 -1 -1 0 
2831 5 62 134 152 342 -1 -1 -1 0 
2832 5 64 135 151 341 -1 -1 -1 0 
2833 5 65 135 149 341 -1 -1 -1 0 
2834 5 64 135 152 340 -1 -1 -1 0 
2835 5 64 135 152 341 -1 -1 -1 0 
2836 5 65 136 150 340 -1 -1 -1 0 
2837 5 65 135 151 341 -1 -1 -1 0 
2838 5 65 135 152 340 -1 -1 -1 0 
2839 5 66 136 150 339 -1 -1 -1 0 
2840 5 65 136 151 338 -1 -1 -1 0 
2841 5 66 135 148 339 -1 -1 -1 0 
2842 5 65 136 150 339 -1 -1 -1 0 
2843 5 66 136 149 339 -1 -1 -1 0 
2844 5 66 135 149 340 -1 -1 -1 0 
2845 5 66 135 150 341 -1 -1 -1 0 
2846 5 65 136 151 339 -1 -1 -1 0 
2847 5 62 131 155 346 -1 -1 -1 0 
2848 5 62 131 154 346 -1 -1 -1 0 
2849 5 62 131 153 345 -1 -1 -1 0 
2850 5 63 131 152 345 -1 -1 -1 0 
2851 5 64 131 149 346 -1 -1 -1 0 
2852 5 65 132 148 344 -1 -1 -1 0 
2853 5 66 132 147 344 -1 -1 -1 0 
2854 5 66 133 148 343 -1 -1 -1 0 
2855 5 65 133 148 345 -1 -1 -1 0 
2856 5 65 134 147 341 -1 -1 -1 0 
2857 5 64 134 147 340 -1 -1 -1 0 
2858 5 62 135 150 338 -1 -1 -1 0 
2859 5 60 136 152 337 -1 -1 -1 0 
2860 5 63 140 147 334 -1 -1 -1 0 
2861 5 68 143 142 333 -1 -1 -1 0 
2862 5 87 144 122 333 -1 -1 -1 0 
2863 5 99 145 111 330 -1 -1 -1 0 
2864 5 111 150 101 327 -1 -1 -1 0 
2865 5 109 151 105 327 -1 -1 -1 0 
2866 5 107 150 108 329 -1 -1 -1 0 
2867 5 112 155 107 319 -1 -1 -1 0 
2868 5 114 155 109 318 -1 -1 -1 0 
2869 5 119 156 106 316 -1 -1 -1 0 
2870 5 126 152 103 319 -1 -1 -1 0 
2871 5 129 155 102 316 -1 -1 -1 0 
2872 5 132 160 101 313 -1 -1 -1 0 
2873 5 134 163 101 308 -1 -1 -1 0 
2874 5 133 164 102 305 -1 -1 -1 0 
2875 5 127 168 106 300 -1 -1 -1 0 
2876 5 125 170 108 298 -1 -1 -1 0 
2877 5 121 174 111 294 -1 -1 -1 0 
2878 5 123 175 108 289 -1 -1 -1 0 
2879 5 135 177 95 293 -1 -1 -1 0 
2880 5 141 178 90 292 -1 -1 -1 0 
2881 5 146 181 90 286 -1 -1 -1 0 
2882 5 148 183 91 284 -1 -1 -1 0 
2883 5 152 192 93 274 -1 -1 -1 0 
2884 5 155 196 93 269 -1 -1 -1 0 
2885 5 161 195 87 271 -1 -1 -1 0 
2886 5 167 195 86 259 -1 -1 -1 0 
2887 5 169 198 86 243 -1 -1 -1 0 
2888 5 170 198 85 244 -1 -1 -1 0 
2889 5 169 199 87 244 -1 -1 -1 0 
2890 5 169 200 87 239 -1 -1 -1 0 
2891 5 169 202 85 220 -1 -1 -1 0 
2892 5 170 206 83 213 -1 -1 -1 0 
2893 5 169 204 81 223 -1 -1 -1 0 
2894 5 168 202 81 236 -1 -1 -1 0 
2895 5 167 203 82 235 -1 -1 -1 0 
2896 5 165 204 83 227 -1 -1 -1 0 
2897 5 161 203 80 244 -1 -1 -1 0 
2898 5 157 203 80 244 -1 -1 -1 0 
2899 5 155 202 75 257 -1 -1 -1 0 
2900 5 155 204 70 234 -1 -1 -1 0 
2901 5 153 204 70 249 -1 -1 -1 0 
2902 5 153 205 69 240 -1 -1 -1 0 
2903 5 153 205 69 253 -1 -1 -1 0 
2904 5 155 203 59 248 -1 -1 -1 0 
2905 5 153 209 53 236 -1 -1 -1 0 
3443 5 157 206 38 215 -1 -1 -1 0 
3444 5 156 205 37 212 -1 -1 -1 0 
3445 5 157 206 41 216 -1 -1 -1 0 
3446 5 157 210 50 209 -1 -1 -1 0 
3447 5 157 211 50 207 -1 -1 -1 0 
3448 5 157 211 50 207 -1 -1 -1 0 
3449 5 157 211 50 207 -1 -1 -1 0 
3450 5 157 211 50 207 -1 -1 -1 0 
3451 5 158 213 83 211 -1 -1 -1 0 
3452 5 157 217 98 199 -1 -1 -1 0 
3453 5 167 213 90 209 -1 -1 -1 0 
3454 5 186 208 82 232 -1 -1 -1 0 
3455 5 204 213 81 200 -1 -1 -1 0 
3456 5 210 212 86 204 -1 -1 -1 0 
3457 5 221 209 77 216 -1 -1 -1 0 
3458 5 227 207 76 239 -1 -1 -1 0 
3459 5 230 203 78 247 -1 -1 -1 0 
3460 5 232 196 82 264 -1 -1 -1 0 
3461 5 233 199 87 264 -1 -1 -1 0 
3462 5 238 198 84 261 -1 -1 -1 0 
3463 5 238 195 85 256 -1 -1 -1 0 
3464 5 236 192 89 254 -1 -1 -1 0 
3465 5 235 191 91 257 -1 -1 -1 0 
3466 5 234 191 93 261 -1 -1 -1 0 
3467 5 234 189 95 258 -1 -1 -1 0 
3468 5 235 189 93 262 -1 -1 -1 0 
3469 5 235 189 94 270 -1 -1 -1 0 
3470 5 232 188 96 276 -1 -1 -1 0 
3471 5 231 184 95 270 -1 -1 -1 0 
3472 5 232 182 94 274 -1 -1 -1 0 
3473 5 230 177 97 284 -1 -1 -1 0 
3474 5 229 176 100 286 -1 -1 -1 0 
3475 5 228 175 101 289 -1 -1 -1 0 
3476 5 227 177 103 290 -1 -1 -1 0 
3477 5 227 176 105 295 -1 -1 -1 0 
3478 5 227 175 108 295 -1 -1 -1 0 
3479 5 229 171 110 296 -1 -1 -1 0 
3480 5 230 165 112 305 -1 -1 -1 0 
3481 5 230 165 114 307 -1 -1 -1 0 
3482 5 231 160 116 313 -1 -1 -1 0 
3483 5 232 157 117 319 -1 -1 -1 0 
3484 5 232 157 118 322 -1 -1 -1 0 
3485 5 230 156 119 323 -1 -1 -1 0 
3486 5 230 156 117 323 -1 -1 -1 0 
3487 5 225 151 120 328 -1 -1 -1 0 
3488 5 221 146 123 333 -1 -1 -1 0 
3489 5 214 141 130 338 -1 -1 -1 0 
3490 5 210 141 131 338 -1 -1 -1 0 
3491 5 206 139 135 340 -1 -1 -1 0 
3492 5 202 138 138 341 -1 -1 -1 0 
3493 5 201 138 138 341 -1 -1 -1 0 
3494 5 205 135 137 344 -1 -1 -1 0 
3495 5 206 132 143 347 -1 -1 -1 0 
3496 5 208 129 146 350 -1 -1 -1 0 
3497 5 212 124 150 355 -1 -1 -1 0 
3498 5 214 120 150 359 -1 -1 -1 0 
3499 5 214 105 158 374 -1 -1 -1 0 
3500 5 215 102 157 377 -1 -1 -1 0 
3501 5 214 98 160 381 -1 -1 -1 0 
3502 5 219 107 155 370 -1 -1 -1 0 
3503 5 215 92 161 387 -1 -1 -1 0 
3504 5 212 88 162 391 -1 -1 -1 0 
3505 5 209 86 165 393 -1 -1 -1 0 
3506 5 206 87 168 391 -1 -1 -1 0 
3507 5 203 84 172 395 -1 -1 -1 0 
3508 5 195 78 184 401 -1 -1 -1 0 
3509 5 191 73 188 406 -1 -1 -1 0 
3510 5 187 69 190 410 -1 -1 -1 0 
3511 5 186 66 190 413 -1 -1 -1 0 
3512 5 189 63 189 412 -1 -1 -1 0 
3513 5 192 59 191 415 -1 -1 -1 0 
3514 5 196 53 198 418 -1 -1 -1 0 
3515 5 200 46 199 427 -1 -1 -1 0 
3516 5 200 31 216 441 -1 -1 -1 0 
3517 5 199 22 227 451 -1 -1 -1 0 
3518 5 197 9 239 468 -1 -1 -1 0 
3519 5 194 6 250 468 -1 -1 -1 0 
3520 5 192 0 262 473 -1 -1 -1 0 
3521 5 191 0 267 473 -1 -1 -1 0 
3522 5 191 0 269 479 -1 -1 -1 0 
3523 5 189 0 268 479 -1 -1 -1 0 
3524 5 184 0 267 479 -1 -1 -1 0 
3525 5 181 0 269 479 -1 -1 -1 0 
3526 5 174 0 278 479 -1 -1 -1 0 
3527 5 171 0 284 478 -1 -1 -1 0 
3528 5 168 0 291 479 -1 -1 -1 0 
3529 5 166 0 297 479 -1 -1 -1 0 
3530 5 165 0 305 479 -1 -1 -1 0 
3531 5 168 0 324 479 -1 -1 -1 0 
3532 5 175 0 345 476 -1 -1 -1 0 
3533 5 180 0 357 474 -1 -1 -1 0 
3534 5 185 0 368 474 -1 -1 -1 0 
3535 5 192 0 382 468 -1 -1 -1 0 
3536 5 191 0 398 468 -1 -1 -1 0 
3537 5 186 1 416 466 -1 -1 -1 0 
3538 5 178 8 434 459 -1 -1 -1 0 
3539 5 157 7 456 459 -1 -1 -1 0 
3540 5 150 7 456 460 -1 -1 -1 0 
3541 5 104 0 487 471 -1 -1 -1 0 
3542 5 87 0 476 470 -1 -1 -1 0 
3543 5 30 0 511 472 -1 -1 -1 0 
3544 5 16 3 517 470 -1 -1 -1 0 
3545 5 13 1 510 470 -1 -1 -1 0 
3546 5 13 2 505 470 -1 -1 -1 0 
3547 5 0 0 498 474 -1 -1 -1 0 
3548 5 0 0 506 477 -1 -1 -1 0 
3549 5 0 1 497 476 -1 -1 -1 0 
3550 5 5 4 486 468 -1 -1 -1 0 
3551 5 5 3 515 476 -1 -1 -1 0 
3552 5 2 7 524 466 -1 -1 -1 0 
3553 5 9 5 540 470 -1 -1 -1 0 
3554 5 0 0 577 478 -1 -1 -1 0 
3555 5 11 1 581 471 -1 -1 -1 0 
3556 5 24 1 579 478 -1 -1 -1 0 
3557 5 25 2 587 477 -1 -1 -1 0 
3558 5 18 3 608 476 -1 -1 -1 0 
3559 5 10 4 617 475 -1 -1 -1 0 
3560 5 6 3 624 476 -1 -1 -1 0 
3561 5 4 3 629 476 -1 -1 -1 0 
3562 5 3 3 631 476 -1 -1 -1 0 
3563 5 4 3 631 476 -1 -1 -1 0 
3564 5 7 0 623 479 -1 -1 -1 0 
3565 5 4 1 624 478 -1 -1 -1 0 
3566 5 2 0 628 479 -1 -1 -1 0 
3567 5 2 2 626 477 -1 -1 -1 0 
3568 5 3 1 624 478 -1 -1 -1 0 
3569 5 2 1 624 478 -1 -1 -1 0 
3570 5 2 0 622 479 -1 -1 -1 0 
3571 5 2 0 625 479 -1 -1 -1 0 
3572 5 0 0 629 479 -1 -1 -1 0 
3573 5 0 0 627 479 -1 -1 -1 0 
3574 5 0 0 626 479 -1 -1 -1 0 
3575 5 0 0 624 479 -1 -1 -1 0 
3576 5 0 0 625 479 -1 -1 -1 0 
3577 5 0 0 624 479 -1 -1 -1 0 
3578 5 0 0 628 479 -1 -1 -1 0 
3579 5 0 0 629 479 -1 -1 -1 0 
3580 5 0 0 626 479 -1 -1 -1 0 
3581 5 0 0 625 479 -1 -1 -1 0 
3582 5 0 0 624 479 -1 -1 -1 0 
3583 5 0 0 623 479 -1 -1 -1 0 
3584 5 0 0 622 479 -1 -1 -1 0 
3585 5 0 0 623 479 -1 -1 -1 0 
3586 5 0 0 621 479 -1 -1 -1 0 
3587 5 0 0 621 479 -1 -1 -1 0 
3588 5 0 0 622 479 -1 -1 -1 0 
3589 5 0 0 621 479 -1 -1 -1 0 
3590 5 0 0 621 479 -1 -1 -1 0 
3591 5 0 0 621 479 -1 -1 -1 0 
3592 5 0 0 622 479 -1 -1 -1 0 
3593 5 0 0 623 479 -1 -1 -1 0 
3594 5 0 0 620 479 -1 -1 -1 0 
3595 5 0 0 621 479 -1 -1 -1 0 
3596 5 0 0 607 479 -1 -1 -1 0 
3597 5 0 0 608 479 -1 -1 -1 0 
3598 5 0 0 607 479 -1 -1 -1 0 
3599 5 0 0 608 479 -1 -1 -1 0 
3600 5 0 0 607 478 -1 -1 -1 0 
3601 5 0 0 609 478 -1 -1 -1 0 
3602 5 0 0 613 477 -1 -1 -1 0 
3603 5 0 0 613 478 -1 -1 -1 0 
3604 5 0 0 614 476 -1 -1 -1 0 
3605 5 0 0 612 478 -1 -1 -1 0 
3606 5 0 0 614 479 -1 -1 -1 0 
3607 5 0 0 614 479 -1 -1 -1 0 
3608 5 0 0 616 479 -1 -1 -1 0 
3609 5 0 0 612 479 -1 -1 -1 0 
3610 5 0 0 612 479 -1 -1 -1 0 
3611 5 0 0 613 479 -1 -1 -1 0 
3612 5 0 0 612 479 -1 -1 -1 0 
3613 5 0 0 613 479 -1 -1 -1 0 
3614 5 0 0 611 479 -1 -1 -1 0 
3615 5 0 0 612 479 -1 -1 -1 0 
3616 5 0 0 616 479 -1 -1 -1 0 
3617 5 0 0 611 479 -1 -1 -1 0 
3618 5 0 0 612 479 -1 -1 -1 0 
3619 5 0 0 614 479 -1 -1 -1 0 
3620 5 0 0 612 479 -1 -1 -1 0 
3621 5 0 0 611 479 -1 -1 -1 0 
3622 5 0 0 610 479 -1 -1 -1 0 
3623 5 0 0 610 479 -1 -1 -1 0 
3624 5 0 0 610 479 -1 -1 -1 0 
3625 5 0 0 611 479 -1 -1 -1 0 
3626 5 0 0 611 479 -1 -1 -1 0 
3627 5 0 0 612 479 -1 -1 -1 0 
3628 5 0 0 611 479 -1 -1 -1 0 
3629 5 0 0 611 479 -1 -1 -1 0 
3630 5 0 0 611 479 -1 -1 -1 0 
3631 5 0 0 612 479 -1 -1 -1 0 
3632 5 0 0 611 479 -1 -1 -1 0 
3633 5 0 0 612 479 -1 -1 -1 0 
3634 5 0 0 615 479 -1 -1 -1 0 
3635 5 0 0 613 479 -1 -1 -1 0 
3636 5 0 0 614 479 -1 -1 -1 0 
3637 5 0 0 615 479 -1 -1 -1 0 
3638 5 0 0 614 479 -1 -1 -1 0 
3639 5 0 0 615 479 -1 -1 -1 0 
3640 5 0 0 616 479 -1 -1 -1 0 
3641 5 0 0 617 479 -1 -1 -1 0 
3642 5 3 0 613 479 -1 -1 -1 0 
3643 5 1 0 621 479 -1 -1 -1 0 
3644 5 1 0 626 479 -1 -1 -1 0 
3645 5 4 0 622 479 -1 -1 -1 0 
3646 5 1 0 635 479 -1 -1 -1 0 
3647 5 0 0 635 479 -1 -1 -1 0 
3648 5 0 9 639 470 -1 -1 -1 0 
3649 5 0 7 635 472 -1 -1 -1 0 
3650 5 0 2 628 477 -1 -1 -1 0 
3651 5 11 0 608 479 -1 -1 -1 0 
3652 5 6 0 613 479 -1 -1 -1 0 
3653 5 110 0 492 476 -1 -1 -1 0 
3654 5 175 3 427 468 -1 -1 -1 0 
3655 5 11 1 604 472 -1 -1 -1 0 
3656 5 35 0 565 467 -1 -1 -1 0 
3657 5 28 0 568 472 -1 -1 -1 0 
3658 5 40 0 553 475 -1 -1 -1 0 
3659 5 100 0 495 476 -1 -1 -1 0 
3660 5 133 0 470 479 -1 -1 -1 0 
3661 5 135 0 470 478 -1 -1 -1 0 
3662 5 180 2 435 474 -1 -1 -1 0 
3663 5 196 2 416 472 -1 -1 -1 0 
3664 5 213 4 407 471 -1 -1 -1 0 
3665 5 218 3 405 469 -1 -1 -1 0 
3666 5 228 4 396 463 -1 -1 -1 0 
3667 5 238 5 388 464 -1 -1 -1 0 
3668 5 240 10 387 461 -1 -1 -1 0 
3669 5 245 8 381 461 -1 -1 -1 0 
3670 5 246 7 374 460 -1 -1 -1 0 
3671 5 242 7 369 459 -1 -1 -1 0 
3672 5 244 5 348 465 -1 -1 -1 0 
3673 5 245 3 332 467 -1 -1 -1 0 
3674 5 237 0 325 473 -1 -1 -1 0 
3675 5 235 0 319 474 -1 -1 -1 0 
3676 5 230 0 309 471 -1 -1 -1 0 
3677 5 220 0 315 470 -1 -1 -1 0 
3678 5 216 2 310 472 -1 -1 -1 0 
3679 5 215 2 308 471 -1 -1 -1 0 
3680 5 215 1 303 476 -1 -1 -1 0 
3681 5 216 0 300 478 -1 -1 -1 0 
3682 5 220 0 298 477 -1 -1 -1 0 
3683 5 224 1 296 477 -1 -1 -1 0 
3684 5 228 0 289 474 -1 -1 -1 0 
3685 5 235 0 276 479 -1 -1 -1 0 
3686 5 241 0 265 478 -1 -1 -1 0 
3687 5 248 0 249 479 -1 -1 -1 0 
3688 5 248 0 247 477 -1 -1 -1 0 
3689 5 242 0 250 479 -1 -1 -1 0 
3690 5 240 0 247 479 -1 -1 -1 0 
3691 5 241 0 235 479 -1 -1 -1 0 
3692 5 241 0 231 479 -1 -1 -1 0 
3693 5 244 0 221 479 -1 -1 -1 0 
3694 5 245 0 216 476 -1 -1 -1 0 
3695 5 243 3 210 476 -1 -1 -1 0 
3696 5 232 8 213 467 -1 -1 -1 0 
3697 5 224 15 207 457 -1 -1 -1 0 
3698 5 215 17 210 455 -1 -1 -1 0 
3699 5 208 23 207 446 -1 -1 -1 0 
3700 5 203 24 208 445 -1 -1 -1 0 
3701 5 196 24 209 444 -1 -1 -1 0 
3702 5 193 24 206 444 -1 -1 -1 0 
3703 5 189 28 204 440 -1 -1 -1 0 
3704 5 189 39 197 432 -1 -1 -1 0 
3705 5 189 43 193 428 -1 -1 -1 0 
3706 5 193 52 185 418 -1 -1 -1 0 
3707 5 197 55 180 415 -1 -1 -1 0 
3708 5 199 55 176 419 -1 -1 -1 0 
3709 5 199 56 177 419 -1 -1 -1 0 
3710 5 196 57 181 418 -1 -1 -1 0 
3711 5 196 60 181 416 -1 -1 -1 0 
3712 5 196 61 181 416 -1 -1 -1 0 
3713 5 195 64 180 411 -1 -1 -1 0 
3714 5 195 67 177 409 -1 -1 -1 0 
3715 5 195 74 173 403 -1 -1 -1 0 
3716 5 194 74 160 405 -1 -1 -1 0 
3717 5 192 75 161 404 -1 -1 -1 0 
3718 5 191 76 161 403 -1 -1 -1 0 
3719 5 191 78 159 401 -1 -1 -1 0 
3720 5 195 81 153 398 -1 -1 -1 0 
3721 5 195 82 153 397 -1 -1 -1 0 
3722 5 201 88 146 391 -1 -1 -1 0 
3723 5 202 89 145 390 -1 -1 -1 0 
3724 5 202 93 147 386 -1 -1 -1 0 
3725 5 202 95 149 384 -1 -1 -1 0 
3726 5 202 93 151 386 -1 -1 -1 0 
3727 5 200 98 155 381 -1 -1 -1 0 
3728 5 200 100 158 379 -1 -1 -1 0 
3729 5 200 101 161 378 -1 -1 -1 0 
3730 5 200 102 162 377 -1 -1 -1 0 
3731 5 201 101 162 378 -1 -1 -1 0 
3732 5 205 91 155 388 -1 -1 -1 0 
3733 5 205 91 156 388 -1 -1 -1 0 
3734 5 204 98 153 381 -1 -1 -1 0 
3735 5 204 111 147 366 -1 -1 -1 0 
3736 5 203 114 144 363 -1 -1 -1 0 
3737 5 199 106 146 373 -1 -1 -1 0 
3738 5 196 103 145 376 -1 -1 -1 0 
3739 5 195 103 144 376 -1 -1 -1 0 
3740 5 194 104 142 375 -1 -1 -1 0 
3741 5 194 105 139 374 -1 -1 -1 0 
3742 5 197 113 132 361 -1 -1 -1 0 
3743 5 200 111 124 368 -1 -1 -1 0 
3744 5 201 115 120 364 -1 -1 -1 0 
3745 5 205 117 110 356 -1 -1 -1 0 
3746 5 206 118 103 355 -1 -1 -1 0 
3747 5 206 118 100 356 -1 -1 -1 0 
3748 5 214 120 92 354 -1 -1 -1 0 
3749 5 219 121 89 352 -1 -1 -1 0 
3750 5 219 122 89 349 -1 -1 -1 0 
3751 5 208 124 102 346 -1 -1 -1 0 
3752 5 198 125 118 344 -1 -1 -1 0 
3753 5 197 125 119 343 -1 -1 -1 0 
3754 5 191 124 128 344 -1 -1 -1 0 
3755 5 186 124 132 344 -1 -1 -1 0 
3756 5 186 124 128 346 -1 -1 -1 0 
3757 5 184 124 128 347 -1 -1 -1 0 
3758 5 184 123 126 348 -1 -1 -1 0 
3759 5 188 122 115 350 -1 -1 -1 0 
3760 5 189 120 105 355 -1 -1 -1 0 
3761 5 191 119 99 356 -1 -1 -1 0 
3762 5 191 120 96 355 -1 -1 -1 0 
3763 5 181 121 101 353 -1 -1 -1 0 
3764 5 176 120 102 357 -1 -1 -1 0 
3765 5 164 119 107 360 -1 -1 -1 0 
3766 5 162 120 106 359 -1 -1 -1 0 
3767 5 161 122 104 357 -1 -1 -1 0 
3768 5 159 123 105 356 -1 -1 -1 0 
3769 5 158 122 103 356 -1 -1 -1 0 
3770 5 163 120 97 357 -1 -1 -1 0 
3771 5 162 119 98 357 -1 -1 -1 0 
3772 5 158 119 102 359 -1 -1 -1 0 
3773 5 142 115 120 364 -1 -1 -1 0 
3774 5 138 99 125 380 -1 -1 -1 0 
3775 5 133 102 133 377 -1 -1 -1 0 
3776 5 129 118 141 361 -1 -1 -1 0 
3777 5 130 119 142 360 -1 -1 -1 0 
3778 5 140 119 140 360 -1 -1 -1 0 
3779 5 144 119 139 360 -1 -1 -1 0 
3780 5 155 120 132 359 -1 -1 -1 0 
3781 5 164 119 128 360 -1 -1 -1 0 
3782 5 171 119 136 360 -1 -1 -1 0 
3783 5 175 122 137 357 -1 -1 -1 0 
3784 5 178 122 139 357 -1 -1 -1 0 
3785 5 190 119 138 360 -1 -1 -1 0 
3786 5 198 121 132 358 -1 -1 -1 0 
3787 5 206 123 131 353 -1 -1 -1 0 
3788 5 213 122 127 352 -1 -1 -1 0 
3789 5 224 121 120 354 -1 -1 -1 0 
3790 5 228 120 120 357 -1 -1 -1 0 
3791 5 240 122 107 357 -1 -1 -1 0 
3792 5 246 123 105 356 -1 -1 -1 0 
3793 5 248 123 102 356 -1 -1 -1 0 
3794 5 260 120 87 359 -1 -1 -1 0 
3795 5 266 115 87 361 -1 -1 -1 0 
3796 5 270 113 90 360 -1 -1 -1 0 
3797 5 277 109 98 364 -1 -1 -1 0 
3798 5 283 106 103 373 -1 -1 -1 0 
3799 5 288 114 106 364 -1 -1 -1 0 
3800 5 294 120 107 358 -1 -1 -1 0 
3801 5 300 122 102 356 -1 -1 -1 0 
3802 5 307 120 96 357 -1 -1 -1 0 
3803 5 308 118 93 359 -1 -1 -1 0 
3804 5 310 118 97 357 -1 -1 -1 0 
3805 5 310 118 103 355 -1 -1 -1 0 
3806 5 308 116 118 357 -1 -1 -1 0 
3807 5 303 115 134 358 -1 -1 -1 0 
3808 5 301 115 138 359 -1 -1 -1 0 
3809 5 293 111 145 368 -1 -1 -1 0 
3810 5 291 112 146 361 -1 -1 -1 0 
3811 5 291 112 144 362 -1 -1 -1 0 
3812 5 289 111 143 364 -1 -1 -1 0 
3813 5 286 110 139 365 -1 -1 -1 0 
3814 5 277 105 142 372 -1 -1 -1 0 
3815 5 273 103 144 376 -1 -1 -1 0 
3816 5 271 101 145 378 -1 -1 -1 0 
3817 5 267 99 150 380 -1 -1 -1 0 
3818 5 266 100 155 379 -1 -1 -1 0 
3819 5 265 99 160 379 -1 -1 -1 0 
3820 5 265 97 162 380 -1 -1 -1 0 
3821 5 265 93 165 385 -1 -1 -1 0 
3822 5 266 91 166 387 -1 -1 -1 0 
3823 5 267 89 166 386 -1 -1 -1 0 
3824 5 270 82 164 390 -1 -1 -1 0 
3825 5 272 77 165 396 -1 -1 -1 0 
3826 5 271 63 177 410 -1 -1 -1 0 
3827 5 271 59 182 413 -1 -1 -1 0 
3828 5 271 54 188 419 -1 -1 -1 0 
3829 5 270 50 195 419 -1 -1 -1 0 
3830 5 272 42 201 430 -1 -1 -1 0 
3831 5 274 41 202 431 -1 -1 -1 0 
3832 5 279 35 200 437 -1 -1 -1 0 
3833 5 278 31 206 442 -1 -1 -1 0 
3834 5 282 15 207 459 -1 -1 -1 0 
3835 5 281 9 213 467 -1 -1 -1 0 
3836 5 274 14 234 441 -1 -1 -1 0 
3837 5 274 14 241 440 -1 -1 -1 0 
3838 5 273 0 260 479 -1 -1 -1 0 
3839 5 272 0 278 479 -1 -1 -1 0 
3840 5 275 0 316 479 -1 -1 -1 0 
3841 5 277 0 327 479 -1 -1 -1 0 
3842 5 278 0 337 479 -1 -1 -1 0 
3843 5 287 0 345 479 -1 -1 -1 0 
3844 5 289 1 345 478 -1 -1 -1 0 
3845 5 295 1 344 472 -1 -1 -1 0 
3846 5 309 0 330 471 -1 -1 -1 0 
3847 5 316 3 323 468 -1 -1 -1 0 
3848 5 320 0 319 474 -1 -1 -1 0 
3849 5 325 0 314 475 -1 -1 -1 0 
3850 5 324 0 315 473 -1 -1 -1 0 
3851 5 319 0 320 475 -1 -1 -1 0 
3852 5 315 0 324 473 -1 -1 -1 0 
3853 5 303 0 336 469 -1 -1 -1 0 
3854 5 297 0 340 469 -1 -1 -1 0 
3855 5 284 0 341 468 -1 -1 -1 0 
3856 5 276 5 349 464 -1 -1 -1 0 
3857 5 240 0 380 473 -1 -1 -1 0 
3858 5 227 0 375 472 -1 -1 -1 0 
3859 5 181 2 405 470 -1 -1 -1 0 
3860 5 171 2 414 470 -1 -1 -1 0 
3861 5 146 0 442 473 -1 -1 -1 0 
3862 5 138 0 462 478 -1 -1 -1 0 
3863 5 137 0 450 475 -1 -1 -1 0 
3864 5 136 0 458 474 -1 -1 -1 0 
3865 5 128 0 464 472 -1 -1 -1 0 
3866 5 115 1 469 471 -1 -1 -1 0 
3867 5 105 1 437 471 -1 -1 -1 0 
3868 5 94 2 460 468 -1 -1 -1 0 
3869 5 86 0 472 473 -1 -1 -1 0 
3870 5 58 0 458 470 -1 -1 -1 0 
3871 5 53 0 436 471 -1 -1 -1 0 
3872 5 35 0 448 469 -1 -1 -1 0 
3873 5 15 1 448 471 -1 -1 -1 0 
3874 5 0 1 621 467 -1 -1 -1 0 
3875 5 0 0 637 467 -1 -1 -1 0 
3876 5 0 0 638 468 -1 -1 -1 0 
3877 5 0 0 638 467 -1 -1 -1 0 
3878 5 0 0 634 465 -1 -1 -1 0 
3879 5 0 0 629 470 -1 -1 -1 0 
3880 5 0 0 632 470 -1 -1 -1 0 
3881 5 0 0 639 471 -1 -1 -1 0 
3882 5 0 0 639 470 -1 -1 -1 0 
3883 5 12 0 627 470 -1 -1 -1 0 
3884 5 60 3 569 457 -1 -1 -1 0 
3886 5 31 0 386 468 -1 -1 -1 0 
3887 5 5 2 394 465 -1 -1 -1 0 
3888 5 0 6 380 465 -1 -1 -1 0 
3889 5 0 8 382 461 -1 -1 -1 0 
3890 5 0 5 384 463 -1 -1 -1 0 
3891 5 5 5 381 463 -1 -1 -1 0 
3892 5 3 1 389 470 -1 -1 -1 0 
3893 5 7 2 386 469 -1 -1 -1 0 
3894 5 3 2 386 470 -1 -1 -1 0 
3895 5 2 1 383 473 -1 -1 -1 0 
3896 5 0 0 379 475 -1 -1 -1 0 
3897 5 0 0 379 475 -1 -1 -1 0 
3898 5 0 0 378 475 -1 -1 -1 0 
3899 5 0 0 377 476 -1 -1 -1 0 
3900 5 0 0 378 478 -1 -1 -1 0 
3901 5 0 0 379 476 -1 -1 -1 0 
3902 5 0 2 390 475 -1 -1 -1 0 
3903 5 0 0 395 476 -1 -1 -1 0 
3904 5 0 0 451 468 -1 -1 -1 0 
3905 5 15 7 430 469 -1 -1 -1 0 
3906 5 13 0 418 475 -1 -1 -1 0 
3907 5 5 0 427 473 -1 -1 -1 0 
3908 5 6 11 432 460 -1 -1 -1 0 
3909 5 8 10 445 462 -1 -1 -1 0 
3910 5 10 3 452 464 -1 -1 -1 0 
3911 5 7 5 473 467 -1 -1 -1 0 
3912 5 5 3 491 473 -1 -1 -1 0 
3913 5 6 6 518 469 -1 -1 -1 0 
3914 5 0 12 547 463 -1 -1 -1 0 
3915 5 0 9 564 469 -1 -1 -1 0 
3916 5 0 10 589 469 -1 -1 -1 0 
3917 5 8 12 592 465 -1 -1 -1 0 
3918 5 0 11 622 468 -1 -1 -1 0 
3919 5 6 8 615 471 -1 -1 -1 0 
3920 5 4 13 616 466 -1 -1 -1 0 
3921 5 11 12 613 467 -1 -1 -1 0 
3922 5 6 11 618 468 -1 -1 -1 0 
3923 5 7 1 628 478 -1 -1 -1 0 
3924 5 11 3 628 473 -1 -1 -1 0 
3925 5 17 1 622 475 -1 -1 -1 0 
3926 5 16 6 623 466 -1 -1 -1 0 
3927 5 2 1 637 474 -1 -1 -1 0 
3928 5 0 0 638 475 -1 -1 -1 0 
3929 5 1 12 635 464 -1 -1 -1 0 
3930 5 0 14 639 460 -1 -1 -1 0 
3931 5 0 15 639 458 -1 -1 -1 0 
3932 5 0 12 639 462 -1 -1 -1 0 
3933 5 1 13 632 461 -1 -1 -1 0 
3934 5 1 14 632 457 -1 -1 -1 0 
3935 5 0 18 631 451 -1 -1 -1 0 
3936 5 0 16 633 456 -1 -1 -1 0 
3937 5 0 16 631 456 -1 -1 -1 0 
3938 5 0 14 625 460 -1 -1 -1 0 
3939 5 2 13 621 462 -1 -1 -1 0 
3940 5 0 2 611 475 -1 -1 -1 0 
3941 5 1 6 581 464 -1 -1 -1 0 
3942 5 0 1 576 473 -1 -1 -1 0 
3943 5 0 1 575 471 -1 -1 -1 0 
3944 5 0 1 582 467 -1 -1 -1 0 
3945 5 6 0 586 462 -1 -1 -1 0 
3946 5 8 0 597 463 -1 -1 -1 0 
3947 5 16 0 601 466 -1 -1 -1 0 
3948 5 22 0 607 466 -1 -1 -1 0 
3949 5 70 1 561 466 -1 -1 -1 0 
3950 5 86 2 543 458 -1 -1 -1 0 
3951 5 169 3 460 463 -1 -1 -1 0 
3952 5 165 0 464 465 -1 -1 -1 0 
3953 5 212 3 418 465 -1 -1 -1 0 
3954 5 259 6 371 459 -1 -1 -1 0 
3955 5 277 0 358 465 -1 -1 -1 0 
3956 5 286 0 343 470 -1 -1 -1 0 
3957 5 306 8 330 462 -1 -1 -1 0 
3958 5 310 2 329 467 -1 -1 -1 0 
3959 5 323 0 315 469 -1 -1 -1 0 
3960 5 338 0 298 474 -1 -1 -1 0 
3961 5 346 0 289 475 -1 -1 -1 0 
3962 5 349 0 287 473 -1 -1 -1 0 
3963 5 351 0 284 473 -1 -1 -1 0 
3964 5 352 0 284 474 -1 -1 -1 0 
3965 5 348 3 288 467 -1 -1 -1 0 
3966 5 343 0 295 470 -1 -1 -1 0 
3967 5 327 0 312 470 -1 -1 -1 0 
3968 5 321 0 317 471 -1 -1 -1 0 
3969 5 297 0 337 470 -1 -1 -1 0 
3970 5 281 4 352 467 -1 -1 -1 0 
3971 5 250 4 384 475 -1 -1 -1 0 
3972 5 200 3 429 476 -1 -1 -1 0 
3973 5 97 8 539 471 -1 -1 -1 0 
3975 5 14 3 625 476 -1 -1 -1 0 
3976 5 4 5 635 460 -1 -1 -1 0 
3977 5 7 0 614 465 -1 -1 -1 0 
3978 5 8 2 618 461 -1 -1 -1 0 
3979 5 19 4 609 456 -1 -1 -1 0 
3980 5 27 5 592 458 -1 -1 -1 0 
3981 5 20 5 593 458 -1 -1 -1 0 
3982 5 14 0 597 466 -1 -1 -1 0 
3983 5 9 0 593 464 -1 -1 -1 0 
3984 5 23 0 573 468 -1 -1 -1 0 
3985 5 17 0 560 467 -1 -1 -1 0 
3986 5 6 0 578 468 -1 -1 -1 0 
3987 5 9 0 578 465 -1 -1 -1 0 
3988 5 15 0 567 466 -1 -1 -1 0 
3989 5 12 0 558 474 -1 -1 -1 0 
3990 5 6 0 541 479 -1 -1 -1 0 
3991 5 1 0 545 478 -1 -1 -1 0 
3992 5 0 8 560 466 -1 -1 -1 0 
3994 5 18 6 506 473 -1 -1 -1 0 
3995 5 16 4 512 475 -1 -1 -1 0 
3996 5 23 4 498 475 -1 -1 -1 0 
3997 5 43 3 455 476 -1 -1 -1 0 
3998 5 21 13 476 466 -1 -1 -1 0 
3999 5 6 13 485 464 -1 -1 -1 0 
4000 5 10 4 458 475 -1 -1 -1 0 
4001 5 3 4 459 475 -1 -1 -1 0 
4002 5 1 6 447 473 -1 -1 -1 0 
4003 5 0 21 445 456 -1 -1 -1 0 
4004 5 4 24 440 450 -1 -1 -1 0 
4005 5 7 21 433 454 -1 -1 -1 0 
4006 5 5 18 444 458 -1 -1 -1 0 
4007 5 3 22 456 449 -1 -1 -1 0 
4008 5 5 22 452 449 -1 -1 -1 0 
4009 5 7 20 453 450 -1 -1 -1 0 
4010 5 6 16 444 451 -1 -1 -1 0 
4014 5 11 8 390 459 -1 -1 -1 0 
4015 5 6 11 387 460 -1 -1 -1 0 
4016 5 4 11 382 460 -1 -1 -1 0 
4017 5 3 12 382 461 -1 -1 -1 0 
4018 5 4 11 380 464 -1 -1 -1 0 
4019 5 4 9 378 467 -1 -1 -1 0 
4020 5 4 9 374 466 -1 -1 -1 0 
4021 5 3 13 375 463 -1 -1 -1 0 
4022 5 2 14 378 462 -1 -1 -1 0 
4023 5 2 13 382 464 -1 -1 -1 0 
4024 5 1 13 391 465 -1 -1 -1 0 
4025 5 2 13 399 466 -1 -1 -1 0 
4026 5 4 12 402 467 -1 -1 -1 0 
4027 5 3 12 407 467 -1 -1 -1 0 
4028 5 4 12 405 467 -1 -1 -1 0 
4029 5 3 13 405 466 -1 -1 -1 0 
4030 5 3 14 404 465 -1 -1 -1 0 
4031 5 3 14 407 465 -1 -1 -1 0 
4032 5 2 13 409 466 -1 -1 -1 0 
4033 5 1 11 412 468 -1 -1 -1 0 
4034 5 1 10 412 469 -1 -1 -1 0 
4035 5 0 19 425 456 -1 -1 -1 0 
4036 5 2 12 409 467 -1 -1 -1 0 
4037 5 1 14 408 465 -1 -1 -1 0 
4038 5 2 14 403 465 -1 -1 -1 0 
4039 5 2 13 400 466 -1 -1 -1 0 
4040 5 1 13 401 466 -1 -1 -1 0 
4041 5 2 12 398 467 -1 -1 -1 0 
4042 5 1 13 400 466 -1 -1 -1 0 
4043 5 2 12 397 467 -1 -1 -1 0 
4044 5 1 13 400 466 -1 -1 -1 0 
4045 5 2 14 399 465 -1 -1 -1 0 
4046 5 2 14 398 465 -1 -1 -1 0 
4047 5 2 11 398 468 -1 -1 -1 0 
4048 5 1 11 400 468 -1 -1 -1 0 
4049 5 1 10 400 469 -1 -1 -1 0 
4050 5 0 8 402 471 -1 -1 -1 0 
4051 5 1 8 400 471 -1 -1 -1 0 
4052 5 0 9 400 470 -1 -1 -1 0 
4053 5 0 12 400 467 -1 -1 -1 0 
4054 5 1 14 398 465 -1 -1 -1 0 
4055 5 1 13 399 466 -1 -1 -1 0 
4056 5 2 11 398 468 -1 -1 -1 0 
4057 5 3 10 396 469 -1 -1 -1 0 
4058 5 1 10 399 469 -1 -1 -1 0 
4059 5 1 9 400 470 -1 -1 -1 0 
4060 5 2 9 398 470 -1 -1 -1 0 
4061 5 2 9 398 470 -1 -1 -1 0 
4062 5 2 8 398 471 -1 -1 -1 0 
4063 5 2 8 399 471 -1 -1 -1 0 
4064 5 2 9 398 470 -1 -1 -1 0 
4065 5 2 9 397 470 -1 -1 -1 0 
4066 5 3 9 396 470 -1 -1 -1 0 
4067 5 2 8 397 471 -1 -1 -1 0 
4068 5 1 8 399 471 -1 -1 -1 0 
4069 5 2 7 398 472 -1 -1 -1 0 
4070 5 1 7 400 472 -1 -1 -1 0 
4071 5 2 6 398 473 -1 -1 -1 0 
4072 5 2 6 398 473 -1 -1 -1 0 
4073 5 3 6 396 473 -1 -1 -1 0 
4074 5 3 1 395 477 -1 -1 -1 0 
4075 5 2 0 397 478 -1 -1 -1 0 
4076 5 3 1 396 475 -1 -1 -1 0 
4077 5 4 1 394 475 -1 -1 -1 0 
4078 5 2 3 397 474 -1 -1 -1 0 
4079 5 3 4 396 474 -1 -1 -1 0 
4080 5 3 5 397 473 -1 -1 -1 0 
4081 5 3 6 396 472 -1 -1 -1 0 
4082 5 3 8 394 469 -1 -1 -1 0 
4083 5 2 9 396 469 -1 -1 -1 0 
4084 5 4 8 393 470 -1 -1 -1 0 
4085 5 2 8 396 469 -1 -1 -1 0 
4086 5 3 9 394 469 -1 -1 -1 0 
4087 5 2 9 395 469 -1 -1 -1 0 
4088 5 1 10 398 468 -1 -1 -1 0 
4089 5 2 9 396 469 -1 -1 -1 0 
4090 5 1 9 397 469 -1 -1 -1 0 
4091 5 2 10 395 469 -1 -1 -1 0 
4092 5 2 9 397 470 -1 -1 -1 0 
4093 5 3 9 395 470 -1 -1 -1 0 
4094 5 2 9 396 470 -1 -1 -1 0 
4095 5 1 9 399 469 -1 -1 -1 0 
4096 5 3 8 395 470 -1 -1 -1 0 
4097 5 2 8 398 470 -1 -1 -1 0 
4098 5 3 9 395 469 -1 -1 -1 0 
4099 5 2 9 397 469 -1 -1 -1 0 
4100 5 2 9 397 470 -1 -1 -1 0 
4101 5 2 9 396 470 -1 -1 -1 0 
4102 5 1 9 398 470 -1 -1 -1 0 
4103 5 2 8 396 471 -1 -1 -1 0 
4104 5 1 9 397 469 -1 -1 -1 0 
4105 5 2 9 396 469 -1 -1 -1 0 
4106 5 2 9 395 469 -1 -1 -1 0 
4107 5 1 8 398 470 -1 -1 -1 0 
4108 5 2 9 397 469 -1 -1 -1 0 
4109 5 0 12 399 466 -1 -1 -1 0 
4110 5 1 11 397 468 -1 -1 -1 0 
4111 5 0 12 398 467 -1 -1 -1 0 
4112 5 0 11 398 468 -1 -1 -1 0 
4113 5 0 11 400 468 -1 -1 -1 0 
4114 5 1 11 399 468 -1 -1 -1 0 
4115 5 1 9 399 470 -1 -1 -1 0 
4116 5 2 8 397 471 -1 -1 -1 0 
4117 5 1 7 399 472 -1 -1 -1 0 
4118 5 2 6 397 473 -1 -1 -1 0 
4119 5 2 5 397 474 -1 -1 -1 0 
4120 5 2 6 396 473 -1 -1 -1 0 
4121 5 2 6 396 473 -1 -1 -1 0 
4122 5 1 6 397 473 -1 -1 -1 0 
4123 5 1 6 397 473 -1 -1 -1 0 
4124 5 1 5 399 474 -1 -1 -1 0 
4125 5 2 5 397 474 -1 -1 -1 0 
4126 5 2 6 397 473 -1 -1 -1 0 
4127 5 2 6 396 473 -1 -1 -1 0 
4128 5 1 6 397 473 -1 -1 -1 0 
4129 5 1 5 397 474 -1 -1 -1 0 
4130 5 1 5 397 474 -1 -1 -1 0 
4131 5 2 6 396 473 -1 -1 -1 0 
4132 5 1 6 398 473 -1 -1 -1 0 
4133 5 1 6 398 473 -1 -1 -1 0 
4134 5 1 5 399 474 -1 -1 -1 0 
4135 5 1 6 399 473 -1 -1 -1 0 
4136 5 1 6 399 473 -1 -1 -1 0 
4137 5 1 6 398 473 -1 -1 -1 0 
4138 5 2 6 397 473 -1 -1 -1 0 
4139 5 2 6 396 473 -1 -1 -1 0 
4140 5 1 5 398 474 -1 -1 -1 0 
4141 5 1 4 399 474 -1 -1 -1 0 
4142 5 2 4 398 475 -1 -1 -1 0 
4143 5 1 5 399 474 -1 -1 -1 0 
4144 5 2 5 398 474 -1 -1 -1 0 
4145 5 1 4 400 474 -1 -1 -1 0 
4146 5 3 4 397 475 -1 -1 -1 0 
4147 5 1 5 400 474 -1 -1 -1 0 
4148 5 1 5 400 474 -1 -1 -1 0 
4149 5 1 5 399 474 -1 -1 -1 0 
4150 5 2 4 398 475 -1 -1 -1 0 
4151 5 2 4 398 475 -1 -1 -1 0 
4152 5 2 4 397 475 -1 -1 -1 0 
4153 5 1 5 399 474 -1 -1 -1 0 
4154 5 2 5 398 474 -1 -1 -1 0 
4155 5 1 5 399 474 -1 -1 -1 0 
4156 5 3 4 396 475 -1 -1 -1 0 
4157 5 1 5 399 474 -1 -1 -1 0 
4158 5 2 5 398 474 -1 -1 -1 0 
4159 5 2 4 399 475 -1 -1 -1 0 
4160 5 3 5 398 473 -1 -1 -1 0 
4161 5 3 5 397 474 -1 -1 -1 0 
4162 5 2 5 399 474 -1 -1 -1 0 
4163 5 3 4 398 475 -1 -1 -1 0 
4164 5 3 5 398 474 -1 -1 -1 0 
4165 5 3 5 397 474 -1 -1 -1 0 
4166 5 2 6 398 473 -1 -1 -1 0 
4167 5 2 5 397 474 -1 -1 -1 0 
4168 5 3 5 396 474 -1 -1 -1 0 
4169 5 2 5 397 474 -1 -1 -1 0 
4170 5 1 6 398 473 -1 -1 -1 0 
4171 5 2 7 397 472 -1 -1 -1 0 
4172 5 1 4 398 475 -1 -1 -1 0 
4173 5 2 5 397 474 -1 -1 -1 0 
4174 5 1 5 399 474 -1 -1 -1 0 
4175 5 2 5 399 474 -1 -1 -1 0 
