3 1 217 18 422 460 -1 -1 -1 0 
4 1 217 21 422 457 -1 -1 -1 0 
5 1 218 26 421 452 -1 -1 -1 0 
6 1 219 29 420 448 -1 -1 -1 0 
7 1 218 29 421 448 -1 -1 -1 0 
8 1 218 28 421 449 -1 -1 -1 0 
9 1 216 29 423 447 -1 -1 -1 0 
10 1 217 34 420 438 -1 -1 -1 0 
11 1 217 35 420 436 -1 -1 -1 0 
12 1 217 41 419 428 -1 -1 -1 0 
13 1 218 43 418 426 -1 -1 -1 0 
14 1 219 44 418 425 -1 -1 -1 0 
15 1 218 45 420 425 -1 -1 -1 0 
16 1 216 47 423 422 -1 -1 -1 0 
17 1 217 47 422 423 -1 -1 -1 0 
18 1 216 48 423 421 -1 -1 -1 0 
19 1 215 51 424 422 -1 -1 -1 0 
20 1 214 56 425 415 -1 -1 -1 0 
21 1 214 51 425 425 -1 -1 -1 0 
22 1 214 52 425 425 -1 -1 -1 0 
23 1 214 55 425 424 -1 -1 -1 0 
24 1 213 61 426 417 -1 -1 -1 0 
25 1 214 63 425 416 -1 -1 -1 0 
26 1 215 62 424 417 -1 -1 -1 0 
27 1 214 69 425 408 -1 -1 -1 0 
28 1 221 73 418 403 -1 -1 -1 0 
29 1 236 83 403 391 -1 -1 -1 0 
30 1 264 86 373 389 -1 -1 -1 0 
31 1 329 86 307 393 -1 -1 -1 0 
32 1 368 82 268 395 -1 -1 -1 0 
33 1 407 87 232 385 -1 -1 -1 0 
34 1 412 89 227 382 -1 -1 -1 0 
35 1 422 90 217 384 -1 -1 -1 0 
36 1 444 87 195 391 -1 -1 -1 0 
37 1 453 88 186 390 -1 -1 -1 0 
38 1 459 86 180 391 -1 -1 -1 0 
39 1 456 78 183 401 -1 -1 -1 0 
40 1 475 86 164 387 -1 -1 -1 0 
41 1 477 87 162 386 -1 -1 -1 0 
42 1 481 89 158 385 -1 -1 -1 0 
43 1 487 86 152 388 -1 -1 -1 0 
44 1 492 84 147 387 -1 -1 -1 0 
45 1 495 77 144 393 -1 -1 -1 0 
46 1 497 75 142 396 -1 -1 -1 0 
47 1 501 75 138 396 -1 -1 -1 0 
48 1 502 73 137 398 -1 -1 -1 0 
49 1 504 77 135 392 -1 -1 -1 0 
50 1 506 80 133 389 -1 -1 -1 0 
51 1 506 82 133 388 -1 -1 -1 0 
52 1 507 82 131 389 -1 -1 -1 0 
53 1 507 83 132 388 -1 -1 -1 0 
54 1 507 83 132 388 -1 -1 -1 0 
55 1 507 84 132 387 -1 -1 -1 0 
56 1 507 84 131 387 -1 -1 -1 0 
57 1 507 84 131 387 -1 -1 -1 0 
58 1 507 84 131 387 -1 -1 -1 0 
59 1 507 81 131 390 -1 -1 -1 0 
60 1 506 82 133 388 -1 -1 -1 0 
61 1 507 82 131 389 -1 -1 -1 0 
62 1 506 85 133 386 -1 -1 -1 0 
63 1 507 84 131 386 -1 -1 -1 0 
64 1 507 85 132 389 -1 -1 -1 0 
65 1 507 85 132 389 -1 -1 -1 0 
66 1 507 84 132 389 -1 -1 -1 0 
67 1 506 85 133 388 -1 -1 -1 0 
68 1 507 85 132 389 -1 -1 -1 0 
69 1 506 85 133 389 -1 -1 -1 0 
70 1 506 85 133 385 -1 -1 -1 0 
71 1 506 84 133 389 -1 -1 -1 0 
72 1 506 84 133 387 -1 -1 -1 0 
73 1 507 83 132 387 -1 -1 -1 0 
74 1 506 85 133 385 -1 -1 -1 0 
75 1 507 83 131 388 -1 -1 -1 0 
76 1 506 86 133 388 -1 -1 -1 0 
77 1 506 85 133 389 -1 -1 -1 0 
78 1 505 85 134 386 -1 -1 -1 0 
79 1 505 85 134 386 -1 -1 -1 0 
80 1 502 89 137 385 -1 -1 -1 0 
81 1 499 90 140 384 -1 -1 -1 0 
82 1 497 93 142 380 -1 -1 -1 0 
83 1 495 93 144 381 -1 -1 -1 0 
84 1 488 92 151 379 -1 -1 -1 0 
85 1 482 91 157 384 -1 -1 -1 0 
86 1 481 91 158 385 -1 -1 -1 0 
87 1 472 90 167 385 -1 -1 -1 0 
88 1 467 93 172 383 -1 -1 -1 0 
89 1 460 93 178 383 -1 -1 -1 0 
90 1 455 93 183 383 -1 -1 -1 0 
91 1 451 94 187 385 -1 -1 -1 0 
92 1 444 93 194 386 -1 -1 -1 0 
93 1 438 93 201 386 -1 -1 -1 0 
94 1 432 92 207 383 -1 -1 -1 0 
95 1 422 91 216 384 -1 -1 -1 0 
96 1 417 94 222 382 -1 -1 -1 0 
97 1 412 96 225 382 -1 -1 -1 0 
98 1 405 97 233 381 -1 -1 -1 0 
99 1 400 94 239 385 -1 -1 -1 0 
100 1 391 98 248 381 -1 -1 -1 0 
101 1 390 98 248 381 -1 -1 -1 0 
102 1 383 99 256 380 -1 -1 -1 0 
103 1 381 98 258 381 -1 -1 -1 0 
104 1 376 96 262 383 -1 -1 -1 0 
105 1 372 98 265 381 -1 -1 -1 0 
106 1 369 100 267 379 -1 -1 -1 0 
107 1 368 103 268 375 -1 -1 -1 0 
108 1 365 106 269 372 -1 -1 -1 0 
109 1 363 106 269 373 -1 -1 -1 0 
110 1 360 108 269 371 -1 -1 -1 0 
111 1 358 108 270 371 -1 -1 -1 0 
112 1 353 108 275 371 -1 -1 -1 0 
113 1 353 108 272 371 -1 -1 -1 0 
114 1 352 110 263 369 -1 -1 -1 0 
115 1 350 111 263 368 -1 -1 -1 0 
116 1 345 109 269 369 -1 -1 -1 0 
117 1 344 109 269 369 -1 -1 -1 0 
118 1 339 112 274 366 -1 -1 -1 0 
119 1 336 112 274 367 -1 -1 -1 0 
120 1 331 108 278 371 -1 -1 -1 0 
121 1 326 107 283 372 -1 -1 -1 0 
122 1 318 106 289 373 -1 -1 -1 0 
123 1 312 105 289 374 -1 -1 -1 0 
124 1 308 104 290 375 -1 -1 -1 0 
125 1 304 97 286 382 -1 -1 -1 0 
126 1 295 96 293 383 -1 -1 -1 0 
127 1 292 96 293 383 -1 -1 -1 0 
128 1 289 97 288 382 -1 -1 -1 0 
129 1 283 97 294 382 -1 -1 -1 0 
130 1 280 98 302 381 -1 -1 -1 0 
131 1 275 97 300 382 -1 -1 -1 0 
132 1 268 96 298 383 -1 -1 -1 0 
133 1 265 96 298 383 -1 -1 -1 0 
134 1 265 96 293 383 -1 -1 -1 0 
135 1 262 95 291 384 -1 -1 -1 0 
136 1 260 94 289 385 -1 -1 -1 0 
137 1 256 95 290 384 -1 -1 -1 0 
138 1 253 95 291 384 -1 -1 -1 0 
139 1 252 95 290 384 -1 -1 -1 0 
140 1 249 94 294 385 -1 -1 -1 0 
141 1 249 93 292 386 -1 -1 -1 0 
142 1 248 92 291 387 -1 -1 -1 0 
143 1 247 91 293 388 -1 -1 -1 0 
144 1 247 91 295 388 -1 -1 -1 0 
145 1 247 91 295 388 -1 -1 -1 0 
146 1 249 91 294 388 -1 -1 -1 0 
147 1 249 92 295 387 -1 -1 -1 0 
148 1 251 93 292 386 -1 -1 -1 0 
149 1 253 94 289 385 -1 -1 -1 0 
150 1 252 94 290 385 -1 -1 -1 0 
151 1 253 95 289 384 -1 -1 -1 0 
152 1 254 96 288 383 -1 -1 -1 0 
153 1 255 97 286 382 -1 -1 -1 0 
154 1 255 96 285 383 -1 -1 -1 0 
155 1 255 96 285 383 -1 -1 -1 0 
156 1 256 95 284 384 -1 -1 -1 0 
157 1 256 94 284 385 -1 -1 -1 0 
158 1 256 93 285 385 -1 -1 -1 0 
159 1 257 94 283 384 -1 -1 -1 0 
160 1 258 94 281 385 -1 -1 -1 0 
161 1 257 94 283 384 -1 -1 -1 0 
162 1 258 93 282 385 -1 -1 -1 0 
163 1 259 93 280 386 -1 -1 -1 0 
164 1 258 93 282 385 -1 -1 -1 0 
165 1 258 93 282 385 -1 -1 -1 0 
166 1 257 93 282 385 -1 -1 -1 0 
167 1 258 93 282 385 -1 -1 -1 0 
168 1 259 93 281 385 -1 -1 -1 0 
169 1 257 93 283 385 -1 -1 -1 0 
170 1 258 94 282 384 -1 -1 -1 0 
171 1 258 93 282 384 -1 -1 -1 0 
172 1 258 94 282 383 -1 -1 -1 0 
173 1 258 93 282 385 -1 -1 -1 0 
174 1 258 93 283 385 -1 -1 -1 0 
175 1 258 93 282 385 -1 -1 -1 0 
176 1 258 92 281 386 -1 -1 -1 0 
177 1 258 93 282 385 -1 -1 -1 0 
178 1 258 93 282 384 -1 -1 -1 0 
179 1 259 93 281 385 -1 -1 -1 0 
180 1 259 93 281 385 -1 -1 -1 0 
181 1 258 92 281 385 -1 -1 -1 0 
182 1 259 92 280 385 -1 -1 -1 0 
183 1 258 92 282 386 -1 -1 -1 0 
184 1 259 93 281 385 -1 -1 -1 0 
185 1 258 92 282 385 -1 -1 -1 0 
186 1 259 92 281 386 -1 -1 -1 0 
187 1 258 93 282 385 -1 -1 -1 0 
188 1 259 93 281 385 -1 -1 -1 0 
189 1 258 93 281 385 -1 -1 -1 0 
190 1 258 92 281 385 -1 -1 -1 0 
191 1 258 92 281 385 -1 -1 -1 0 
192 1 258 93 281 385 -1 -1 -1 0 
193 1 259 93 280 385 -1 -1 -1 0 
194 1 259 93 281 385 -1 -1 -1 0 
195 1 259 93 281 384 -1 -1 -1 0 
196 1 259 94 281 384 -1 -1 -1 0 
197 1 258 94 282 383 -1 -1 -1 0 
198 1 259 94 280 384 -1 -1 -1 0 
199 1 259 94 281 384 -1 -1 -1 0 
200 1 258 94 282 383 -1 -1 -1 0 
201 1 259 94 280 384 -1 -1 -1 0 
202 1 258 94 282 384 -1 -1 -1 0 
203 1 258 95 282 383 -1 -1 -1 0 
204 1 259 95 281 383 -1 -1 -1 0 
205 1 259 95 281 383 -1 -1 -1 0 
206 1 258 95 281 383 -1 -1 -1 0 
207 1 258 95 282 382 -1 -1 -1 0 
208 1 258 95 283 383 -1 -1 -1 0 
209 1 257 95 285 384 -1 -1 -1 0 
210 1 258 94 283 385 -1 -1 -1 0 
211 1 256 93 285 385 -1 -1 -1 0 
212 1 255 93 287 385 -1 -1 -1 0 
213 1 256 92 285 385 -1 -1 -1 0 
214 1 255 91 287 386 -1 -1 -1 0 
215 1 253 91 289 386 -1 -1 -1 0 
216 1 252 91 289 387 -1 -1 -1 0 
217 1 251 92 289 386 -1 -1 -1 0 
218 1 251 91 290 387 -1 -1 -1 0 
219 1 251 91 289 386 -1 -1 -1 0 
220 1 250 90 291 386 -1 -1 -1 0 
221 1 251 90 290 387 -1 -1 -1 0 
222 1 251 89 289 388 -1 -1 -1 0 
223 1 250 89 291 389 -1 -1 -1 0 
224 1 250 89 290 389 -1 -1 -1 0 
225 1 250 89 291 389 -1 -1 -1 0 
226 1 250 89 292 388 -1 -1 -1 0 
227 1 251 89 290 388 -1 -1 -1 0 
228 1 251 88 290 390 -1 -1 -1 0 
229 1 250 88 291 390 -1 -1 -1 0 
230 1 249 88 292 390 -1 -1 -1 0 
231 1 250 88 290 389 -1 -1 -1 0 
232 1 251 88 290 389 -1 -1 -1 0 
233 1 250 89 291 388 -1 -1 -1 0 
234 1 251 89 290 388 -1 -1 -1 0 
235 1 251 89 290 389 -1 -1 -1 0 
236 1 253 89 288 388 -1 -1 -1 0 
237 1 254 90 287 387 -1 -1 -1 0 
238 1 255 90 287 388 -1 -1 -1 0 
239 1 256 92 288 387 -1 -1 -1 0 
240 1 256 93 289 386 -1 -1 -1 0 
241 1 258 93 289 386 -1 -1 -1 0 
242 1 258 93 290 386 -1 -1 -1 0 
243 1 260 95 289 384 -1 -1 -1 0 
244 1 262 96 287 383 -1 -1 -1 0 
245 1 265 99 287 380 -1 -1 -1 0 
246 1 266 100 289 379 -1 -1 -1 0 
247 1 268 99 289 380 -1 -1 -1 0 
248 1 273 100 284 379 -1 -1 -1 0 
249 1 277 101 279 378 -1 -1 -1 0 
250 1 284 101 269 378 -1 -1 -1 0 
251 1 286 101 269 378 -1 -1 -1 0 
252 1 289 102 268 377 -1 -1 -1 0 
253 1 290 103 269 376 -1 -1 -1 0 
254 1 291 104 268 375 -1 -1 -1 0 
255 1 293 104 267 375 -1 -1 -1 0 
256 1 295 105 263 374 -1 -1 -1 0 
257 1 289 107 262 371 -1 -1 -1 0 
258 1 272 110 276 369 -1 -1 -1 0 
259 1 262 114 284 365 -1 -1 -1 0 
260 1 257 116 288 362 -1 -1 -1 0 
261 1 249 117 294 360 -1 -1 -1 0 
262 1 246 117 296 361 -1 -1 -1 0 
263 1 243 117 297 361 -1 -1 -1 0 
264 1 241 117 294 362 -1 -1 -1 0 
265 1 239 119 297 360 -1 -1 -1 0 
266 1 241 120 294 359 -1 -1 -1 0 
267 1 245 121 289 358 -1 -1 -1 0 
268 1 243 120 295 359 -1 -1 -1 0 
269 1 247 119 285 359 -1 -1 -1 0 
270 1 253 119 277 358 -1 -1 -1 0 
271 1 262 119 265 357 -1 -1 -1 0 
272 1 271 119 253 356 -1 -1 -1 0 
273 1 264 117 251 358 -1 -1 -1 0 
274 1 246 124 267 347 -1 -1 -1 0 
275 1 244 120 259 349 -1 -1 -1 0 
276 1 249 120 240 344 -1 -1 -1 0 
277 1 249 119 235 346 -1 -1 -1 0 
278 1 236 123 243 351 -1 -1 -1 0 
279 1 235 128 241 346 -1 -1 -1 0 
280 1 236 133 231 343 -1 -1 -1 0 
281 1 236 138 215 336 -1 -1 -1 0 
282 1 237 141 206 333 -1 -1 -1 0 
283 1 238 144 203 330 -1 -1 -1 0 
284 1 242 143 201 331 -1 -1 -1 0 
285 1 244 137 194 336 -1 -1 -1 0 
286 1 243 137 195 336 -1 -1 -1 0 
287 1 248 122 190 345 -1 -1 -1 0 
288 1 248 121 190 345 -1 -1 -1 0 
289 1 256 86 190 393 -1 -1 -1 0 
290 1 255 85 192 394 -1 -1 -1 0 
291 1 269 62 196 417 -1 -1 -1 0 
292 1 270 55 204 424 -1 -1 -1 0 
293 1 277 43 203 434 -1 -1 -1 0 
294 1 278 42 203 434 -1 -1 -1 0 
295 1 281 41 205 427 -1 -1 -1 0 
296 1 282 41 204 426 -1 -1 -1 0 
297 1 280 43 206 423 -1 -1 -1 0 
298 1 279 42 207 419 -1 -1 -1 0 
299 1 278 44 206 417 -1 -1 -1 0 
300 1 276 46 207 417 -1 -1 -1 0 
301 1 276 46 207 417 -1 -1 -1 0 
302 1 273 57 204 408 -1 -1 -1 0 
303 1 273 57 204 408 -1 -1 -1 0 
304 1 272 71 196 394 -1 -1 -1 0 
305 1 272 74 191 387 -1 -1 -1 0 
306 1 271 74 187 387 -1 -1 -1 0 
307 1 271 75 186 386 -1 -1 -1 0 
308 1 266 76 183 379 -1 -1 -1 0 
309 1 257 78 187 382 -1 -1 -1 0 
310 1 256 79 187 382 -1 -1 -1 0 
311 1 252 82 182 376 -1 -1 -1 0 
312 1 251 83 182 374 -1 -1 -1 0 
313 1 249 98 177 366 -1 -1 -1 0 
314 1 248 99 177 365 -1 -1 -1 0 
315 1 248 99 177 366 -1 -1 -1 0 
316 1 263 112 167 356 -1 -1 -1 0 
317 1 264 113 166 356 -1 -1 -1 0 
318 1 270 116 161 349 -1 -1 -1 0 
319 1 273 117 160 348 -1 -1 -1 0 
320 1 274 117 159 348 -1 -1 -1 0 
321 1 281 119 158 348 -1 -1 -1 0 
322 1 283 122 157 344 -1 -1 -1 0 
323 1 284 123 156 343 -1 -1 -1 0 
324 1 284 126 153 340 -1 -1 -1 0 
325 1 284 127 153 340 -1 -1 -1 0 
326 1 280 129 154 338 -1 -1 -1 0 
327 1 279 132 153 335 -1 -1 -1 0 
328 1 279 133 152 334 -1 -1 -1 0 
329 1 274 134 154 335 -1 -1 -1 0 
330 1 263 139 132 336 -1 -1 -1 0 
331 1 262 140 132 336 -1 -1 -1 0 
332 1 263 140 126 337 -1 -1 -1 0 
333 1 264 141 126 338 -1 -1 -1 0 
334 1 264 141 126 338 -1 -1 -1 0 
335 1 266 140 109 329 -1 -1 -1 0 
336 1 265 140 109 328 -1 -1 -1 0 
337 1 265 140 109 328 -1 -1 -1 0 
338 1 250 144 108 327 -1 -1 -1 0 
339 1 249 145 108 327 -1 -1 -1 0 
340 1 249 145 108 327 -1 -1 -1 0 
341 1 235 142 114 330 -1 -1 -1 0 
342 1 224 140 116 337 -1 -1 -1 0 
343 1 220 140 121 338 -1 -1 -1 0 
344 1 219 140 122 337 -1 -1 -1 0 
345 1 217 139 125 338 -1 -1 -1 0 
346 1 217 138 127 339 -1 -1 -1 0 
347 1 218 138 133 337 -1 -1 -1 0 
348 1 222 138 138 335 -1 -1 -1 0 
349 1 228 140 152 332 -1 -1 -1 0 
350 1 236 141 166 331 -1 -1 -1 0 
351 1 239 142 168 331 -1 -1 -1 0 
352 1 246 144 164 335 -1 -1 -1 0 
353 1 245 143 171 336 -1 -1 -1 0 
354 1 254 145 160 326 -1 -1 -1 0 
355 1 258 146 162 320 -1 -1 -1 0 
356 1 279 145 154 319 -1 -1 -1 0 
357 1 298 142 140 311 -1 -1 -1 0 
358 1 318 141 126 318 -1 -1 -1 0 
359 1 323 141 127 312 -1 -1 -1 0 
360 1 334 140 117 321 -1 -1 -1 0 
361 1 337 140 117 316 -1 -1 -1 0 
362 1 341 141 116 315 -1 -1 -1 0 
363 1 342 144 116 311 -1 -1 -1 0 
364 1 343 145 117 311 -1 -1 -1 0 
365 1 344 145 117 313 -1 -1 -1 0 
366 1 344 145 118 313 -1 -1 -1 0 
367 1 345 145 117 315 -1 -1 -1 0 
368 1 345 145 117 314 -1 -1 -1 0 
369 1 342 145 118 307 -1 -1 -1 0 
370 1 328 143 132 307 -1 -1 -1 0 
371 1 322 142 137 309 -1 -1 -1 0 
372 1 302 141 153 314 -1 -1 -1 0 
373 1 295 143 158 314 -1 -1 -1 0 
374 1 252 148 196 314 -1 -1 -1 0 
375 1 239 151 205 312 -1 -1 -1 0 
376 1 232 153 207 313 -1 -1 -1 0 
377 1 212 174 214 302 -1 -1 -1 0 
378 1 206 167 205 304 -1 -1 -1 0 
379 1 206 164 202 307 -1 -1 -1 0 
380 1 234 156 159 306 -1 -1 -1 0 
381 1 231 151 149 302 -1 -1 -1 0 
382 1 219 144 129 281 -1 -1 -1 0 
383 1 212 143 128 260 -1 -1 -1 0 
384 1 203 142 122 270 -1 -1 -1 0 
385 1 198 138 128 297 -1 -1 -1 0 
386 1 194 137 131 303 -1 -1 -1 0 
387 1 188 135 130 305 -1 -1 -1 0 
388 1 184 134 129 303 -1 -1 -1 0 
389 1 184 134 128 301 -1 -1 -1 0 
390 1 183 135 130 300 -1 -1 -1 0 
391 1 184 134 131 301 -1 -1 -1 0 
392 1 184 134 133 305 -1 -1 -1 0 
393 1 185 134 135 307 -1 -1 -1 0 
394 1 192 137 136 311 -1 -1 -1 0 
395 1 196 137 132 308 -1 -1 -1 0 
396 1 204 137 128 307 -1 -1 -1 0 
397 1 208 138 125 301 -1 -1 -1 0 
398 1 218 139 126 266 -1 -1 -1 0 
399 1 225 135 123 284 -1 -1 -1 0 
400 1 228 130 134 330 -1 -1 -1 0 
401 1 226 129 143 334 -1 -1 -1 0 
402 1 235 127 141 338 -1 -1 -1 0 
403 1 242 128 140 339 -1 -1 -1 0 
404 1 251 127 138 338 -1 -1 -1 0 
405 1 255 126 136 339 -1 -1 -1 0 
406 1 259 127 136 311 -1 -1 -1 0 
407 1 260 128 137 305 -1 -1 -1 0 
408 1 265 128 135 303 -1 -1 -1 0 
409 1 265 128 136 292 -1 -1 -1 0 
410 1 268 127 135 298 -1 -1 -1 0 
411 1 268 122 137 330 -1 -1 -1 0 
412 1 270 119 141 339 -1 -1 -1 0 
413 1 270 115 144 346 -1 -1 -1 0 
414 1 270 109 148 353 -1 -1 -1 0 
415 1 270 105 150 350 -1 -1 -1 0 
416 1 272 101 151 359 -1 -1 -1 0 
417 1 272 101 153 354 -1 -1 -1 0 
418 1 275 98 154 361 -1 -1 -1 0 
419 1 278 97 154 367 -1 -1 -1 0 
420 1 281 96 156 371 -1 -1 -1 0 
421 1 282 95 159 371 -1 -1 -1 0 
422 1 285 90 160 379 -1 -1 -1 0 
423 1 287 87 163 383 -1 -1 -1 0 
424 1 289 84 174 381 -1 -1 -1 0 
425 1 291 81 176 387 -1 -1 -1 0 
426 1 293 73 183 404 -1 -1 -1 0 
427 1 293 70 188 406 -1 -1 -1 0 
428 1 296 65 187 412 -1 -1 -1 0 
429 1 296 62 183 411 -1 -1 -1 0 
430 1 295 60 181 413 -1 -1 -1 0 
431 1 294 58 183 416 -1 -1 -1 0 
432 1 292 56 183 419 -1 -1 -1 0 
433 1 287 46 186 418 -1 -1 -1 0 
434 1 283 43 188 417 -1 -1 -1 0 
435 1 275 32 199 427 -1 -1 -1 0 
436 1 270 27 208 430 -1 -1 -1 0 
437 1 262 21 231 435 -1 -1 -1 0 
438 1 256 14 252 443 -1 -1 -1 0 
439 1 257 14 252 443 -1 -1 -1 0 
440 1 255 10 275 452 -1 -1 -1 0 
441 1 264 2 258 461 -1 -1 -1 0 
442 1 274 0 248 469 -1 -1 -1 0 
443 1 279 0 247 471 -1 -1 -1 0 
444 1 285 0 246 474 -1 -1 -1 0 
445 1 290 0 251 479 -1 -1 -1 0 
446 1 288 0 268 479 -1 -1 -1 0 
447 1 286 0 277 479 -1 -1 -1 0 
448 1 285 0 283 479 -1 -1 -1 0 
449 1 283 0 291 479 -1 -1 -1 0 
450 1 287 0 296 479 -1 -1 -1 0 
451 1 290 0 300 479 -1 -1 -1 0 
452 1 293 0 307 479 -1 -1 -1 0 
453 1 294 0 313 479 -1 -1 -1 0 
454 1 293 5 327 474 -1 -1 -1 0 
455 1 294 6 332 472 -1 -1 -1 0 
456 1 288 0 348 479 -1 -1 -1 0 
457 1 286 0 353 479 -1 -1 -1 0 
458 1 290 2 349 476 -1 -1 -1 0 
459 1 289 1 350 478 -1 -1 -1 0 
460 1 286 2 353 474 -1 -1 -1 0 
461 1 287 2 352 471 -1 -1 -1 0 
462 1 286 4 353 472 -1 -1 -1 0 
463 1 285 4 354 470 -1 -1 -1 0 
464 1 283 2 356 470 -1 -1 -1 0 
465 1 281 1 358 470 -1 -1 -1 0 
466 1 274 2 365 471 -1 -1 -1 0 
467 1 270 1 369 472 -1 -1 -1 0 
468 1 268 1 371 471 -1 -1 -1 0 
469 1 265 3 369 466 -1 -1 -1 0 
470 1 259 4 380 465 -1 -1 -1 0 
471 1 255 5 384 464 -1 -1 -1 0 
472 1 251 4 388 466 -1 -1 -1 0 
473 1 237 2 402 466 -1 -1 -1 0 
474 1 229 4 410 464 -1 -1 -1 0 
475 1 195 4 444 463 -1 -1 -1 0 
476 1 146 0 493 471 -1 -1 -1 0 
477 1 125 0 508 474 -1 -1 -1 0 
478 1 83 0 556 477 -1 -1 -1 0 
479 1 73 0 563 473 -1 -1 -1 0 
480 1 79 0 551 476 -1 -1 -1 0 
481 1 50 0 558 479 -1 -1 -1 0 
482 1 45 0 560 477 -1 -1 -1 0 
483 1 44 0 575 478 -1 -1 -1 0 
484 1 35 0 598 473 -1 -1 -1 0 
485 1 28 0 611 473 -1 -1 -1 0 
486 1 27 0 608 474 -1 -1 -1 0 
487 1 21 0 583 476 -1 -1 -1 0 
488 1 24 0 589 477 -1 -1 -1 0 
489 1 23 0 593 476 -1 -1 -1 0 
490 1 23 0 601 475 -1 -1 -1 0 
491 1 34 0 590 478 -1 -1 -1 0 
492 1 29 0 587 478 -1 -1 -1 0 
493 1 29 0 588 474 -1 -1 -1 0 
494 1 27 0 513 479 -1 -1 -1 0 
495 1 20 0 518 477 -1 -1 -1 0 
496 1 10 0 527 473 -1 -1 -1 0 
497 1 14 0 521 474 -1 -1 -1 0 
498 1 17 0 525 479 -1 -1 -1 0 
499 1 21 0 512 476 -1 -1 -1 0 
500 1 20 0 523 476 -1 -1 -1 0 
501 1 18 0 540 478 -1 -1 -1 0 
502 1 22 0 540 479 -1 -1 -1 0 
503 1 22 0 546 476 -1 -1 -1 0 
504 1 23 0 548 474 -1 -1 -1 0 
505 1 25 0 531 474 -1 -1 -1 0 
506 1 12 0 575 474 -1 -1 -1 0 
507 1 14 0 543 468 -1 -1 -1 0 
508 1 6 0 561 473 -1 -1 -1 0 
509 1 5 0 565 474 -1 -1 -1 0 
510 1 2 0 570 473 -1 -1 -1 0 
511 1 5 0 562 472 -1 -1 -1 0 
512 1 5 0 562 471 -1 -1 -1 0 
513 1 0 0 553 473 -1 -1 -1 0 
514 1 2 0 544 475 -1 -1 -1 0 
515 1 1 0 526 471 -1 -1 -1 0 
516 1 1 0 527 471 -1 -1 -1 0 
517 1 1 0 534 470 -1 -1 -1 0 
518 1 3 0 529 468 -1 -1 -1 0 
519 1 2 0 530 469 -1 -1 -1 0 
520 1 1 0 531 468 -1 -1 -1 0 
521 1 5 0 525 471 -1 -1 -1 0 
522 1 7 0 520 470 -1 -1 -1 0 
523 1 3 3 526 464 -1 -1 -1 0 
524 1 4 5 528 464 -1 -1 -1 0 
525 1 1 9 530 457 -1 -1 -1 0 
526 1 3 9 528 457 -1 -1 -1 0 
527 1 8 4 525 463 -1 -1 -1 0 
528 1 5 3 534 467 -1 -1 -1 0 
529 1 6 9 536 455 -1 -1 -1 0 
530 1 3 11 545 455 -1 -1 -1 0 
531 1 6 1 548 473 -1 -1 -1 0 
532 1 19 0 568 470 -1 -1 -1 0 
533 1 12 0 591 471 -1 -1 -1 0 
534 1 36 0 581 477 -1 -1 -1 0 
535 1 8 0 627 479 -1 -1 -1 0 
536 1 97 3 528 472 -1 -1 -1 0 
537 1 35 0 604 473 -1 -1 -1 0 
538 1 32 0 607 478 -1 -1 -1 0 
540 1 9 2 630 476 -1 -1 -1 0 
541 1 8 7 631 472 -1 -1 -1 0 
542 1 9 6 630 467 -1 -1 -1 0 
543 1 4 10 635 455 -1 -1 -1 0 
544 1 12 6 622 456 -1 -1 -1 0 
545 1 7 2 632 460 -1 -1 -1 0 
546 1 6 6 633 459 -1 -1 -1 0 
547 1 4 7 634 458 -1 -1 -1 0 
548 1 9 11 630 456 -1 -1 -1 0 
549 1 13 8 626 460 -1 -1 -1 0 
550 1 15 7 623 464 -1 -1 -1 0 
551 1 52 11 587 468 -1 -1 -1 0 
552 1 52 10 587 457 -1 -1 -1 0 
553 1 54 8 585 457 -1 -1 -1 0 
554 1 47 9 592 464 -1 -1 -1 0 
555 1 50 9 589 467 -1 -1 -1 0 
556 1 49 5 590 474 -1 -1 -1 0 
557 1 49 3 590 476 -1 -1 -1 0 
558 1 49 6 590 473 -1 -1 -1 0 
559 1 51 1 588 478 -1 -1 -1 0 
560 1 55 1 584 478 -1 -1 -1 0 
561 1 40 10 599 465 -1 -1 -1 0 
562 1 36 15 603 457 -1 -1 -1 0 
563 1 48 2 591 477 -1 -1 -1 0 
564 1 50 7 589 472 -1 -1 -1 0 
565 1 60 8 579 471 -1 -1 -1 0 
566 1 64 6 575 473 -1 -1 -1 0 
567 1 67 6 572 473 -1 -1 -1 0 
568 1 65 6 574 473 -1 -1 -1 0 
569 1 68 7 571 472 -1 -1 -1 0 
570 1 71 7 568 470 -1 -1 -1 0 
571 1 66 8 573 469 -1 -1 -1 0 
572 1 68 10 571 468 -1 -1 -1 0 
573 1 66 12 573 466 -1 -1 -1 0 
574 1 64 15 575 461 -1 -1 -1 0 
575 1 65 14 574 460 -1 -1 -1 0 
576 1 62 14 577 459 -1 -1 -1 0 
577 1 64 14 575 458 -1 -1 -1 0 
578 1 63 10 576 465 -1 -1 -1 0 
579 1 65 7 574 468 -1 -1 -1 0 
580 1 72 10 567 461 -1 -1 -1 0 
581 1 72 10 567 461 -1 -1 -1 0 
582 1 75 9 564 463 -1 -1 -1 0 
583 1 67 0 572 471 -1 -1 -1 0 
584 1 67 0 572 473 -1 -1 -1 0 
585 1 67 0 572 469 -1 -1 -1 0 
586 1 60 0 579 474 -1 -1 -1 0 
587 1 56 3 583 470 -1 -1 -1 0 
588 1 55 7 584 467 -1 -1 -1 0 
589 1 59 13 580 457 -1 -1 -1 0 
590 1 56 13 583 459 -1 -1 -1 0 
591 1 57 11 582 460 -1 -1 -1 0 
592 1 55 8 584 465 -1 -1 -1 0 
593 1 54 13 585 455 -1 -1 -1 0 
594 1 58 10 581 459 -1 -1 -1 0 
595 1 53 10 586 460 -1 -1 -1 0 
596 1 56 12 583 454 -1 -1 -1 0 
597 1 57 13 582 453 -1 -1 -1 0 
598 1 57 14 582 453 -1 -1 -1 0 
599 1 66 11 573 452 -1 -1 -1 0 
600 1 66 12 573 451 -1 -1 -1 0 
601 1 69 13 570 451 -1 -1 -1 0 
602 1 77 12 562 460 -1 -1 -1 0 
603 1 74 8 565 461 -1 -1 -1 0 
604 1 75 2 564 469 -1 -1 -1 0 
605 1 69 3 570 466 -1 -1 -1 0 
606 1 63 14 576 453 -1 -1 -1 0 
607 1 57 13 582 452 -1 -1 -1 0 
608 1 58 12 581 457 -1 -1 -1 0 
609 1 58 11 581 459 -1 -1 -1 0 
610 1 58 10 581 459 -1 -1 -1 0 
611 1 61 12 578 456 -1 -1 -1 0 
612 1 64 11 575 457 -1 -1 -1 0 
613 1 66 10 573 459 -1 -1 -1 0 
614 1 66 12 573 456 -1 -1 -1 0 
615 1 66 14 573 455 -1 -1 -1 0 
616 1 67 15 572 455 -1 -1 -1 0 
617 1 71 15 568 455 -1 -1 -1 0 
618 1 12 22 626 443 -1 -1 -1 0 
619 1 8 23 622 441 -1 -1 -1 0 
620 1 10 21 622 445 -1 -1 -1 0 
621 1 9 22 628 443 -1 -1 -1 0 
622 1 7 21 632 444 -1 -1 -1 0 
623 1 8 18 631 449 -1 -1 -1 0 
624 1 7 9 625 460 -1 -1 -1 0 
625 1 8 4 627 464 -1 -1 -1 0 
626 1 10 0 624 466 -1 -1 -1 0 
627 1 0 0 639 468 -1 -1 -1 0 
628 1 0 0 639 478 -1 -1 -1 0 
629 1 0 0 639 477 -1 -1 -1 0 
630 1 0 5 639 465 -1 -1 -1 0 
631 1 0 0 639 470 -1 -1 -1 0 
632 1 0 1 639 464 -1 -1 -1 0 
633 1 2 0 637 464 -1 -1 -1 0 
634 1 4 5 635 463 -1 -1 -1 0 
635 1 4 5 635 463 -1 -1 -1 0 
636 1 3 6 636 465 -1 -1 -1 0 
637 1 7 5 632 470 -1 -1 -1 0 
638 1 8 4 631 472 -1 -1 -1 0 
639 1 6 0 633 477 -1 -1 -1 0 
640 1 5 0 634 477 -1 -1 -1 0 
641 1 4 2 635 474 -1 -1 -1 0 
642 1 9 4 630 471 -1 -1 -1 0 
643 1 9 3 630 471 -1 -1 -1 0 
644 1 19 6 618 469 -1 -1 -1 0 
645 1 10 6 629 467 -1 -1 -1 0 
646 1 13 3 626 470 -1 -1 -1 0 
647 1 9 4 630 468 -1 -1 -1 0 
648 1 7 2 632 471 -1 -1 -1 0 
649 1 7 2 632 474 -1 -1 -1 0 
650 1 7 5 632 474 -1 -1 -1 0 
651 1 4 1 635 478 -1 -1 -1 0 
652 1 10 2 629 477 -1 -1 -1 0 
653 1 13 0 626 476 -1 -1 -1 0 
654 1 8 3 631 470 -1 -1 -1 0 
655 1 9 2 630 470 -1 -1 -1 0 
656 1 9 1 630 471 -1 -1 -1 0 
657 1 9 1 630 471 -1 -1 -1 0 
658 1 9 1 630 470 -1 -1 -1 0 
659 1 8 0 631 469 -1 -1 -1 0 
660 1 9 3 630 467 -1 -1 -1 0 
661 1 10 3 629 468 -1 -1 -1 0 
662 1 10 2 629 468 -1 -1 -1 0 
663 1 8 4 631 468 -1 -1 -1 0 
664 1 8 4 631 469 -1 -1 -1 0 
665 1 7 6 632 469 -1 -1 -1 0 
