3 1 271 71 179 400 -1 -1 -1 0 
4 1 272 71 173 399 -1 -1 -1 0 
5 1 272 68 172 403 -1 -1 -1 0 
6 1 270 70 172 404 -1 -1 -1 0 
7 1 268 69 172 406 -1 -1 -1 0 
8 1 265 70 174 403 -1 -1 -1 0 
9 1 265 73 173 398 -1 -1 -1 0 
10 1 265 74 173 397 -1 -1 -1 0 
11 1 264 75 176 395 -1 -1 -1 0 
12 1 264 77 179 392 -1 -1 -1 0 
13 1 264 78 183 390 -1 -1 -1 0 
14 1 262 79 201 390 -1 -1 -1 0 
15 1 261 80 214 388 -1 -1 -1 0 
16 1 254 82 252 384 -1 -1 -1 0 
17 1 254 84 269 382 -1 -1 -1 0 
18 1 255 87 275 379 -1 -1 -1 0 
19 1 257 88 274 379 -1 -1 -1 0 
20 1 258 87 272 380 -1 -1 -1 0 
21 1 259 88 256 379 -1 -1 -1 0 
22 1 261 83 234 385 -1 -1 -1 0 
23 1 263 85 212 384 -1 -1 -1 0 
24 1 264 82 200 388 -1 -1 -1 0 
25 1 266 79 191 389 -1 -1 -1 0 
26 1 268 75 189 395 -1 -1 -1 0 
27 1 268 73 191 400 -1 -1 -1 0 
28 1 276 74 187 396 -1 -1 -1 0 
29 1 274 73 194 395 -1 -1 -1 0 
30 1 278 74 193 393 -1 -1 -1 0 
31 1 281 74 192 393 -1 -1 -1 0 
32 1 283 73 193 396 -1 -1 -1 0 
33 1 289 72 187 398 -1 -1 -1 0 
34 1 291 73 186 396 -1 -1 -1 0 
35 1 295 73 183 394 -1 -1 -1 0 
36 1 296 73 184 396 -1 -1 -1 0 
37 1 298 73 183 397 -1 -1 -1 0 
38 1 301 72 181 398 -1 -1 -1 0 
39 1 302 71 179 398 -1 -1 -1 0 
40 1 303 70 180 398 -1 -1 -1 0 
41 1 304 69 180 400 -1 -1 -1 0 
42 1 302 66 185 404 -1 -1 -1 0 
43 1 301 66 187 404 -1 -1 -1 0 
44 1 294 69 191 401 -1 -1 -1 0 
45 1 288 75 196 395 -1 -1 -1 0 
46 1 273 75 204 400 -1 -1 -1 0 
47 1 267 74 204 402 -1 -1 -1 0 
48 1 256 72 205 402 -1 -1 -1 0 
49 1 249 74 200 397 -1 -1 -1 0 
50 1 233 74 200 396 -1 -1 -1 0 
51 1 231 71 191 400 -1 -1 -1 0 
52 1 226 76 191 393 -1 -1 -1 0 
53 1 221 73 185 399 -1 -1 -1 0 
54 1 217 72 184 401 -1 -1 -1 0 
55 1 216 72 182 400 -1 -1 -1 0 
56 1 217 74 180 396 -1 -1 -1 0 
57 1 218 75 179 394 -1 -1 -1 0 
58 1 220 75 176 393 -1 -1 -1 0 
59 1 222 75 176 394 -1 -1 -1 0 
60 1 222 75 175 394 -1 -1 -1 0 
61 1 222 76 176 392 -1 -1 -1 0 
62 1 223 75 174 393 -1 -1 -1 0 
63 1 224 76 173 392 -1 -1 -1 0 
64 1 224 76 173 391 -1 -1 -1 0 
65 1 225 77 172 391 -1 -1 -1 0 
66 1 225 76 172 393 -1 -1 -1 0 
67 1 226 76 172 394 -1 -1 -1 0 
68 1 226 74 173 395 -1 -1 -1 0 
69 1 227 73 172 396 -1 -1 -1 0 
70 1 227 73 173 396 -1 -1 -1 0 
71 1 228 74 173 396 -1 -1 -1 0 
72 1 228 75 172 395 -1 -1 -1 0 
73 1 228 74 173 397 -1 -1 -1 0 
74 1 228 73 172 398 -1 -1 -1 0 
75 1 228 74 172 397 -1 -1 -1 0 
76 1 228 75 173 396 -1 -1 -1 0 
77 1 228 74 173 397 -1 -1 -1 0 
78 1 227 73 173 397 -1 -1 -1 0 
79 1 228 73 172 397 -1 -1 -1 0 
80 1 228 73 173 397 -1 -1 -1 0 
81 1 228 74 172 396 -1 -1 -1 0 
82 1 228 73 171 397 -1 -1 -1 0 
83 1 227 72 172 398 -1 -1 -1 0 
84 1 227 73 173 397 -1 -1 -1 0 
85 1 228 72 171 398 -1 -1 -1 0 
86 1 227 72 173 398 -1 -1 -1 0 
87 1 227 72 173 398 -1 -1 -1 0 
88 1 228 72 172 398 -1 -1 -1 0 
89 1 226 74 175 396 -1 -1 -1 0 
90 1 227 75 173 396 -1 -1 -1 0 
91 1 228 74 172 397 -1 -1 -1 0 
92 1 228 73 172 398 -1 -1 -1 0 
93 1 227 74 174 396 -1 -1 -1 0 
94 1 228 73 172 398 -1 -1 -1 0 
95 1 227 73 174 398 -1 -1 -1 0 
96 1 227 74 175 397 -1 -1 -1 0 
97 1 228 73 173 398 -1 -1 -1 0 
98 1 228 72 173 399 -1 -1 -1 0 
99 1 228 72 173 399 -1 -1 -1 0 
100 1 229 73 172 398 -1 -1 -1 0 
101 1 229 72 171 399 -1 -1 -1 0 
102 1 228 73 173 398 -1 -1 -1 0 
103 1 229 74 171 396 -1 -1 -1 0 
104 1 228 74 172 397 -1 -1 -1 0 
105 1 229 73 171 398 -1 -1 -1 0 
106 1 229 73 171 398 -1 -1 -1 0 
107 1 229 74 172 397 -1 -1 -1 0 
108 1 229 74 172 396 -1 -1 -1 0 
109 1 230 74 170 397 -1 -1 -1 0 
110 1 229 74 172 397 -1 -1 -1 0 
111 1 230 74 171 397 -1 -1 -1 0 
112 1 230 75 170 396 -1 -1 -1 0 
113 1 230 74 170 397 -1 -1 -1 0 
114 1 230 74 171 397 -1 -1 -1 0 
115 1 230 75 170 397 -1 -1 -1 0 
116 1 230 75 171 396 -1 -1 -1 0 
117 1 230 74 171 397 -1 -1 -1 0 
118 1 229 74 171 397 -1 -1 -1 0 
119 1 230 74 170 398 -1 -1 -1 0 
120 1 230 75 169 396 -1 -1 -1 0 
121 1 231 74 168 397 -1 -1 -1 0 
122 1 228 78 172 390 -1 -1 -1 0 
123 1 228 77 171 390 -1 -1 -1 0 
124 1 222 75 173 392 -1 -1 -1 0 
125 1 219 72 177 396 -1 -1 -1 0 
126 1 215 74 181 393 -1 -1 -1 0 
127 1 208 73 187 394 -1 -1 -1 0 
128 1 205 71 189 397 -1 -1 -1 0 
129 1 202 69 193 402 -1 -1 -1 0 
130 1 198 69 199 402 -1 -1 -1 0 
131 1 189 66 216 406 -1 -1 -1 0 
132 1 188 66 222 406 -1 -1 -1 0 
133 1 190 63 225 412 -1 -1 -1 0 
134 1 190 61 228 413 -1 -1 -1 0 
135 1 193 59 227 416 -1 -1 -1 0 
136 1 200 51 226 424 -1 -1 -1 0 
137 1 205 48 226 427 -1 -1 -1 0 
138 1 217 28 227 446 -1 -1 -1 0 
139 1 222 19 229 457 -1 -1 -1 0 
140 1 229 5 236 474 -1 -1 -1 0 
141 1 229 0 244 479 -1 -1 -1 0 
142 1 226 0 258 479 -1 -1 -1 0 
143 1 226 0 265 478 -1 -1 -1 0 
144 1 225 0 279 477 -1 -1 -1 0 
145 1 223 0 287 474 -1 -1 -1 0 
146 1 217 0 296 478 -1 -1 -1 0 
147 1 211 0 299 479 -1 -1 -1 0 
148 1 201 0 303 479 -1 -1 -1 0 
149 1 195 0 307 479 -1 -1 -1 0 
150 1 188 0 312 479 -1 -1 -1 0 
151 1 174 0 326 477 -1 -1 -1 0 
152 1 158 0 350 475 -1 -1 -1 0 
153 1 151 3 358 468 -1 -1 -1 0 
154 1 137 0 386 468 -1 -1 -1 0 
155 1 136 3 391 462 -1 -1 -1 0 
156 1 130 5 412 460 -1 -1 -1 0 
157 1 128 6 437 459 -1 -1 -1 0 
158 1 108 4 479 466 -1 -1 -1 0 
159 1 90 7 516 461 -1 -1 -1 0 
160 1 75 5 541 462 -1 -1 -1 0 
161 1 62 3 576 461 -1 -1 -1 0 
162 1 36 3 599 463 -1 -1 -1 0 
163 1 22 1 606 468 -1 -1 -1 0 
164 1 16 3 554 462 -1 -1 -1 0 
165 1 15 0 530 470 -1 -1 -1 0 
166 1 8 0 524 469 -1 -1 -1 0 
167 1 9 0 516 465 -1 -1 -1 0 
168 1 11 0 485 468 -1 -1 -1 0 
169 1 3 1 482 468 -1 -1 -1 0 
170 1 1 3 472 466 -1 -1 -1 0 
171 1 5 3 463 464 -1 -1 -1 0 
172 1 9 6 449 460 -1 -1 -1 0 
173 1 9 5 448 462 -1 -1 -1 0 
174 1 22 8 423 457 -1 -1 -1 0 
175 1 19 10 425 453 -1 -1 -1 0 
176 1 22 9 419 454 -1 -1 -1 0 
177 1 28 8 409 453 -1 -1 -1 0 
178 1 21 8 419 451 -1 -1 -1 0 
179 1 27 6 414 452 -1 -1 -1 0 
180 1 30 5 411 453 -1 -1 -1 0 
181 1 32 5 411 453 -1 -1 -1 0 
182 1 30 4 415 456 -1 -1 -1 0 
183 1 25 3 424 457 -1 -1 -1 0 
184 1 16 3 435 457 -1 -1 -1 0 
185 1 15 4 436 455 -1 -1 -1 0 
186 1 15 5 441 456 -1 -1 -1 0 
187 1 16 5 440 456 -1 -1 -1 0 
188 1 17 5 440 456 -1 -1 -1 0 
189 1 16 6 439 455 -1 -1 -1 0 
190 1 18 6 436 455 -1 -1 -1 0 
191 1 19 6 435 455 -1 -1 -1 0 
192 1 19 5 435 458 -1 -1 -1 0 
193 1 20 5 432 458 -1 -1 -1 0 
194 1 14 5 440 458 -1 -1 -1 0 
195 1 12 4 443 458 -1 -1 -1 0 
196 1 13 3 441 460 -1 -1 -1 0 
197 1 19 3 432 459 -1 -1 -1 0 
198 1 25 2 425 462 -1 -1 -1 0 
199 1 23 2 429 464 -1 -1 -1 0 
200 1 25 3 424 460 -1 -1 -1 0 
201 1 26 3 423 460 -1 -1 -1 0 
202 1 22 4 432 457 -1 -1 -1 0 
203 1 21 4 431 457 -1 -1 -1 0 
204 1 24 4 426 456 -1 -1 -1 0 
205 1 25 4 426 456 -1 -1 -1 0 
206 1 25 5 429 455 -1 -1 -1 0 
207 1 23 5 432 455 -1 -1 -1 0 
208 1 26 4 426 456 -1 -1 -1 0 
209 1 26 4 426 456 -1 -1 -1 0 
210 1 23 3 430 457 -1 -1 -1 0 
211 1 18 4 436 456 -1 -1 -1 0 
212 1 19 4 435 455 -1 -1 -1 0 
213 1 19 4 435 455 -1 -1 -1 0 
214 1 17 4 437 454 -1 -1 -1 0 
215 1 19 4 433 455 -1 -1 -1 0 
216 1 18 4 435 455 -1 -1 -1 0 
217 1 20 3 435 458 -1 -1 -1 0 
218 1 21 3 433 458 -1 -1 -1 0 
219 1 23 2 431 459 -1 -1 -1 0 
220 1 24 2 430 459 -1 -1 -1 0 
221 1 24 2 429 458 -1 -1 -1 0 
222 1 21 1 434 460 -1 -1 -1 0 
223 1 23 2 429 458 -1 -1 -1 0 
224 1 20 2 434 457 -1 -1 -1 0 
225 1 23 2 433 458 -1 -1 -1 0 
226 1 21 1 437 459 -1 -1 -1 0 
227 1 22 1 435 459 -1 -1 -1 0 
228 1 22 1 435 459 -1 -1 -1 0 
229 1 22 2 434 458 -1 -1 -1 0 
230 1 22 1 434 458 -1 -1 -1 0 
231 1 22 1 433 459 -1 -1 -1 0 
232 1 19 1 437 459 -1 -1 -1 0 
233 1 19 2 437 458 -1 -1 -1 0 
234 1 18 2 439 458 -1 -1 -1 0 
235 1 19 3 438 457 -1 -1 -1 0 
236 1 19 2 438 459 -1 -1 -1 0 
237 1 19 2 438 459 -1 -1 -1 0 
238 1 23 1 434 461 -1 -1 -1 0 
239 1 29 0 428 465 -1 -1 -1 0 
240 1 29 0 428 465 -1 -1 -1 0 
241 1 30 0 428 465 -1 -1 -1 0 
242 1 27 1 433 464 -1 -1 -1 0 
243 1 28 1 432 463 -1 -1 -1 0 
244 1 28 2 432 462 -1 -1 -1 0 
245 1 32 1 424 465 -1 -1 -1 0 
246 1 32 1 424 466 -1 -1 -1 0 
247 1 34 2 422 465 -1 -1 -1 0 
248 1 30 1 429 466 -1 -1 -1 0 
249 1 29 1 429 466 -1 -1 -1 0 
250 1 25 0 434 465 -1 -1 -1 0 
251 1 25 0 434 465 -1 -1 -1 0 
252 1 24 0 434 464 -1 -1 -1 0 
253 1 10 1 481 462 -1 -1 -1 0 
254 1 9 2 480 460 -1 -1 -1 0 
255 1 8 2 480 460 -1 -1 -1 0 
256 1 0 0 523 468 -1 -1 -1 0 
257 1 0 0 523 467 -1 -1 -1 0 
258 1 0 0 523 467 -1 -1 -1 0 
259 1 0 1 549 470 -1 -1 -1 0 
260 1 0 1 549 469 -1 -1 -1 0 
261 1 4 3 568 469 -1 -1 -1 0 
262 1 38 1 538 473 -1 -1 -1 0 
263 1 42 0 509 462 -1 -1 -1 0 
264 1 57 0 472 465 -1 -1 -1 0 
265 1 69 0 430 463 -1 -1 -1 0 
266 1 83 0 416 462 -1 -1 -1 0 
267 1 87 0 412 461 -1 -1 -1 0 
268 1 114 0 384 470 -1 -1 -1 0 
269 1 119 0 383 473 -1 -1 -1 0 
270 1 129 0 391 471 -1 -1 -1 0 
271 1 139 0 387 469 -1 -1 -1 0 
272 1 162 0 378 475 -1 -1 -1 0 
273 1 181 0 360 476 -1 -1 -1 0 
274 1 196 0 346 473 -1 -1 -1 0 
275 1 224 0 312 478 -1 -1 -1 0 
276 1 245 0 287 476 -1 -1 -1 0 
277 1 252 0 275 476 -1 -1 -1 0 
278 1 255 0 267 475 -1 -1 -1 0 
279 1 256 0 262 476 -1 -1 -1 0 
280 1 254 0 261 479 -1 -1 -1 0 
281 1 256 0 249 479 -1 -1 -1 0 
282 1 252 0 238 479 -1 -1 -1 0 
283 1 250 0 233 479 -1 -1 -1 0 
284 1 248 0 232 479 -1 -1 -1 0 
285 1 245 4 218 472 -1 -1 -1 0 
286 1 241 5 217 470 -1 -1 -1 0 
287 1 239 8 213 468 -1 -1 -1 0 
288 1 240 11 209 463 -1 -1 -1 0 
289 1 236 17 210 455 -1 -1 -1 0 
290 1 235 17 210 456 -1 -1 -1 0 
291 1 235 19 210 454 -1 -1 -1 0 
292 1 235 22 210 451 -1 -1 -1 0 
293 1 242 33 200 438 -1 -1 -1 0 
294 1 246 37 195 433 -1 -1 -1 0 
295 1 251 45 192 423 -1 -1 -1 0 
296 1 253 46 192 422 -1 -1 -1 0 
297 1 262 50 187 415 -1 -1 -1 0 
298 1 262 56 192 408 -1 -1 -1 0 
299 1 267 64 187 405 -1 -1 -1 0 
300 1 272 68 180 400 -1 -1 -1 0 
301 1 275 67 172 397 -1 -1 -1 0 
302 1 272 70 174 395 -1 -1 -1 0 
303 1 270 71 174 395 -1 -1 -1 0 
304 1 268 74 173 390 -1 -1 -1 0 
305 1 258 82 173 383 -1 -1 -1 0 
306 1 256 81 170 387 -1 -1 -1 0 
307 1 251 82 172 388 -1 -1 -1 0 
308 1 241 83 171 385 -1 -1 -1 0 
309 1 237 80 168 393 -1 -1 -1 0 
310 1 228 82 169 395 -1 -1 -1 0 
311 1 225 82 167 396 -1 -1 -1 0 
312 1 220 83 169 393 -1 -1 -1 0 
313 1 219 84 169 393 -1 -1 -1 0 
314 1 218 88 168 382 -1 -1 -1 0 
315 1 220 83 164 394 -1 -1 -1 0 
316 1 222 84 163 392 -1 -1 -1 0 
317 1 225 85 161 389 -1 -1 -1 0 
318 1 228 85 160 389 -1 -1 -1 0 
319 1 231 86 158 387 -1 -1 -1 0 
320 1 234 87 156 385 -1 -1 -1 0 
321 1 235 89 157 385 -1 -1 -1 0 
322 1 236 89 158 386 -1 -1 -1 0 
323 1 237 89 157 386 -1 -1 -1 0 
324 1 239 87 156 390 -1 -1 -1 0 
325 1 240 85 157 391 -1 -1 -1 0 
326 1 242 88 156 389 -1 -1 -1 0 
327 1 248 89 159 386 -1 -1 -1 0 
328 1 253 93 161 379 -1 -1 -1 0 
329 1 265 88 167 387 -1 -1 -1 0 
330 1 279 98 168 378 -1 -1 -1 0 
331 1 280 99 168 378 -1 -1 -1 0 
332 1 294 99 172 377 -1 -1 -1 0 
333 1 302 101 171 376 -1 -1 -1 0 
334 1 317 102 172 373 -1 -1 -1 0 
335 1 330 101 168 373 -1 -1 -1 0 
336 1 341 101 160 373 -1 -1 -1 0 
337 1 361 101 152 374 -1 -1 -1 0 
338 1 365 104 150 371 -1 -1 -1 0 
339 1 368 100 147 373 -1 -1 -1 0 
340 1 370 100 145 372 -1 -1 -1 0 
341 1 372 99 145 373 -1 -1 -1 0 
342 1 373 98 145 374 -1 -1 -1 0 
343 1 375 99 145 373 -1 -1 -1 0 
344 1 375 99 145 374 -1 -1 -1 0 
345 1 375 98 146 374 -1 -1 -1 0 
346 1 375 98 146 374 -1 -1 -1 0 
347 1 375 98 146 375 -1 -1 -1 0 
348 1 374 98 147 374 -1 -1 -1 0 
349 1 375 98 146 374 -1 -1 -1 0 
350 1 375 97 146 376 -1 -1 -1 0 
351 1 375 98 146 376 -1 -1 -1 0 
352 1 376 97 146 377 -1 -1 -1 0 
353 1 376 97 146 376 -1 -1 -1 0 
354 1 376 97 147 376 -1 -1 -1 0 
355 1 376 96 148 377 -1 -1 -1 0 
356 1 377 96 146 378 -1 -1 -1 0 
357 1 377 97 147 377 -1 -1 -1 0 
358 1 377 96 147 377 -1 -1 -1 0 
359 1 378 97 145 375 -1 -1 -1 0 
360 1 377 97 146 376 -1 -1 -1 0 
361 1 377 97 146 376 -1 -1 -1 0 
362 1 378 97 146 376 -1 -1 -1 0 
363 1 378 97 146 375 -1 -1 -1 0 
364 1 376 96 148 376 -1 -1 -1 0 
365 1 374 97 151 375 -1 -1 -1 0 
366 1 373 101 148 372 -1 -1 -1 0 
367 1 370 101 149 375 -1 -1 -1 0 
368 1 360 103 155 375 -1 -1 -1 0 
369 1 351 104 162 373 -1 -1 -1 0 
370 1 338 102 168 372 -1 -1 -1 0 
371 1 326 103 169 370 -1 -1 -1 0 
372 1 318 102 173 374 -1 -1 -1 0 
373 1 305 105 173 372 -1 -1 -1 0 
374 1 300 102 169 377 -1 -1 -1 0 
375 1 285 105 158 369 -1 -1 -1 0 
376 1 271 102 158 370 -1 -1 -1 0 
377 1 256 103 158 370 -1 -1 -1 0 
378 1 251 103 157 371 -1 -1 -1 0 
379 1 247 96 154 381 -1 -1 -1 0 
380 1 245 96 153 379 -1 -1 -1 0 
381 1 246 97 152 377 -1 -1 -1 0 
382 1 247 98 149 375 -1 -1 -1 0 
383 1 245 97 151 376 -1 -1 -1 0 
384 1 243 97 152 376 -1 -1 -1 0 
385 1 243 98 150 375 -1 -1 -1 0 
386 1 241 97 151 377 -1 -1 -1 0 
387 1 240 96 151 377 -1 -1 -1 0 
388 1 240 96 151 377 -1 -1 -1 0 
389 1 240 99 151 375 -1 -1 -1 0 
390 1 238 99 151 375 -1 -1 -1 0 
391 1 236 95 149 379 -1 -1 -1 0 
392 1 227 97 151 375 -1 -1 -1 0 
393 1 222 97 150 375 -1 -1 -1 0 
394 1 205 97 158 376 -1 -1 -1 0 
395 1 198 99 160 376 -1 -1 -1 0 
396 1 174 102 174 377 -1 -1 -1 0 
397 1 169 102 170 377 -1 -1 -1 0 
398 1 164 105 168 373 -1 -1 -1 0 
399 1 152 103 164 373 -1 -1 -1 0 
400 1 141 86 159 393 -1 -1 -1 0 
401 1 133 97 157 378 -1 -1 -1 0 
402 1 127 97 153 377 -1 -1 -1 0 
403 1 123 94 149 381 -1 -1 -1 0 
404 1 122 95 146 380 -1 -1 -1 0 
405 1 122 98 146 377 -1 -1 -1 0 
406 1 122 99 144 374 -1 -1 -1 0 
407 1 121 98 144 375 -1 -1 -1 0 
408 1 120 98 141 375 -1 -1 -1 0 
409 1 118 98 137 376 -1 -1 -1 0 
410 1 115 98 139 376 -1 -1 -1 0 
411 1 114 98 139 377 -1 -1 -1 0 
412 1 107 86 148 392 -1 -1 -1 0 
413 1 112 97 140 378 -1 -1 -1 0 
414 1 112 99 140 376 -1 -1 -1 0 
415 1 112 99 141 376 -1 -1 -1 0 
416 1 112 98 142 376 -1 -1 -1 0 
417 1 114 97 144 377 -1 -1 -1 0 
418 1 114 96 144 378 -1 -1 -1 0 
419 1 117 95 147 380 -1 -1 -1 0 
420 1 120 96 156 378 -1 -1 -1 0 
421 1 122 97 158 377 -1 -1 -1 0 
422 1 129 97 161 377 -1 -1 -1 0 
423 1 137 95 155 380 -1 -1 -1 0 
424 1 145 89 160 390 -1 -1 -1 0 
425 1 155 99 156 379 -1 -1 -1 0 
426 1 167 95 156 384 -1 -1 -1 0 
427 1 171 95 161 384 -1 -1 -1 0 
428 1 175 99 169 378 -1 -1 -1 0 
429 1 189 100 162 376 -1 -1 -1 0 
430 1 203 95 155 380 -1 -1 -1 0 
431 1 206 95 155 380 -1 -1 -1 0 
432 1 208 95 157 381 -1 -1 -1 0 
433 1 210 95 157 381 -1 -1 -1 0 
434 1 211 95 158 381 -1 -1 -1 0 
435 1 211 91 157 384 -1 -1 -1 0 
436 1 213 94 156 380 -1 -1 -1 0 
437 1 213 95 158 378 -1 -1 -1 0 
438 1 214 94 157 379 -1 -1 -1 0 
439 1 216 94 155 379 -1 -1 -1 0 
440 1 216 94 155 378 -1 -1 -1 0 
441 1 216 94 155 378 -1 -1 -1 0 
442 1 216 94 155 379 -1 -1 -1 0 
443 1 216 94 155 380 -1 -1 -1 0 
444 1 216 95 155 379 -1 -1 -1 0 
445 1 215 95 156 378 -1 -1 -1 0 
446 1 215 94 155 381 -1 -1 -1 0 
447 1 215 92 155 385 -1 -1 -1 0 
448 1 215 92 155 385 -1 -1 -1 0 
449 1 220 92 156 385 -1 -1 -1 0 
450 1 224 95 158 382 -1 -1 -1 0 
451 1 233 91 165 387 -1 -1 -1 0 
452 1 248 96 173 377 -1 -1 -1 0 
453 1 255 90 171 388 -1 -1 -1 0 
454 1 269 105 167 370 -1 -1 -1 0 
455 1 281 104 173 371 -1 -1 -1 0 
456 1 286 99 176 377 -1 -1 -1 0 
457 1 305 102 174 374 -1 -1 -1 0 
458 1 312 104 173 373 -1 -1 -1 0 
459 1 329 103 164 374 -1 -1 -1 0 
460 1 337 100 158 376 -1 -1 -1 0 
461 1 344 97 152 378 -1 -1 -1 0 
462 1 353 102 145 373 -1 -1 -1 0 
463 1 355 103 145 373 -1 -1 -1 0 
464 1 357 102 147 374 -1 -1 -1 0 
465 1 360 102 146 373 -1 -1 -1 0 
466 1 360 101 148 374 -1 -1 -1 0 
467 1 363 100 146 375 -1 -1 -1 0 
468 1 364 97 146 379 -1 -1 -1 0 
469 1 365 98 145 376 -1 -1 -1 0 
470 1 362 98 149 377 -1 -1 -1 0 
471 1 359 98 153 378 -1 -1 -1 0 
472 1 354 98 159 378 -1 -1 -1 0 
473 1 349 98 165 378 -1 -1 -1 0 
474 1 347 97 167 380 -1 -1 -1 0 
475 1 339 99 174 378 -1 -1 -1 0 
476 1 334 99 179 379 -1 -1 -1 0 
477 1 330 101 180 376 -1 -1 -1 0 
478 1 327 103 183 373 -1 -1 -1 0 
479 1 325 104 180 372 -1 -1 -1 0 
480 1 324 109 177 366 -1 -1 -1 0 
481 1 322 104 171 372 -1 -1 -1 0 
482 1 320 104 169 372 -1 -1 -1 0 
483 1 315 104 162 372 -1 -1 -1 0 
484 1 312 102 159 377 -1 -1 -1 0 
485 1 302 99 154 377 -1 -1 -1 0 
486 1 289 100 152 373 -1 -1 -1 0 
487 1 282 99 154 374 -1 -1 -1 0 
488 1 277 99 153 376 -1 -1 -1 0 
489 1 268 98 155 378 -1 -1 -1 0 
490 1 261 98 158 379 -1 -1 -1 0 
491 1 254 99 159 378 -1 -1 -1 0 
492 1 252 94 158 380 -1 -1 -1 0 
493 1 250 92 157 384 -1 -1 -1 0 
494 1 249 95 157 381 -1 -1 -1 0 
495 1 248 96 158 378 -1 -1 -1 0 
496 1 247 96 159 377 -1 -1 -1 0 
497 1 248 96 158 376 -1 -1 -1 0 
498 1 249 97 158 374 -1 -1 -1 0 
499 1 250 95 158 377 -1 -1 -1 0 
500 1 250 94 159 378 -1 -1 -1 0 
501 1 251 96 157 375 -1 -1 -1 0 
502 1 252 96 156 375 -1 -1 -1 0 
503 1 253 96 156 376 -1 -1 -1 0 
504 1 253 95 157 377 -1 -1 -1 0 
505 1 254 95 156 376 -1 -1 -1 0 
506 1 256 95 154 377 -1 -1 -1 0 
507 1 256 95 155 378 -1 -1 -1 0 
508 1 257 94 155 379 -1 -1 -1 0 
509 1 258 95 155 377 -1 -1 -1 0 
510 1 259 95 154 377 -1 -1 -1 0 
511 1 258 95 155 377 -1 -1 -1 0 
512 1 259 97 155 376 -1 -1 -1 0 
513 1 260 98 154 375 -1 -1 -1 0 
514 1 259 98 155 374 -1 -1 -1 0 
515 1 260 97 154 376 -1 -1 -1 0 
516 1 261 96 153 377 -1 -1 -1 0 
517 1 260 97 155 376 -1 -1 -1 0 
518 1 261 98 153 375 -1 -1 -1 0 
519 1 262 99 152 374 -1 -1 -1 0 
520 1 263 99 151 374 -1 -1 -1 0 
521 1 263 99 152 374 -1 -1 -1 0 
522 1 263 99 152 373 -1 -1 -1 0 
523 1 263 100 151 372 -1 -1 -1 0 
524 1 264 98 151 375 -1 -1 -1 0 
525 1 264 97 151 376 -1 -1 -1 0 
526 1 265 99 150 373 -1 -1 -1 0 
527 1 266 99 149 373 -1 -1 -1 0 
528 1 266 98 149 375 -1 -1 -1 0 
529 1 266 97 151 369 -1 -1 -1 0 
530 1 267 96 150 369 -1 -1 -1 0 
531 1 269 95 146 372 -1 -1 -1 0 
532 1 272 92 143 382 -1 -1 -1 0 
533 1 271 93 146 381 -1 -1 -1 0 
534 1 272 95 146 378 -1 -1 -1 0 
535 1 274 95 143 378 -1 -1 -1 0 
536 1 276 95 142 378 -1 -1 -1 0 
537 1 277 95 140 379 -1 -1 -1 0 
538 1 279 93 138 381 -1 -1 -1 0 
539 1 278 91 137 383 -1 -1 -1 0 
540 1 276 91 138 383 -1 -1 -1 0 
541 1 275 94 137 379 -1 -1 -1 0 
542 1 274 93 136 382 -1 -1 -1 0 
543 1 271 92 137 384 -1 -1 -1 0 
544 1 268 91 135 383 -1 -1 -1 0 
545 1 266 89 135 385 -1 -1 -1 0 
546 1 261 91 137 382 -1 -1 -1 0 
547 1 260 93 132 381 -1 -1 -1 0 
548 1 257 93 130 382 -1 -1 -1 0 
549 1 251 93 128 383 -1 -1 -1 0 
550 1 248 92 126 385 -1 -1 -1 0 
551 1 240 89 126 387 -1 -1 -1 0 
552 1 236 90 126 386 -1 -1 -1 0 
553 1 231 92 128 382 -1 -1 -1 0 
554 1 226 95 129 378 -1 -1 -1 0 
555 1 223 95 130 378 -1 -1 -1 0 
556 1 218 95 133 377 -1 -1 -1 0 
557 1 219 96 128 376 -1 -1 -1 0 
558 1 214 96 132 376 -1 -1 -1 0 
559 1 212 96 129 375 -1 -1 -1 0 
560 1 211 99 126 372 -1 -1 -1 0 
561 1 210 100 127 372 -1 -1 -1 0 
562 1 209 99 127 374 -1 -1 -1 0 
563 1 208 99 128 374 -1 -1 -1 0 
564 1 207 97 130 377 -1 -1 -1 0 
565 1 207 96 130 376 -1 -1 -1 0 
566 1 206 96 131 375 -1 -1 -1 0 
567 1 205 95 137 376 -1 -1 -1 0 
568 1 205 96 140 374 -1 -1 -1 0 
569 1 205 97 140 374 -1 -1 -1 0 
570 1 203 94 146 379 -1 -1 -1 0 
571 1 202 94 150 380 -1 -1 -1 0 
572 1 202 95 155 379 -1 -1 -1 0 
573 1 204 95 152 379 -1 -1 -1 0 
574 1 204 98 163 379 -1 -1 -1 0 
575 1 205 98 164 380 -1 -1 -1 0 
576 1 209 94 161 382 -1 -1 -1 0 
577 1 213 93 161 383 -1 -1 -1 0 
578 1 218 93 157 383 -1 -1 -1 0 
579 1 226 97 155 379 -1 -1 -1 0 
580 1 238 93 155 385 -1 -1 -1 0 
581 1 244 97 153 382 -1 -1 -1 0 
582 1 255 97 156 382 -1 -1 -1 0 
583 1 263 100 152 378 -1 -1 -1 0 
584 1 271 102 156 374 -1 -1 -1 0 
585 1 274 106 160 369 -1 -1 -1 0 
586 1 281 103 157 372 -1 -1 -1 0 
587 1 288 102 157 369 -1 -1 -1 0 
588 1 292 101 156 369 -1 -1 -1 0 
589 1 295 100 155 372 -1 -1 -1 0 
590 1 296 103 155 369 -1 -1 -1 0 
591 1 296 104 155 369 -1 -1 -1 0 
592 1 297 105 154 368 -1 -1 -1 0 
593 1 297 105 155 368 -1 -1 -1 0 
594 1 298 104 155 368 -1 -1 -1 0 
595 1 298 103 155 369 -1 -1 -1 0 
596 1 297 101 156 371 -1 -1 -1 0 
597 1 295 101 158 371 -1 -1 -1 0 
598 1 290 99 161 373 -1 -1 -1 0 
599 1 287 102 163 373 -1 -1 -1 0 
600 1 278 99 168 376 -1 -1 -1 0 
601 1 272 98 165 377 -1 -1 -1 0 
602 1 269 102 160 373 -1 -1 -1 0 
603 1 264 98 161 379 -1 -1 -1 0 
604 1 253 96 160 380 -1 -1 -1 0 
605 1 249 98 158 378 -1 -1 -1 0 
606 1 244 95 154 382 -1 -1 -1 0 
607 1 233 94 156 383 -1 -1 -1 0 
608 1 227 94 157 382 -1 -1 -1 0 
609 1 214 95 162 376 -1 -1 -1 0 
610 1 210 95 163 377 -1 -1 -1 0 
611 1 209 93 161 380 -1 -1 -1 0 
612 1 206 95 163 377 -1 -1 -1 0 
613 1 199 98 170 375 -1 -1 -1 0 
614 1 196 97 171 377 -1 -1 -1 0 
615 1 194 95 170 381 -1 -1 -1 0 
616 1 194 94 169 382 -1 -1 -1 0 
617 1 194 94 166 383 -1 -1 -1 0 
618 1 194 95 165 383 -1 -1 -1 0 
619 1 195 95 163 383 -1 -1 -1 0 
620 1 195 94 163 384 -1 -1 -1 0 
621 1 197 95 162 382 -1 -1 -1 0 
622 1 200 96 161 381 -1 -1 -1 0 
623 1 205 93 159 384 -1 -1 -1 0 
624 1 207 90 159 387 -1 -1 -1 0 
625 1 212 90 161 389 -1 -1 -1 0 
626 1 217 92 157 387 -1 -1 -1 0 
627 1 224 92 153 386 -1 -1 -1 0 
628 1 234 94 155 383 -1 -1 -1 0 
629 1 240 95 154 383 -1 -1 -1 0 
630 1 245 94 152 383 -1 -1 -1 0 
631 1 248 98 157 378 -1 -1 -1 0 
632 1 252 100 158 375 -1 -1 -1 0 
633 1 258 100 158 374 -1 -1 -1 0 
634 1 266 100 152 374 -1 -1 -1 0 
635 1 269 101 153 373 -1 -1 -1 0 
636 1 270 103 155 370 -1 -1 -1 0 
637 1 277 100 148 371 -1 -1 -1 0 
638 1 280 99 145 372 -1 -1 -1 0 
639 1 283 99 145 372 -1 -1 -1 0 
640 1 285 98 144 374 -1 -1 -1 0 
641 1 289 96 141 379 -1 -1 -1 0 
642 1 290 96 141 380 -1 -1 -1 0 
643 1 290 94 142 381 -1 -1 -1 0 
644 1 291 92 141 382 -1 -1 -1 0 
645 1 292 90 143 382 -1 -1 -1 0 
646 1 292 88 143 383 -1 -1 -1 0 
647 1 293 86 143 384 -1 -1 -1 0 
648 1 293 81 144 393 -1 -1 -1 0 
649 1 294 81 144 390 -1 -1 -1 0 
650 1 296 79 145 392 -1 -1 -1 0 
651 1 297 74 147 397 -1 -1 -1 0 
652 1 297 70 148 401 -1 -1 -1 0 
653 1 298 68 148 403 -1 -1 -1 0 
654 1 298 68 150 403 -1 -1 -1 0 
655 1 298 67 153 405 -1 -1 -1 0 
656 1 298 65 156 409 -1 -1 -1 0 
657 1 298 65 159 409 -1 -1 -1 0 
658 1 300 64 158 409 -1 -1 -1 0 
659 1 303 66 160 407 -1 -1 -1 0 
660 1 310 63 157 412 -1 -1 -1 0 
661 1 312 62 158 413 -1 -1 -1 0 
662 1 317 60 161 412 -1 -1 -1 0 
663 1 319 60 163 410 -1 -1 -1 0 
664 1 324 61 170 409 -1 -1 -1 0 
665 1 329 53 175 418 -1 -1 -1 0 
666 1 333 47 178 422 -1 -1 -1 0 
667 1 340 44 188 427 -1 -1 -1 0 
668 1 355 38 181 436 -1 -1 -1 0 
669 1 356 36 188 434 -1 -1 -1 0 
670 1 356 26 199 443 -1 -1 -1 0 
671 1 359 25 201 445 -1 -1 -1 0 
672 1 363 22 204 448 -1 -1 -1 0 
673 1 370 19 204 452 -1 -1 -1 0 
674 1 371 18 206 451 -1 -1 -1 0 
675 1 370 16 208 452 -1 -1 -1 0 
676 1 365 13 213 459 -1 -1 -1 0 
677 1 357 4 211 475 -1 -1 -1 0 
678 1 349 0 218 479 -1 -1 -1 0 
679 1 338 0 225 479 -1 -1 -1 0 
680 1 328 0 233 479 -1 -1 -1 0 
681 1 321 0 240 479 -1 -1 -1 0 
682 1 317 0 244 479 -1 -1 -1 0 
683 1 312 0 248 477 -1 -1 -1 0 
684 1 311 0 248 478 -1 -1 -1 0 
685 1 309 0 253 479 -1 -1 -1 0 
686 1 307 0 257 479 -1 -1 -1 0 
687 1 309 0 257 479 -1 -1 -1 0 
688 1 309 0 259 479 -1 -1 -1 0 
689 1 310 0 263 479 -1 -1 -1 0 
690 1 313 0 264 478 -1 -1 -1 0 
691 1 319 0 268 475 -1 -1 -1 0 
692 1 320 0 276 476 -1 -1 -1 0 
693 1 321 0 287 479 -1 -1 -1 0 
694 1 323 0 288 477 -1 -1 -1 0 
695 1 329 0 286 475 -1 -1 -1 0 
696 1 332 0 287 476 -1 -1 -1 0 
697 1 331 0 289 474 -1 -1 -1 0 
698 1 330 0 294 476 -1 -1 -1 0 
699 1 331 0 293 476 -1 -1 -1 0 
700 1 326 0 301 469 -1 -1 -1 0 
701 1 322 0 305 473 -1 -1 -1 0 
702 1 318 0 308 470 -1 -1 -1 0 
703 1 302 0 320 469 -1 -1 -1 0 
704 1 296 0 320 471 -1 -1 -1 0 
705 1 290 0 325 477 -1 -1 -1 0 
706 1 270 0 339 479 -1 -1 -1 0 
707 1 257 0 342 476 -1 -1 -1 0 
708 1 243 0 329 470 -1 -1 -1 0 
709 1 224 2 345 471 -1 -1 -1 0 
710 1 211 2 346 470 -1 -1 -1 0 
711 1 205 0 351 471 -1 -1 -1 0 
712 1 204 0 352 472 -1 -1 -1 0 
713 1 203 0 357 474 -1 -1 -1 0 
714 1 208 2 360 469 -1 -1 -1 0 
715 1 216 4 355 464 -1 -1 -1 0 
716 1 219 4 356 465 -1 -1 -1 0 
717 1 224 6 351 463 -1 -1 -1 0 
718 1 227 6 356 461 -1 -1 -1 0 
719 1 231 4 360 462 -1 -1 -1 0 
720 1 234 4 361 462 -1 -1 -1 0 
721 1 237 3 360 463 -1 -1 -1 0 
722 1 239 5 362 462 -1 -1 -1 0 
723 1 242 4 363 465 -1 -1 -1 0 
724 1 245 3 361 468 -1 -1 -1 0 
725 1 246 2 361 469 -1 -1 -1 0 
726 1 246 2 363 470 -1 -1 -1 0 
727 1 247 3 361 470 -1 -1 -1 0 
728 1 248 3 359 471 -1 -1 -1 0 
729 1 246 2 362 471 -1 -1 -1 0 
730 1 248 1 358 473 -1 -1 -1 0 
731 1 247 0 361 474 -1 -1 -1 0 
732 1 247 1 361 474 -1 -1 -1 0 
733 1 246 1 362 473 -1 -1 -1 0 
734 1 245 1 363 472 -1 -1 -1 0 
735 1 243 0 367 474 -1 -1 -1 0 
736 1 243 0 369 474 -1 -1 -1 0 
737 1 244 1 369 474 -1 -1 -1 0 
738 1 245 1 367 474 -1 -1 -1 0 
739 1 245 1 367 473 -1 -1 -1 0 
740 1 247 0 365 474 -1 -1 -1 0 
741 1 246 0 367 474 -1 -1 -1 0 
742 1 246 1 368 470 -1 -1 -1 0 
743 1 247 1 367 470 -1 -1 -1 0 
744 1 246 1 369 470 -1 -1 -1 0 
745 1 248 1 365 470 -1 -1 -1 0 
746 1 247 0 367 472 -1 -1 -1 0 
747 1 247 1 369 470 -1 -1 -1 0 
748 1 247 2 369 469 -1 -1 -1 0 
749 1 248 1 366 470 -1 -1 -1 0 
750 1 248 1 367 470 -1 -1 -1 0 
751 1 248 1 366 470 -1 -1 -1 0 
752 1 249 1 365 470 -1 -1 -1 0 
753 1 249 0 364 473 -1 -1 -1 0 
754 1 248 0 367 472 -1 -1 -1 0 
755 1 249 0 365 473 -1 -1 -1 0 
756 1 249 0 366 474 -1 -1 -1 0 
757 1 249 0 367 475 -1 -1 -1 0 
758 1 248 0 369 472 -1 -1 -1 0 
759 1 248 0 368 472 -1 -1 -1 0 
760 1 250 0 365 473 -1 -1 -1 0 
761 1 249 0 368 473 -1 -1 -1 0 
762 1 249 0 369 472 -1 -1 -1 0 
763 1 252 0 367 472 -1 -1 -1 0 
764 1 252 0 369 472 -1 -1 -1 0 
765 1 256 1 367 472 -1 -1 -1 0 
766 1 259 3 366 467 -1 -1 -1 0 
767 1 262 3 363 466 -1 -1 -1 0 
768 1 267 3 360 466 -1 -1 -1 0 
769 1 277 3 353 467 -1 -1 -1 0 
770 1 281 1 351 469 -1 -1 -1 0 
771 1 283 1 350 469 -1 -1 -1 0 
772 1 290 1 343 468 -1 -1 -1 0 
773 1 291 0 344 470 -1 -1 -1 0 
774 1 292 0 344 470 -1 -1 -1 0 
775 1 292 1 346 468 -1 -1 -1 0 
776 1 292 1 346 466 -1 -1 -1 0 
777 1 292 2 347 464 -1 -1 -1 0 
778 1 293 3 346 462 -1 -1 -1 0 
779 1 285 4 353 462 -1 -1 -1 0 
780 1 275 3 358 464 -1 -1 -1 0 
781 1 256 5 368 465 -1 -1 -1 0 
782 1 247 1 383 468 -1 -1 -1 0 
783 1 201 0 417 466 -1 -1 -1 0 
784 1 229 0 401 469 -1 -1 -1 0 
786 1 206 2 407 463 -1 -1 -1 0 
787 1 35 12 582 452 -1 -1 -1 0 
788 1 12 11 553 457 -1 -1 -1 0 
789 1 3 14 566 451 -1 -1 -1 0 
790 1 11 11 522 462 -1 -1 -1 0 
791 1 13 10 513 461 -1 -1 -1 0 
792 1 9 8 521 471 -1 -1 -1 0 
793 1 16 8 520 471 -1 -1 -1 0 
794 1 6 6 518 472 -1 -1 -1 0 
795 1 8 4 512 474 -1 -1 -1 0 
796 1 11 7 496 459 -1 -1 -1 0 
797 1 13 6 491 459 -1 -1 -1 0 
798 1 6 4 502 465 -1 -1 -1 0 
799 1 8 2 501 467 -1 -1 -1 0 
800 1 12 2 491 473 -1 -1 -1 0 
801 1 13 1 491 468 -1 -1 -1 0 
802 1 18 2 496 469 -1 -1 -1 0 
803 1 19 2 504 470 -1 -1 -1 0 
804 1 19 2 517 471 -1 -1 -1 0 
805 1 14 1 543 475 -1 -1 -1 0 
806 1 11 0 546 476 -1 -1 -1 0 
807 1 3 4 574 471 -1 -1 -1 0 
808 1 28 5 559 466 -1 -1 -1 0 
809 1 25 6 585 465 -1 -1 -1 0 
810 1 13 9 613 458 -1 -1 -1 0 
811 1 32 9 599 458 -1 -1 -1 0 
812 1 109 8 515 461 -1 -1 -1 0 
813 1 122 6 504 461 -1 -1 -1 0 
818 1 45 3 594 476 -1 -1 -1 0 
820 1 135 0 494 479 -1 -1 -1 0 
822 1 330 1 302 478 -1 -1 -1 0 
823 1 366 19 271 433 -1 -1 -1 0 
824 1 408 23 231 429 -1 -1 -1 0 
828 2 285 0 344 479 -1 -1 -1 0 
829 1 442 0 195 475 -1 -1 -1 0 
829 2 320 1 319 475 -1 -1 -1 0 
830 1 444 0 191 473 -1 -1 -1 0 
831 1 448 0 183 475 -1 -1 -1 0 
832 1 448 0 187 476 -1 -1 -1 0 
833 1 444 0 191 476 -1 -1 -1 0 
834 1 441 0 194 477 -1 -1 -1 0 
835 1 360 0 276 477 -1 -1 -1 0 
836 1 351 0 279 478 -1 -1 -1 0 
837 1 343 0 288 478 -1 -1 -1 0 
838 1 343 0 290 478 -1 -1 -1 0 
839 1 338 0 295 479 -1 -1 -1 0 
840 1 421 0 208 473 -1 -1 -1 0 
841 1 425 0 210 471 -1 -1 -1 0 
842 1 427 0 209 470 -1 -1 -1 0 
843 1 426 0 212 470 -1 -1 -1 0 
844 1 421 0 217 472 -1 -1 -1 0 
845 1 420 0 217 471 -1 -1 -1 0 
846 1 423 0 214 470 -1 -1 -1 0 
847 1 425 0 210 471 -1 -1 -1 0 
848 1 431 4 206 467 -1 -1 -1 0 
849 1 340 0 298 478 -1 -1 -1 0 
850 1 333 0 303 479 -1 -1 -1 0 
851 1 334 0 301 477 -1 -1 -1 0 
852 1 341 0 296 479 -1 -1 -1 0 
853 1 341 0 296 479 -1 -1 -1 0 
854 1 346 5 291 474 -1 -1 -1 0 
855 1 353 5 285 474 -1 -1 -1 0 
856 1 356 1 281 478 -1 -1 -1 0 
858 1 368 0 271 479 -1 -1 -1 0 
859 1 375 0 264 478 -1 -1 -1 0 
861 1 385 1 254 473 -1 -1 -1 0 
862 1 391 0 248 479 -1 -1 -1 0 
863 1 397 0 242 479 -1 -1 -1 0 
864 1 399 0 240 475 -1 -1 -1 0 
865 1 402 1 237 473 -1 -1 -1 0 
866 1 396 2 243 468 -1 -1 -1 0 
871 1 363 2 271 472 -1 -1 -1 0 
872 1 348 0 281 475 -1 -1 -1 0 
873 1 334 0 295 477 -1 -1 -1 0 
874 1 318 0 318 472 -1 -1 -1 0 
875 1 255 1 380 465 -1 -1 -1 0 
877 1 77 1 562 472 -1 -1 -1 0 
878 1 25 1 602 478 -1 -1 -1 0 
880 1 11 4 613 465 -1 -1 -1 0 
882 1 7 1 628 465 -1 -1 -1 0 
883 1 60 5 574 459 -1 -1 -1 0 
884 1 24 2 610 457 -1 -1 -1 0 
885 1 22 3 614 455 -1 -1 -1 0 
886 1 12 3 627 452 -1 -1 -1 0 
887 1 50 0 585 463 -1 -1 -1 0 
888 1 10 4 629 466 -1 -1 -1 0 
889 1 2 2 637 476 -1 -1 -1 0 
890 1 4 0 630 473 -1 -1 -1 0 
891 1 0 0 628 472 -1 -1 -1 0 
892 1 0 0 627 476 -1 -1 -1 0 
893 1 6 1 618 475 -1 -1 -1 0 
894 1 7 0 617 475 -1 -1 -1 0 
895 1 6 0 606 476 -1 -1 -1 0 
896 1 0 5 613 472 -1 -1 -1 0 
897 1 6 6 595 473 -1 -1 -1 0 
898 1 7 1 567 478 -1 -1 -1 0 
899 1 4 10 570 463 -1 -1 -1 0 
900 1 5 7 548 472 -1 -1 -1 0 
901 1 8 10 533 469 -1 -1 -1 0 
902 1 4 10 534 468 -1 -1 -1 0 
903 1 1 22 552 443 -1 -1 -1 0 
904 1 4 10 535 465 -1 -1 -1 0 
905 1 0 18 564 452 -1 -1 -1 0 
906 1 2 1 551 474 -1 -1 -1 0 
907 1 0 8 553 459 -1 -1 -1 0 
908 1 0 8 550 457 -1 -1 -1 0 
909 1 0 13 555 450 -1 -1 -1 0 
910 1 1 13 552 453 -1 -1 -1 0 
911 1 0 14 556 452 -1 -1 -1 0 
912 1 1 5 545 468 -1 -1 -1 0 
913 1 0 1 553 471 -1 -1 -1 0 
914 1 0 0 556 474 -1 -1 -1 0 
915 1 0 0 559 473 -1 -1 -1 0 
916 1 0 0 560 473 -1 -1 -1 0 
917 1 0 0 562 475 -1 -1 -1 0 
918 1 0 0 560 474 -1 -1 -1 0 
919 1 0 0 559 474 -1 -1 -1 0 
920 1 0 0 557 474 -1 -1 -1 0 
921 1 0 0 557 475 -1 -1 -1 0 
922 1 1 0 551 477 -1 -1 -1 0 
923 1 0 0 558 478 -1 -1 -1 0 
924 1 0 0 559 476 -1 -1 -1 0 
925 1 2 0 556 475 -1 -1 -1 0 
926 1 2 0 554 474 -1 -1 -1 0 
927 1 3 0 554 474 -1 -1 -1 0 
928 1 2 0 557 474 -1 -1 -1 0 
929 1 3 0 554 473 -1 -1 -1 0 
930 1 3 0 554 472 -1 -1 -1 0 
931 1 1 0 558 474 -1 -1 -1 0 
932 1 0 0 558 474 -1 -1 -1 0 
933 1 0 0 557 474 -1 -1 -1 0 
934 1 0 0 559 474 -1 -1 -1 0 
935 1 0 0 559 473 -1 -1 -1 0 
936 1 0 0 560 473 -1 -1 -1 0 
937 1 0 0 560 473 -1 -1 -1 0 
938 1 0 0 560 473 -1 -1 -1 0 
939 1 0 0 559 472 -1 -1 -1 0 
940 1 0 0 561 471 -1 -1 -1 0 
941 1 1 0 558 470 -1 -1 -1 0 
942 1 0 0 560 471 -1 -1 -1 0 
943 1 0 0 559 472 -1 -1 -1 0 
944 1 0 0 557 471 -1 -1 -1 0 
945 1 0 0 561 471 -1 -1 -1 0 
946 1 0 0 560 471 -1 -1 -1 0 
947 1 0 0 561 471 -1 -1 -1 0 
948 1 0 0 561 472 -1 -1 -1 0 
949 1 0 0 560 472 -1 -1 -1 0 
950 1 0 0 559 473 -1 -1 -1 0 
951 1 0 0 558 474 -1 -1 -1 0 
952 1 0 0 560 474 -1 -1 -1 0 
953 1 0 0 558 473 -1 -1 -1 0 
954 1 0 0 559 473 -1 -1 -1 0 
955 1 0 0 560 473 -1 -1 -1 0 
956 1 0 0 559 474 -1 -1 -1 0 
957 1 0 0 559 474 -1 -1 -1 0 
958 1 0 0 560 472 -1 -1 -1 0 
959 1 0 0 561 472 -1 -1 -1 0 
960 1 0 0 561 473 -1 -1 -1 0 
961 1 0 0 560 473 -1 -1 -1 0 
962 1 0 0 562 473 -1 -1 -1 0 
963 1 0 0 561 473 -1 -1 -1 0 
964 1 0 0 562 472 -1 -1 -1 0 
965 1 0 0 562 472 -1 -1 -1 0 
966 1 0 0 561 473 -1 -1 -1 0 
967 1 0 0 560 473 -1 -1 -1 0 
968 1 0 0 561 473 -1 -1 -1 0 
969 1 0 0 562 474 -1 -1 -1 0 
970 1 0 0 560 474 -1 -1 -1 0 
971 1 0 0 558 474 -1 -1 -1 0 
972 1 0 0 561 473 -1 -1 -1 0 
973 1 0 0 559 472 -1 -1 -1 0 
974 1 0 0 559 472 -1 -1 -1 0 
975 1 0 0 559 473 -1 -1 -1 0 
976 1 0 0 560 472 -1 -1 -1 0 
977 1 0 0 560 472 -1 -1 -1 0 
978 1 0 0 559 473 -1 -1 -1 0 
979 1 0 0 559 473 -1 -1 -1 0 
980 1 0 0 559 474 -1 -1 -1 0 
981 1 0 0 559 474 -1 -1 -1 0 
982 1 0 0 559 474 -1 -1 -1 0 
983 1 0 0 559 474 -1 -1 -1 0 
984 1 0 0 559 473 -1 -1 -1 0 
985 1 0 0 559 473 -1 -1 -1 0 
986 1 0 0 560 471 -1 -1 -1 0 
987 1 0 0 566 470 -1 -1 -1 0 
988 1 0 0 565 470 -1 -1 -1 0 
989 1 0 0 565 469 -1 -1 -1 0 
990 1 1 0 561 469 -1 -1 -1 0 
991 1 1 0 560 469 -1 -1 -1 0 
992 1 0 0 563 469 -1 -1 -1 0 
993 1 0 0 566 469 -1 -1 -1 0 
994 1 0 0 565 470 -1 -1 -1 0 
995 1 0 0 565 470 -1 -1 -1 0 
996 1 0 0 566 470 -1 -1 -1 0 
997 1 0 0 566 470 -1 -1 -1 0 
998 1 0 0 565 471 -1 -1 -1 0 
999 1 2 0 562 471 -1 -1 -1 0 
1000 1 0 0 562 471 -1 -1 -1 0 
1001 1 2 0 560 471 -1 -1 -1 0 
1002 1 3 0 559 470 -1 -1 -1 0 
1003 1 3 0 558 471 -1 -1 -1 0 
1004 1 2 0 559 473 -1 -1 -1 0 
1005 1 0 0 564 473 -1 -1 -1 0 
1006 1 0 0 564 472 -1 -1 -1 0 
1007 1 0 0 564 474 -1 -1 -1 0 
1008 1 0 0 564 473 -1 -1 -1 0 
1009 1 0 0 562 471 -1 -1 -1 0 
1010 1 0 0 560 471 -1 -1 -1 0 
1011 1 0 0 560 470 -1 -1 -1 0 
1012 1 0 0 558 471 -1 -1 -1 0 
1013 1 0 0 559 472 -1 -1 -1 0 
1014 1 0 0 560 471 -1 -1 -1 0 
1015 1 0 0 559 472 -1 -1 -1 0 
1016 1 0 0 560 472 -1 -1 -1 0 
1017 1 0 0 558 472 -1 -1 -1 0 
1018 1 0 0 559 472 -1 -1 -1 0 
1019 1 0 0 559 472 -1 -1 -1 0 
1020 1 0 0 559 473 -1 -1 -1 0 
1021 1 0 0 559 473 -1 -1 -1 0 
1022 1 0 0 559 472 -1 -1 -1 0 
1023 1 0 0 559 471 -1 -1 -1 0 
1024 1 0 0 559 471 -1 -1 -1 0 
1025 1 0 0 560 472 -1 -1 -1 0 
1026 1 0 0 559 472 -1 -1 -1 0 
1027 1 0 0 558 472 -1 -1 -1 0 
1028 1 0 0 558 471 -1 -1 -1 0 
1029 1 0 0 558 471 -1 -1 -1 0 
1030 1 0 0 558 471 -1 -1 -1 0 
1031 1 0 0 558 471 -1 -1 -1 0 
1032 1 0 0 558 472 -1 -1 -1 0 
1033 1 0 0 559 472 -1 -1 -1 0 
1034 1 0 0 558 471 -1 -1 -1 0 
1035 1 0 0 558 471 -1 -1 -1 0 
1036 1 1 0 557 471 -1 -1 -1 0 
1037 1 0 0 558 470 -1 -1 -1 0 
1038 1 0 0 559 470 -1 -1 -1 0 
1039 1 1 0 558 471 -1 -1 -1 0 
1040 1 1 0 558 471 -1 -1 -1 0 
1041 1 1 0 557 471 -1 -1 -1 0 
1042 1 1 0 558 471 -1 -1 -1 0 
1043 1 1 0 558 471 -1 -1 -1 0 
1044 1 1 0 559 471 -1 -1 -1 0 
1045 1 1 0 558 472 -1 -1 -1 0 
1046 1 1 0 557 472 -1 -1 -1 0 
1047 1 1 0 557 471 -1 -1 -1 0 
1048 1 2 0 555 471 -1 -1 -1 0 
1049 1 2 0 557 472 -1 -1 -1 0 
1050 1 1 0 558 472 -1 -1 -1 0 
1051 1 1 0 557 472 -1 -1 -1 0 
1052 1 0 0 560 471 -1 -1 -1 0 
1053 1 2 0 556 471 -1 -1 -1 0 
1054 1 0 0 558 471 -1 -1 -1 0 
1055 1 0 0 560 472 -1 -1 -1 0 
1056 1 0 0 560 473 -1 -1 -1 0 
1057 1 0 0 561 472 -1 -1 -1 0 
1058 1 2 0 558 474 -1 -1 -1 0 
1059 1 1 0 562 473 -1 -1 -1 0 
1060 1 2 0 560 472 -1 -1 -1 0 
1061 1 1 0 561 474 -1 -1 -1 0 
1062 1 1 0 562 474 -1 -1 -1 0 
1063 1 1 0 559 474 -1 -1 -1 0 
1064 1 1 0 559 474 -1 -1 -1 0 
1065 1 1 0 560 474 -1 -1 -1 0 
1066 1 3 0 557 473 -1 -1 -1 0 
1067 1 2 0 558 473 -1 -1 -1 0 
1068 1 0 0 560 473 -1 -1 -1 0 
1069 1 0 0 559 472 -1 -1 -1 0 
1070 1 0 0 559 472 -1 -1 -1 0 
1071 1 0 0 558 472 -1 -1 -1 0 
1072 1 0 0 558 472 -1 -1 -1 0 
1073 1 0 0 558 472 -1 -1 -1 0 
1074 1 0 0 557 472 -1 -1 -1 0 
1075 1 0 0 558 472 -1 -1 -1 0 
1076 1 0 0 558 472 -1 -1 -1 0 
1077 1 0 0 557 471 -1 -1 -1 0 
1078 1 0 0 557 471 -1 -1 -1 0 
1079 1 0 0 558 471 -1 -1 -1 0 
1080 1 0 0 557 470 -1 -1 -1 0 
1081 1 0 0 556 471 -1 -1 -1 0 
1082 1 0 0 556 471 -1 -1 -1 0 
1083 1 1 0 554 471 -1 -1 -1 0 
1084 1 1 0 554 471 -1 -1 -1 0 
1085 1 0 0 556 471 -1 -1 -1 0 
1086 1 0 0 557 472 -1 -1 -1 0 
1087 1 0 0 557 471 -1 -1 -1 0 
1088 1 1 0 555 471 -1 -1 -1 0 
1089 1 0 0 558 470 -1 -1 -1 0 
1090 1 0 0 558 472 -1 -1 -1 0 
1091 1 0 0 557 472 -1 -1 -1 0 
1092 1 1 0 556 471 -1 -1 -1 0 
1093 1 1 0 557 471 -1 -1 -1 0 
1094 1 3 0 555 472 -1 -1 -1 0 
1095 1 2 0 555 472 -1 -1 -1 0 
1096 1 2 0 556 472 -1 -1 -1 0 
1097 1 2 0 556 473 -1 -1 -1 0 
1098 1 8 0 551 473 -1 -1 -1 0 
1099 1 8 0 551 474 -1 -1 -1 0 
1100 1 7 1 553 473 -1 -1 -1 0 
1101 1 4 0 554 473 -1 -1 -1 0 
1102 1 4 0 554 474 -1 -1 -1 0 
1103 1 5 1 552 474 -1 -1 -1 0 
1104 1 4 1 554 475 -1 -1 -1 0 
1105 1 3 3 556 472 -1 -1 -1 0 
1106 1 4 3 554 472 -1 -1 -1 0 
1107 1 4 3 555 472 -1 -1 -1 0 
1108 1 4 2 553 473 -1 -1 -1 0 
1109 1 3 2 555 473 -1 -1 -1 0 
1110 1 2 3 557 471 -1 -1 -1 0 
1111 1 4 2 555 472 -1 -1 -1 0 
1112 1 3 0 558 472 -1 -1 -1 0 
1113 1 3 1 559 472 -1 -1 -1 0 
1114 1 3 1 558 473 -1 -1 -1 0 
1115 1 2 2 560 473 -1 -1 -1 0 
1116 1 3 2 555 473 -1 -1 -1 0 
1117 1 3 2 555 474 -1 -1 -1 0 
1118 1 2 2 554 473 -1 -1 -1 0 
1119 1 2 2 553 474 -1 -1 -1 0 
1120 1 0 3 556 473 -1 -1 -1 0 
1121 1 0 4 555 472 -1 -1 -1 0 
1122 1 1 3 556 473 -1 -1 -1 0 
1123 1 3 4 552 472 -1 -1 -1 0 
1124 1 3 4 554 472 -1 -1 -1 0 
1125 1 3 5 555 470 -1 -1 -1 0 
1126 1 4 5 553 470 -1 -1 -1 0 
1127 1 3 5 554 470 -1 -1 -1 0 
1128 1 4 4 552 472 -1 -1 -1 0 
1129 1 3 2 554 473 -1 -1 -1 0 
1130 1 3 1 554 475 -1 -1 -1 0 
1131 1 2 2 556 474 -1 -1 -1 0 
1132 1 4 3 553 472 -1 -1 -1 0 
1133 1 4 3 552 472 -1 -1 -1 0 
1134 1 5 3 553 472 -1 -1 -1 0 
1135 1 3 3 555 472 -1 -1 -1 0 
1136 1 3 3 555 473 -1 -1 -1 0 
1137 1 5 2 554 473 -1 -1 -1 0 
1138 1 5 2 554 473 -1 -1 -1 0 
1139 1 3 3 556 472 -1 -1 -1 0 
1140 1 3 3 555 473 -1 -1 -1 0 
1141 1 3 2 555 473 -1 -1 -1 0 
1142 1 4 2 554 473 -1 -1 -1 0 
1143 1 4 1 554 474 -1 -1 -1 0 
1144 1 4 1 554 474 -1 -1 -1 0 
1145 1 5 1 551 473 -1 -1 -1 0 
1146 1 5 0 554 474 -1 -1 -1 0 
1147 1 5 0 554 474 -1 -1 -1 0 
1148 1 4 0 554 474 -1 -1 -1 0 
1149 1 5 0 551 474 -1 -1 -1 0 
1150 1 3 0 554 473 -1 -1 -1 0 
1151 1 1 0 554 473 -1 -1 -1 0 
1152 1 0 0 555 473 -1 -1 -1 0 
1153 1 0 0 553 474 -1 -1 -1 0 
1154 1 0 0 552 474 -1 -1 -1 0 
1155 1 0 0 551 473 -1 -1 -1 0 
1156 1 0 0 552 474 -1 -1 -1 0 
1157 1 1 0 553 475 -1 -1 -1 0 
1158 1 1 0 554 475 -1 -1 -1 0 
1159 1 2 0 551 474 -1 -1 -1 0 
1160 1 1 0 555 474 -1 -1 -1 0 
1161 1 3 0 554 474 -1 -1 -1 0 
1162 1 4 0 554 474 -1 -1 -1 0 
1163 1 2 0 555 474 -1 -1 -1 0 
1164 1 2 0 555 474 -1 -1 -1 0 
1165 1 1 0 557 475 -1 -1 -1 0 
1166 1 1 0 557 474 -1 -1 -1 0 
1167 1 6 3 553 469 -1 -1 -1 0 
1168 1 7 3 552 469 -1 -1 -1 0 
1169 1 7 3 552 470 -1 -1 -1 0 
1170 1 5 3 556 470 -1 -1 -1 0 
1171 1 5 4 556 470 -1 -1 -1 0 
1172 1 9 5 545 468 -1 -1 -1 0 
1173 1 9 6 544 468 -1 -1 -1 0 
1174 1 21 4 536 471 -1 -1 -1 0 
1175 1 18 1 544 474 -1 -1 -1 0 
1176 1 16 1 539 473 -1 -1 -1 0 
1177 1 14 1 539 473 -1 -1 -1 0 
1178 1 5 1 592 469 -1 -1 -1 0 
1179 1 6 0 593 470 -1 -1 -1 0 
1180 1 5 0 593 469 -1 -1 -1 0 
1181 1 4 0 593 467 -1 -1 -1 0 
1182 1 3 0 593 467 -1 -1 -1 0 
1183 1 5 0 593 465 -1 -1 -1 0 
1184 1 5 0 593 464 -1 -1 -1 0 
1185 1 3 0 594 466 -1 -1 -1 0 
1186 1 5 0 592 468 -1 -1 -1 0 
1187 1 5 0 592 467 -1 -1 -1 0 
