3 1 4 0 561 472 -1 -1 -1 0 
4 1 3 1 562 470 -1 -1 -1 0 
5 1 4 3 559 468 -1 -1 -1 0 
6 1 5 3 558 469 -1 -1 -1 0 
7 1 3 0 562 474 -1 -1 -1 0 
8 1 6 13 567 460 -1 -1 -1 0 
9 1 9 16 562 457 -1 -1 -1 0 
10 1 11 18 560 456 -1 -1 -1 0 
11 1 11 17 560 457 -1 -1 -1 0 
12 1 9 18 563 455 -1 -1 -1 0 
13 1 9 18 563 455 -1 -1 -1 0 
14 1 5 4 561 470 -1 -1 -1 0 
15 1 2 2 564 470 -1 -1 -1 0 
16 1 6 15 566 457 -1 -1 -1 0 
17 1 8 19 564 453 -1 -1 -1 0 
18 1 9 19 562 453 -1 -1 -1 0 
19 1 5 4 557 470 -1 -1 -1 0 
20 1 3 5 556 466 -1 -1 -1 0 
21 1 2 4 558 467 -1 -1 -1 0 
22 1 1 4 562 466 -1 -1 -1 0 
23 1 2 4 561 467 -1 -1 -1 0 
24 1 3 4 557 468 -1 -1 -1 0 
25 1 3 4 559 467 -1 -1 -1 0 
26 1 1 0 565 471 -1 -1 -1 0 
27 1 1 0 565 471 -1 -1 -1 0 
28 1 2 0 563 472 -1 -1 -1 0 
29 1 0 0 566 472 -1 -1 -1 0 
30 1 1 0 562 472 -1 -1 -1 0 
31 1 0 0 563 473 -1 -1 -1 0 
32 1 0 0 563 473 -1 -1 -1 0 
33 1 0 0 563 472 -1 -1 -1 0 
34 1 0 0 565 472 -1 -1 -1 0 
35 1 0 0 566 473 -1 -1 -1 0 
36 1 0 0 565 472 -1 -1 -1 0 
37 1 0 0 563 473 -1 -1 -1 0 
38 1 0 0 563 472 -1 -1 -1 0 
39 1 0 0 564 472 -1 -1 -1 0 
40 1 0 0 565 472 -1 -1 -1 0 
41 1 0 0 565 472 -1 -1 -1 0 
42 1 0 0 567 471 -1 -1 -1 0 
43 1 0 0 564 470 -1 -1 -1 0 
44 1 0 0 564 470 -1 -1 -1 0 
45 1 0 0 565 470 -1 -1 -1 0 
46 1 0 0 564 470 -1 -1 -1 0 
47 1 0 0 564 469 -1 -1 -1 0 
48 1 0 0 564 468 -1 -1 -1 0 
49 1 0 0 563 468 -1 -1 -1 0 
50 1 0 0 564 468 -1 -1 -1 0 
51 1 0 0 563 467 -1 -1 -1 0 
52 1 0 0 565 469 -1 -1 -1 0 
53 1 0 0 567 469 -1 -1 -1 0 
54 1 0 0 565 468 -1 -1 -1 0 
55 1 0 0 565 469 -1 -1 -1 0 
56 1 0 0 566 470 -1 -1 -1 0 
57 1 0 0 567 470 -1 -1 -1 0 
58 1 0 0 566 470 -1 -1 -1 0 
59 1 0 0 567 471 -1 -1 -1 0 
60 1 1 0 565 471 -1 -1 -1 0 
61 1 1 0 565 471 -1 -1 -1 0 
62 1 0 0 568 471 -1 -1 -1 0 
63 1 1 0 567 471 -1 -1 -1 0 
64 1 1 0 565 471 -1 -1 -1 0 
65 1 1 0 564 471 -1 -1 -1 0 
66 1 1 0 565 471 -1 -1 -1 0 
67 1 2 0 563 471 -1 -1 -1 0 
68 1 0 0 567 472 -1 -1 -1 0 
69 1 0 0 568 472 -1 -1 -1 0 
70 1 1 0 567 472 -1 -1 -1 0 
71 1 1 0 567 471 -1 -1 -1 0 
72 1 1 0 567 470 -1 -1 -1 0 
73 1 1 0 565 470 -1 -1 -1 0 
74 1 2 0 564 469 -1 -1 -1 0 
75 1 1 0 565 471 -1 -1 -1 0 
76 1 1 0 566 471 -1 -1 -1 0 
77 1 1 0 567 471 -1 -1 -1 0 
78 1 2 0 564 471 -1 -1 -1 0 
79 1 1 0 566 470 -1 -1 -1 0 
80 1 2 0 564 470 -1 -1 -1 0 
81 1 2 0 563 470 -1 -1 -1 0 
82 1 1 0 565 470 -1 -1 -1 0 
83 1 1 0 566 470 -1 -1 -1 0 
84 1 3 0 562 470 -1 -1 -1 0 
85 1 1 0 565 471 -1 -1 -1 0 
86 1 1 0 559 472 -1 -1 -1 0 
87 1 0 0 562 472 -1 -1 -1 0 
88 1 1 0 564 472 -1 -1 -1 0 
89 1 1 0 565 471 -1 -1 -1 0 
90 1 2 0 564 471 -1 -1 -1 0 
91 1 0 0 568 471 -1 -1 -1 0 
92 1 2 0 566 469 -1 -1 -1 0 
93 1 2 0 563 469 -1 -1 -1 0 
94 1 0 0 566 470 -1 -1 -1 0 
95 1 1 0 564 471 -1 -1 -1 0 
96 1 1 0 565 471 -1 -1 -1 0 
97 1 1 0 563 471 -1 -1 -1 0 
98 1 0 0 567 471 -1 -1 -1 0 
99 1 1 0 566 470 -1 -1 -1 0 
100 1 2 0 563 471 -1 -1 -1 0 
101 1 1 0 566 472 -1 -1 -1 0 
102 1 1 0 569 471 -1 -1 -1 0 
103 1 3 0 563 470 -1 -1 -1 0 
104 1 3 0 563 469 -1 -1 -1 0 
105 1 2 0 565 469 -1 -1 -1 0 
106 1 3 0 564 468 -1 -1 -1 0 
107 1 4 0 561 468 -1 -1 -1 0 
108 1 1 0 565 469 -1 -1 -1 0 
109 1 0 0 566 470 -1 -1 -1 0 
110 1 0 0 566 471 -1 -1 -1 0 
111 1 0 0 570 472 -1 -1 -1 0 
112 1 0 0 567 471 -1 -1 -1 0 
113 1 0 0 566 471 -1 -1 -1 0 
114 1 0 0 569 471 -1 -1 -1 0 
115 1 0 0 566 471 -1 -1 -1 0 
116 1 1 0 563 471 -1 -1 -1 0 
117 1 0 0 566 472 -1 -1 -1 0 
118 1 0 0 567 472 -1 -1 -1 0 
119 1 1 0 566 471 -1 -1 -1 0 
120 1 0 0 568 471 -1 -1 -1 0 
121 1 1 0 567 470 -1 -1 -1 0 
122 1 2 0 565 470 -1 -1 -1 0 
123 1 1 0 564 471 -1 -1 -1 0 
124 1 1 0 564 472 -1 -1 -1 0 
125 1 2 0 562 472 -1 -1 -1 0 
126 1 0 0 565 472 -1 -1 -1 0 
127 1 0 0 565 472 -1 -1 -1 0 
128 1 2 0 561 472 -1 -1 -1 0 
129 1 0 0 564 471 -1 -1 -1 0 
130 1 2 0 559 472 -1 -1 -1 0 
131 1 1 0 560 472 -1 -1 -1 0 
132 1 2 0 561 470 -1 -1 -1 0 
133 1 1 0 563 472 -1 -1 -1 0 
134 1 1 0 561 473 -1 -1 -1 0 
135 1 0 0 564 474 -1 -1 -1 0 
136 1 0 0 565 473 -1 -1 -1 0 
137 1 2 0 559 474 -1 -1 -1 0 
138 1 2 0 560 474 -1 -1 -1 0 
139 1 1 0 562 473 -1 -1 -1 0 
140 1 1 0 561 472 -1 -1 -1 0 
141 1 1 0 557 471 -1 -1 -1 0 
142 1 2 0 560 471 -1 -1 -1 0 
143 1 1 0 561 471 -1 -1 -1 0 
144 1 0 0 562 473 -1 -1 -1 0 
145 1 0 0 563 473 -1 -1 -1 0 
146 1 1 0 562 472 -1 -1 -1 0 
147 1 0 0 565 472 -1 -1 -1 0 
148 1 0 0 566 471 -1 -1 -1 0 
149 1 2 0 563 471 -1 -1 -1 0 
150 1 2 0 563 471 -1 -1 -1 0 
151 1 1 0 564 472 -1 -1 -1 0 
152 1 1 0 563 473 -1 -1 -1 0 
153 1 2 0 561 473 -1 -1 -1 0 
154 1 3 0 559 473 -1 -1 -1 0 
155 1 1 0 561 473 -1 -1 -1 0 
156 1 1 0 562 474 -1 -1 -1 0 
157 1 2 0 560 474 -1 -1 -1 0 
158 1 1 0 561 474 -1 -1 -1 0 
159 1 1 0 561 474 -1 -1 -1 0 
160 1 1 0 561 474 -1 -1 -1 0 
161 1 2 0 561 473 -1 -1 -1 0 
162 1 1 0 564 474 -1 -1 -1 0 
163 1 1 0 562 475 -1 -1 -1 0 
164 1 1 0 562 475 -1 -1 -1 0 
165 1 1 0 562 474 -1 -1 -1 0 
166 1 1 0 561 475 -1 -1 -1 0 
167 1 1 0 560 474 -1 -1 -1 0 
168 1 1 0 561 474 -1 -1 -1 0 
169 1 0 0 564 474 -1 -1 -1 0 
170 1 3 0 559 473 -1 -1 -1 0 
171 1 3 0 560 472 -1 -1 -1 0 
172 1 3 0 560 473 -1 -1 -1 0 
173 1 3 0 560 473 -1 -1 -1 0 
174 1 2 0 562 473 -1 -1 -1 0 
175 1 2 0 563 473 -1 -1 -1 0 
176 1 2 0 562 472 -1 -1 -1 0 
177 1 1 0 564 473 -1 -1 -1 0 
178 1 0 0 565 473 -1 -1 -1 0 
179 1 2 0 561 473 -1 -1 -1 0 
180 1 0 0 565 474 -1 -1 -1 0 
181 1 1 0 564 473 -1 -1 -1 0 
182 1 1 0 564 473 -1 -1 -1 0 
183 1 2 0 561 473 -1 -1 -1 0 
184 1 1 0 563 473 -1 -1 -1 0 
185 1 0 0 566 474 -1 -1 -1 0 
186 1 2 0 562 473 -1 -1 -1 0 
187 1 2 0 560 475 -1 -1 -1 0 
188 1 1 0 562 473 -1 -1 -1 0 
189 1 2 0 560 473 -1 -1 -1 0 
190 1 1 0 560 474 -1 -1 -1 0 
191 1 0 0 563 474 -1 -1 -1 0 
192 1 1 0 560 473 -1 -1 -1 0 
193 1 0 0 561 473 -1 -1 -1 0 
194 1 2 0 557 473 -1 -1 -1 0 
195 1 1 0 562 473 -1 -1 -1 0 
196 1 0 0 564 474 -1 -1 -1 0 
197 1 0 0 563 475 -1 -1 -1 0 
198 1 0 0 563 475 -1 -1 -1 0 
199 1 0 0 563 475 -1 -1 -1 0 
200 1 1 0 560 475 -1 -1 -1 0 
201 1 0 0 562 474 -1 -1 -1 0 
202 1 0 0 562 474 -1 -1 -1 0 
203 1 0 0 565 476 -1 -1 -1 0 
204 1 1 0 561 476 -1 -1 -1 0 
205 1 0 0 563 476 -1 -1 -1 0 
206 1 0 0 562 476 -1 -1 -1 0 
207 1 0 0 564 475 -1 -1 -1 0 
208 1 0 0 564 475 -1 -1 -1 0 
209 1 0 0 565 474 -1 -1 -1 0 
210 1 0 0 566 474 -1 -1 -1 0 
211 1 0 0 566 474 -1 -1 -1 0 
212 1 0 0 567 474 -1 -1 -1 0 
213 1 0 0 566 474 -1 -1 -1 0 
214 1 1 0 562 473 -1 -1 -1 0 
215 1 0 0 563 473 -1 -1 -1 0 
216 1 0 0 565 474 -1 -1 -1 0 
217 1 0 0 561 474 -1 -1 -1 0 
218 1 0 0 563 475 -1 -1 -1 0 
219 1 0 0 562 475 -1 -1 -1 0 
220 1 0 0 563 475 -1 -1 -1 0 
221 1 1 0 560 475 -1 -1 -1 0 
222 1 0 0 562 475 -1 -1 -1 0 
223 1 0 0 562 473 -1 -1 -1 0 
224 1 0 0 565 474 -1 -1 -1 0 
225 1 0 0 562 473 -1 -1 -1 0 
226 1 0 0 561 472 -1 -1 -1 0 
227 1 0 0 563 473 -1 -1 -1 0 
228 1 0 0 560 473 -1 -1 -1 0 
229 1 0 0 561 473 -1 -1 -1 0 
230 1 0 0 564 474 -1 -1 -1 0 
231 1 0 0 564 475 -1 -1 -1 0 
232 1 0 0 562 474 -1 -1 -1 0 
233 1 1 0 557 473 -1 -1 -1 0 
234 1 0 0 560 473 -1 -1 -1 0 
235 1 0 0 560 474 -1 -1 -1 0 
236 1 0 0 562 474 -1 -1 -1 0 
237 1 0 0 566 475 -1 -1 -1 0 
238 1 3 0 570 475 -1 -1 -1 0 
239 1 8 0 565 472 -1 -1 -1 0 
240 1 3 14 580 455 -1 -1 -1 0 
241 1 11 18 582 458 -1 -1 -1 0 
242 1 11 15 576 461 -1 -1 -1 0 
243 1 10 4 614 475 -1 -1 -1 0 
244 1 10 3 622 476 -1 -1 -1 0 
245 1 7 7 632 472 -1 -1 -1 0 
246 1 169 5 460 474 -1 -1 -1 0 
247 1 179 0 456 478 -1 -1 -1 0 
250 1 29 21 610 446 -1 -1 -1 0 
255 1 61 25 578 454 -1 -1 -1 0 
261 2 482 4 156 464 -1 -1 -1 0 
264 2 432 0 207 472 -1 -1 -1 0 
265 2 478 0 160 465 -1 -1 -1 0 
266 2 481 0 158 465 -1 -1 -1 0 
267 2 491 0 147 471 -1 -1 -1 0 
268 2 491 0 148 468 -1 -1 -1 0 
269 2 492 0 147 468 -1 -1 -1 0 
270 2 494 0 145 475 -1 -1 -1 0 
271 2 493 0 146 478 -1 -1 -1 0 
272 2 492 0 147 479 -1 -1 -1 0 
273 2 492 0 147 478 -1 -1 -1 0 
274 2 491 0 148 477 -1 -1 -1 0 
276 2 487 118 152 344 -1 -1 -1 0 
277 2 483 130 154 341 -1 -1 -1 0 
278 2 478 133 158 339 -1 -1 -1 0 
280 2 463 125 175 348 -1 -1 -1 0 
281 2 439 46 197 427 -1 -1 -1 0 
282 2 415 25 223 451 -1 -1 -1 0 
283 2 360 26 279 448 -1 -1 -1 0 
284 2 345 26 294 448 -1 -1 -1 0 
285 2 297 23 342 452 -1 -1 -1 0 
286 2 315 13 322 462 -1 -1 -1 0 
287 2 323 1 315 473 -1 -1 -1 0 
288 2 340 30 298 438 -1 -1 -1 0 
292 2 407 20 226 451 -1 -1 -1 0 
293 2 415 25 221 444 -1 -1 -1 0 
294 2 419 50 220 420 -1 -1 -1 0 
295 2 421 57 218 414 -1 -1 -1 0 
296 2 426 15 212 460 -1 -1 -1 0 
297 2 429 4 207 471 -1 -1 -1 0 
298 2 427 0 210 477 -1 -1 -1 0 
299 2 424 0 213 476 -1 -1 -1 0 
300 2 424 0 214 475 -1 -1 -1 0 
301 2 418 0 221 476 -1 -1 -1 0 
302 2 418 0 220 473 -1 -1 -1 0 
303 2 418 0 221 472 -1 -1 -1 0 
304 2 414 24 224 444 -1 -1 -1 0 
305 2 410 38 228 433 -1 -1 -1 0 
306 2 406 9 230 466 -1 -1 -1 0 
307 2 400 18 237 454 -1 -1 -1 0 
308 2 396 32 241 438 -1 -1 -1 0 
309 2 396 33 240 438 -1 -1 -1 0 
310 2 398 2 237 475 -1 -1 -1 0 
311 2 395 0 243 476 -1 -1 -1 0 
312 2 400 37 236 435 -1 -1 -1 0 
313 2 401 29 233 450 -1 -1 -1 0 
314 2 398 60 239 412 -1 -1 -1 0 
315 2 396 68 242 401 -1 -1 -1 0 
316 2 400 69 238 399 -1 -1 -1 0 
317 2 400 66 238 402 -1 -1 -1 0 
318 2 411 62 228 408 -1 -1 -1 0 
319 2 432 66 205 401 -1 -1 -1 0 
320 2 465 65 172 411 -1 -1 -1 0 
375 2 531 68 108 411 -1 -1 -1 0 
377 3 446 0 192 475 -1 -1 -1 0 
378 3 446 0 193 475 -1 -1 -1 0 
379 3 444 0 195 475 -1 -1 -1 0 
380 3 451 0 188 474 -1 -1 -1 0 
381 3 473 0 166 472 -1 -1 -1 0 
382 3 458 0 181 474 -1 -1 -1 0 
383 3 439 0 200 474 -1 -1 -1 0 
384 3 412 0 224 473 -1 -1 -1 0 
385 3 396 0 241 472 -1 -1 -1 0 
386 3 373 0 266 466 -1 -1 -1 0 
387 3 345 0 291 472 -1 -1 -1 0 
388 3 335 0 304 470 -1 -1 -1 0 
389 3 343 0 296 471 -1 -1 -1 0 
390 3 353 0 286 476 -1 -1 -1 0 
391 3 329 5 302 467 -1 -1 -1 0 
392 3 310 3 313 471 -1 -1 -1 0 
393 3 281 2 329 469 -1 -1 -1 0 
394 3 231 0 351 472 -1 -1 -1 0 
395 3 217 3 355 472 -1 -1 -1 0 
396 3 188 4 372 472 -1 -1 -1 0 
397 3 142 3 396 474 -1 -1 -1 0 
398 3 132 10 398 464 -1 -1 -1 0 
399 3 123 10 401 460 -1 -1 -1 0 
400 3 121 9 388 463 -1 -1 -1 0 
401 3 121 9 380 458 -1 -1 -1 0 
402 3 130 6 359 457 -1 -1 -1 0 
403 3 141 5 334 462 -1 -1 -1 0 
404 3 142 7 329 457 -1 -1 -1 0 
405 3 143 5 324 462 -1 -1 -1 0 
406 3 146 7 322 462 -1 -1 -1 0 
407 3 160 6 305 460 -1 -1 -1 0 
408 3 166 3 298 466 -1 -1 -1 0 
409 3 169 3 296 469 -1 -1 -1 0 
410 3 171 7 295 463 -1 -1 -1 0 
411 3 167 4 298 468 -1 -1 -1 0 
412 3 166 4 297 468 -1 -1 -1 0 
413 3 157 5 300 465 -1 -1 -1 0 
414 3 155 3 301 466 -1 -1 -1 0 
415 3 139 0 314 471 -1 -1 -1 0 
416 3 131 3 309 466 -1 -1 -1 0 
417 3 129 3 303 469 -1 -1 -1 0 
418 3 119 6 301 463 -1 -1 -1 0 
419 3 109 0 303 476 -1 -1 -1 0 
420 3 102 3 302 471 -1 -1 -1 0 
421 3 102 2 303 472 -1 -1 -1 0 
422 3 98 0 299 474 -1 -1 -1 0 
423 3 93 0 286 477 -1 -1 -1 0 
424 3 91 0 278 479 -1 -1 -1 0 
425 3 90 0 274 479 -1 -1 -1 0 
426 3 89 0 268 479 -1 -1 -1 0 
427 3 91 0 260 479 -1 -1 -1 0 
428 3 87 21 262 431 -1 -1 -1 0 
429 3 90 1 237 475 -1 -1 -1 0 
430 3 91 3 234 473 -1 -1 -1 0 
431 3 120 0 200 473 -1 -1 -1 0 
432 3 142 0 184 474 -1 -1 -1 0 
433 3 194 5 143 468 -1 -1 -1 0 
434 3 203 6 142 464 -1 -1 -1 0 
435 3 206 4 155 475 -1 -1 -1 0 
436 3 202 9 165 468 -1 -1 -1 0 
437 3 191 13 181 460 -1 -1 -1 0 
438 3 182 14 206 459 -1 -1 -1 0 
439 3 179 18 214 451 -1 -1 -1 0 
440 3 180 18 219 450 -1 -1 -1 0 
441 3 182 20 222 448 -1 -1 -1 0 
442 3 188 31 224 434 -1 -1 -1 0 
443 3 198 33 218 433 -1 -1 -1 0 
444 3 207 35 218 437 -1 -1 -1 0 
445 3 212 39 217 432 -1 -1 -1 0 
446 3 227 43 208 426 -1 -1 -1 0 
447 3 232 44 205 425 -1 -1 -1 0 
448 3 236 46 204 423 -1 -1 -1 0 
449 3 239 47 203 421 -1 -1 -1 0 
450 3 238 47 204 422 -1 -1 -1 0 
451 3 237 49 204 419 -1 -1 -1 0 
452 3 234 51 202 418 -1 -1 -1 0 
453 3 232 54 200 414 -1 -1 -1 0 
454 3 226 55 198 416 -1 -1 -1 0 
455 3 225 56 194 415 -1 -1 -1 0 
456 3 218 57 195 415 -1 -1 -1 0 
457 3 215 60 195 411 -1 -1 -1 0 
458 3 211 64 195 407 -1 -1 -1 0 
459 3 209 66 193 405 -1 -1 -1 0 
460 3 207 69 190 402 -1 -1 -1 0 
461 3 206 71 189 399 -1 -1 -1 0 
462 3 206 73 188 397 -1 -1 -1 0 
463 3 209 76 185 392 -1 -1 -1 0 
464 3 211 78 182 388 -1 -1 -1 0 
465 3 214 77 178 391 -1 -1 -1 0 
466 3 217 76 176 392 -1 -1 -1 0 
467 3 220 78 174 389 -1 -1 -1 0 
468 3 229 80 167 387 -1 -1 -1 0 
469 3 230 82 169 386 -1 -1 -1 0 
470 3 232 83 167 385 -1 -1 -1 0 
471 3 235 86 165 383 -1 -1 -1 0 
472 3 237 88 162 381 -1 -1 -1 0 
473 3 238 89 159 381 -1 -1 -1 0 
474 3 239 88 157 384 -1 -1 -1 0 
475 3 238 88 158 385 -1 -1 -1 0 
476 3 237 93 157 381 -1 -1 -1 0 
477 3 234 97 156 377 -1 -1 -1 0 
478 3 232 99 155 376 -1 -1 -1 0 
479 3 225 101 157 374 -1 -1 -1 0 
480 3 213 103 169 373 -1 -1 -1 0 
481 3 213 99 164 380 -1 -1 -1 0 
482 3 209 102 157 377 -1 -1 -1 0 
483 3 206 105 157 374 -1 -1 -1 0 
484 3 204 104 156 375 -1 -1 -1 0 
485 3 204 107 155 372 -1 -1 -1 0 
486 3 205 109 154 370 -1 -1 -1 0 
487 3 206 111 153 367 -1 -1 -1 0 
488 3 206 114 153 364 -1 -1 -1 0 
489 3 206 115 152 364 -1 -1 -1 0 
490 3 206 116 152 363 -1 -1 -1 0 
491 3 206 117 152 360 -1 -1 -1 0 
492 3 206 115 153 363 -1 -1 -1 0 
493 3 205 116 154 363 -1 -1 -1 0 
494 3 205 118 155 361 -1 -1 -1 0 
495 3 206 119 155 360 -1 -1 -1 0 
496 3 206 121 155 358 -1 -1 -1 0 
497 3 207 121 155 358 -1 -1 -1 0 
498 3 208 121 154 358 -1 -1 -1 0 
499 3 208 117 156 362 -1 -1 -1 0 
500 3 208 114 157 365 -1 -1 -1 0 
501 3 208 114 158 365 -1 -1 -1 0 
502 3 211 114 156 365 -1 -1 -1 0 
503 3 211 113 156 366 -1 -1 -1 0 
504 3 213 112 155 367 -1 -1 -1 0 
505 3 214 111 155 368 -1 -1 -1 0 
506 3 214 111 154 368 -1 -1 -1 0 
507 3 214 111 154 368 -1 -1 -1 0 
508 3 214 112 154 367 -1 -1 -1 0 
509 3 215 111 155 368 -1 -1 -1 0 
510 3 216 111 155 368 -1 -1 -1 0 
511 3 220 113 146 363 -1 -1 -1 0 
512 3 220 114 145 361 -1 -1 -1 0 
513 3 216 111 158 367 -1 -1 -1 0 
514 3 222 112 143 362 -1 -1 -1 0 
515 3 216 111 157 367 -1 -1 -1 0 
516 3 218 111 155 368 -1 -1 -1 0 
517 3 217 112 157 366 -1 -1 -1 0 
518 3 218 112 155 366 -1 -1 -1 0 
519 3 223 113 141 362 -1 -1 -1 0 
520 3 223 114 140 360 -1 -1 -1 0 
521 3 217 111 155 368 -1 -1 -1 0 
522 3 217 111 156 368 -1 -1 -1 0 
523 3 217 111 156 368 -1 -1 -1 0 
524 3 222 111 142 365 -1 -1 -1 0 
525 3 215 110 157 369 -1 -1 -1 0 
526 3 215 108 157 371 -1 -1 -1 0 
527 3 213 108 158 371 -1 -1 -1 0 
528 3 216 110 149 367 -1 -1 -1 0 
529 3 211 109 157 370 -1 -1 -1 0 
530 3 214 110 148 366 -1 -1 -1 0 
531 3 215 110 145 365 -1 -1 -1 0 
532 3 215 110 145 366 -1 -1 -1 0 
533 3 216 110 145 365 -1 -1 -1 0 
534 3 220 111 150 365 -1 -1 -1 0 
535 3 223 111 152 365 -1 -1 -1 0 
536 3 230 111 154 365 -1 -1 -1 0 
537 3 234 105 153 373 -1 -1 -1 0 
538 3 241 103 161 374 -1 -1 -1 0 
539 3 246 96 163 381 -1 -1 -1 0 
540 3 249 88 168 386 -1 -1 -1 0 
541 3 251 86 173 386 -1 -1 -1 0 
542 3 256 81 188 396 -1 -1 -1 0 
543 3 258 78 197 400 -1 -1 -1 0 
544 3 265 73 205 398 -1 -1 -1 0 
545 3 267 70 213 399 -1 -1 -1 0 
546 3 270 70 214 401 -1 -1 -1 0 
547 3 270 67 217 404 -1 -1 -1 0 
548 3 270 59 224 416 -1 -1 -1 0 
549 3 272 53 219 420 -1 -1 -1 0 
550 3 271 37 219 436 -1 -1 -1 0 
551 3 271 26 219 448 -1 -1 -1 0 
552 3 268 15 225 462 -1 -1 -1 0 
553 3 266 7 231 472 -1 -1 -1 0 
554 3 263 2 248 474 -1 -1 -1 0 
555 3 263 0 252 476 -1 -1 -1 0 
556 3 268 0 265 479 -1 -1 -1 0 
557 3 272 0 267 479 -1 -1 -1 0 
558 3 280 0 273 479 -1 -1 -1 0 
559 3 285 0 273 479 -1 -1 -1 0 
560 3 288 0 280 479 -1 -1 -1 0 
561 3 286 0 290 479 -1 -1 -1 0 
562 3 287 0 313 473 -1 -1 -1 0 
563 3 285 0 326 471 -1 -1 -1 0 
564 3 276 2 345 468 -1 -1 -1 0 
565 3 276 4 348 471 -1 -1 -1 0 
566 3 259 4 370 471 -1 -1 -1 0 
567 3 251 3 370 473 -1 -1 -1 0 
568 3 226 1 394 469 -1 -1 -1 0 
569 3 213 1 404 468 -1 -1 -1 0 
570 3 149 6 458 460 -1 -1 -1 0 
571 3 132 10 473 454 -1 -1 -1 0 
572 3 62 11 544 450 -1 -1 -1 0 
573 3 30 11 580 451 -1 -1 -1 0 
574 3 10 13 551 449 -1 -1 -1 0 
575 3 8 14 556 448 -1 -1 -1 0 
576 3 0 13 557 448 -1 -1 -1 0 
577 3 0 10 562 450 -1 -1 -1 0 
578 3 1 7 528 455 -1 -1 -1 0 
579 3 6 3 546 459 -1 -1 -1 0 
580 3 48 0 514 467 -1 -1 -1 0 
581 3 58 0 501 469 -1 -1 -1 0 
582 3 43 0 490 470 -1 -1 -1 0 
583 3 31 0 496 473 -1 -1 -1 0 
584 3 37 2 469 468 -1 -1 -1 0 
585 3 30 1 475 471 -1 -1 -1 0 
586 3 16 3 484 467 -1 -1 -1 0 
587 3 17 1 471 467 -1 -1 -1 0 
588 3 22 0 467 468 -1 -1 -1 0 
589 3 21 0 471 468 -1 -1 -1 0 
590 3 18 0 475 467 -1 -1 -1 0 
591 3 5 0 492 467 -1 -1 -1 0 
592 3 2 0 495 467 -1 -1 -1 0 
594 3 2 0 497 465 -1 -1 -1 0 
596 3 4 0 492 465 -1 -1 -1 0 
597 3 4 0 492 466 -1 -1 -1 0 
598 3 5 0 491 465 -1 -1 -1 0 
599 3 6 0 490 464 -1 -1 -1 0 
600 3 6 0 490 464 -1 -1 -1 0 
601 3 8 0 479 464 -1 -1 -1 0 
608 3 19 0 474 465 -1 -1 -1 0 
609 3 24 0 468 464 -1 -1 -1 0 
611 3 23 0 472 465 -1 -1 -1 0 
612 3 23 0 471 466 -1 -1 -1 0 
613 3 11 0 480 465 -1 -1 -1 0 
614 3 6 0 483 465 -1 -1 -1 0 
615 3 10 0 491 468 -1 -1 -1 0 
616 3 10 0 495 469 -1 -1 -1 0 
617 3 2 0 498 465 -1 -1 -1 0 
618 3 2 0 492 465 -1 -1 -1 0 
619 3 1 0 495 463 -1 -1 -1 0 
620 3 3 0 506 470 -1 -1 -1 0 
621 3 3 0 507 467 -1 -1 -1 0 
622 3 4 0 506 467 -1 -1 -1 0 
623 3 6 0 486 470 -1 -1 -1 0 
624 3 12 0 498 467 -1 -1 -1 0 
625 3 10 0 498 468 -1 -1 -1 0 
626 3 1 3 516 465 -1 -1 -1 0 
627 3 3 4 512 464 -1 -1 -1 0 
628 3 1 1 498 469 -1 -1 -1 0 
629 3 0 3 497 468 -1 -1 -1 0 
630 3 5 3 487 469 -1 -1 -1 0 
631 3 9 3 472 465 -1 -1 -1 0 
632 3 32 0 423 469 -1 -1 -1 0 
633 3 41 1 413 470 -1 -1 -1 0 
634 3 72 4 377 472 -1 -1 -1 0 
635 3 102 5 349 471 -1 -1 -1 0 
636 3 74 11 386 464 -1 -1 -1 0 
637 3 53 11 408 466 -1 -1 -1 0 
638 3 35 9 425 464 -1 -1 -1 0 
639 3 29 9 420 470 -1 -1 -1 0 
640 3 22 7 424 472 -1 -1 -1 0 
641 3 26 5 419 474 -1 -1 -1 0 
642 3 41 3 409 476 -1 -1 -1 0 
643 3 71 4 378 469 -1 -1 -1 0 
644 3 81 6 368 465 -1 -1 -1 0 
645 3 93 8 357 462 -1 -1 -1 0 
646 3 101 1 352 470 -1 -1 -1 0 
647 3 106 0 345 470 -1 -1 -1 0 
648 3 116 5 337 468 -1 -1 -1 0 
649 3 112 7 341 469 -1 -1 -1 0 
650 3 113 7 337 466 -1 -1 -1 0 
651 3 116 6 334 460 -1 -1 -1 0 
652 3 116 6 334 457 -1 -1 -1 0 
653 3 119 1 323 469 -1 -1 -1 0 
654 3 114 7 331 462 -1 -1 -1 0 
655 3 113 7 324 468 -1 -1 -1 0 
656 3 99 7 324 464 -1 -1 -1 0 
657 3 97 10 313 459 -1 -1 -1 0 
658 3 84 3 322 470 -1 -1 -1 0 
659 3 89 1 299 469 -1 -1 -1 0 
660 3 81 1 300 468 -1 -1 -1 0 
661 3 59 4 311 469 -1 -1 -1 0 
662 3 63 2 283 472 -1 -1 -1 0 
663 3 60 3 278 467 -1 -1 -1 0 
664 3 57 3 272 468 -1 -1 -1 0 
665 3 53 4 273 469 -1 -1 -1 0 
666 3 54 0 273 475 -1 -1 -1 0 
667 3 53 0 272 477 -1 -1 -1 0 
668 3 54 1 269 474 -1 -1 -1 0 
669 3 52 0 276 476 -1 -1 -1 0 
670 3 56 0 275 476 -1 -1 -1 0 
671 3 59 5 276 472 -1 -1 -1 0 
672 3 72 3 269 470 -1 -1 -1 0 
673 3 85 1 266 478 -1 -1 -1 0 
674 3 108 4 250 467 -1 -1 -1 0 
675 3 116 6 243 464 -1 -1 -1 0 
676 3 130 15 233 454 -1 -1 -1 0 
677 3 136 23 229 445 -1 -1 -1 0 
678 3 146 36 221 430 -1 -1 -1 0 
679 3 152 40 216 426 -1 -1 -1 0 
680 3 158 52 209 414 -1 -1 -1 0 
681 3 162 54 205 414 -1 -1 -1 0 
682 3 166 61 199 411 -1 -1 -1 0 
683 3 168 65 197 408 -1 -1 -1 0 
684 3 173 67 189 406 -1 -1 -1 0 
685 3 175 68 188 404 -1 -1 -1 0 
686 3 176 73 186 397 -1 -1 -1 0 
687 3 181 75 178 397 -1 -1 -1 0 
688 3 184 77 171 396 -1 -1 -1 0 
689 3 187 81 172 392 -1 -1 -1 0 
690 3 193 87 166 387 -1 -1 -1 0 
691 3 194 88 166 386 -1 -1 -1 0 
692 3 198 95 163 378 -1 -1 -1 0 
693 3 205 97 159 376 -1 -1 -1 0 
694 3 207 96 159 376 -1 -1 -1 0 
695 3 212 91 158 388 -1 -1 -1 0 
696 3 221 98 156 378 -1 -1 -1 0 
697 3 225 101 155 373 -1 -1 -1 0 
698 3 229 102 152 372 -1 -1 -1 0 
699 3 232 102 151 373 -1 -1 -1 0 
700 3 234 104 148 372 -1 -1 -1 0 
701 3 235 107 145 370 -1 -1 -1 0 
702 3 234 110 142 367 -1 -1 -1 0 
703 3 233 115 132 362 -1 -1 -1 0 
704 3 233 117 127 359 -1 -1 -1 0 
705 3 234 119 119 357 -1 -1 -1 0 
706 3 238 121 109 355 -1 -1 -1 0 
707 3 243 118 101 359 -1 -1 -1 0 
708 3 247 120 95 357 -1 -1 -1 0 
709 3 248 121 94 355 -1 -1 -1 0 
710 3 244 112 95 367 -1 -1 -1 0 
711 3 242 109 86 370 -1 -1 -1 0 
712 3 237 120 92 357 -1 -1 -1 0 
713 3 232 122 106 351 -1 -1 -1 0 
714 3 231 117 107 356 -1 -1 -1 0 
715 3 226 109 118 370 -1 -1 -1 0 
716 3 224 113 127 363 -1 -1 -1 0 
717 3 214 115 139 360 -1 -1 -1 0 
718 3 208 114 141 362 -1 -1 -1 0 
719 3 204 101 146 378 -1 -1 -1 0 
720 3 201 100 149 379 -1 -1 -1 0 
721 3 193 99 150 380 -1 -1 -1 0 
722 3 190 99 153 380 -1 -1 -1 0 
723 3 189 98 154 381 -1 -1 -1 0 
724 3 187 97 158 382 -1 -1 -1 0 
725 3 189 108 154 369 -1 -1 -1 0 
726 3 189 93 157 386 -1 -1 -1 0 
727 3 191 92 156 387 -1 -1 -1 0 
728 3 193 99 157 380 -1 -1 -1 0 
729 3 202 107 152 371 -1 -1 -1 0 
730 3 205 107 151 371 -1 -1 -1 0 
731 3 205 100 159 379 -1 -1 -1 0 
732 3 214 106 148 373 -1 -1 -1 0 
733 3 218 106 145 373 -1 -1 -1 0 
734 3 221 109 143 369 -1 -1 -1 0 
735 3 223 109 136 369 -1 -1 -1 0 
736 3 224 108 136 370 -1 -1 -1 0 
737 3 225 109 137 369 -1 -1 -1 0 
738 3 227 109 136 370 -1 -1 -1 0 
739 3 227 108 137 371 -1 -1 -1 0 
740 3 228 109 140 368 -1 -1 -1 0 
741 3 229 110 141 367 -1 -1 -1 0 
742 3 230 111 142 366 -1 -1 -1 0 
743 3 230 113 142 363 -1 -1 -1 0 
744 3 231 114 141 361 -1 -1 -1 0 
745 3 231 115 141 360 -1 -1 -1 0 
746 3 231 115 141 360 -1 -1 -1 0 
747 3 231 115 141 360 -1 -1 -1 0 
748 3 232 115 140 360 -1 -1 -1 0 
749 3 232 115 140 359 -1 -1 -1 0 
750 3 232 115 139 360 -1 -1 -1 0 
751 3 232 116 141 359 -1 -1 -1 0 
752 3 232 116 141 359 -1 -1 -1 0 
753 3 232 115 140 360 -1 -1 -1 0 
754 3 233 115 138 360 -1 -1 -1 0 
755 3 232 116 139 360 -1 -1 -1 0 
756 3 233 116 139 359 -1 -1 -1 0 
757 3 233 116 139 359 -1 -1 -1 0 
758 3 233 115 139 360 -1 -1 -1 0 
759 3 233 115 139 359 -1 -1 -1 0 
760 3 232 115 140 360 -1 -1 -1 0 
761 3 233 116 140 359 -1 -1 -1 0 
762 3 233 115 140 360 -1 -1 -1 0 
763 3 232 115 141 359 -1 -1 -1 0 
764 3 233 116 141 358 -1 -1 -1 0 
765 3 233 115 140 359 -1 -1 -1 0 
766 3 233 115 139 360 -1 -1 -1 0 
767 3 233 114 140 360 -1 -1 -1 0 
768 3 233 114 139 361 -1 -1 -1 0 
769 3 233 113 139 361 -1 -1 -1 0 
770 3 232 114 140 360 -1 -1 -1 0 
771 3 233 114 139 360 -1 -1 -1 0 
772 3 232 115 139 359 -1 -1 -1 0 
773 3 232 115 140 359 -1 -1 -1 0 
774 3 233 116 139 358 -1 -1 -1 0 
775 3 232 116 140 358 -1 -1 -1 0 
776 3 233 116 140 358 -1 -1 -1 0 
777 3 233 116 140 358 -1 -1 -1 0 
778 3 232 115 140 360 -1 -1 -1 0 
779 3 232 114 139 361 -1 -1 -1 0 
780 3 232 114 138 361 -1 -1 -1 0 
781 3 232 114 138 360 -1 -1 -1 0 
782 3 232 114 138 360 -1 -1 -1 0 
783 3 232 114 139 361 -1 -1 -1 0 
784 3 232 114 139 361 -1 -1 -1 0 
785 3 233 113 139 361 -1 -1 -1 0 
786 3 232 114 139 361 -1 -1 -1 0 
787 3 232 114 140 360 -1 -1 -1 0 
788 3 233 114 138 360 -1 -1 -1 0 
789 3 232 115 139 360 -1 -1 -1 0 
790 3 232 114 139 360 -1 -1 -1 0 
791 3 233 113 138 362 -1 -1 -1 0 
792 3 232 113 139 363 -1 -1 -1 0 
793 3 232 112 140 364 -1 -1 -1 0 
794 3 232 113 140 362 -1 -1 -1 0 
795 3 233 113 140 361 -1 -1 -1 0 
796 3 233 114 139 361 -1 -1 -1 0 
797 3 232 113 140 361 -1 -1 -1 0 
798 3 232 114 140 361 -1 -1 -1 0 
799 3 233 113 140 361 -1 -1 -1 0 
800 3 233 114 140 361 -1 -1 -1 0 
801 3 234 115 140 361 -1 -1 -1 0 
802 3 233 115 140 361 -1 -1 -1 0 
803 3 233 114 141 362 -1 -1 -1 0 
804 3 234 114 141 362 -1 -1 -1 0 
805 3 233 113 142 363 -1 -1 -1 0 
806 3 234 113 142 363 -1 -1 -1 0 
807 3 234 112 142 364 -1 -1 -1 0 
808 3 233 113 143 363 -1 -1 -1 0 
809 3 234 112 143 364 -1 -1 -1 0 
810 3 234 111 143 365 -1 -1 -1 0 
811 3 234 112 142 364 -1 -1 -1 0 
812 3 235 112 142 364 -1 -1 -1 0 
813 3 235 111 142 365 -1 -1 -1 0 
814 3 235 112 142 363 -1 -1 -1 0 
815 3 232 101 151 376 -1 -1 -1 0 
816 3 232 100 152 377 -1 -1 -1 0 
817 3 232 100 152 378 -1 -1 -1 0 
818 3 231 101 154 378 -1 -1 -1 0 
819 3 238 112 141 364 -1 -1 -1 0 
820 3 240 117 139 359 -1 -1 -1 0 
821 3 243 119 135 357 -1 -1 -1 0 
822 3 243 120 135 355 -1 -1 -1 0 
823 3 242 120 136 354 -1 -1 -1 0 
824 3 239 121 137 351 -1 -1 -1 0 
825 3 238 122 138 349 -1 -1 -1 0 
826 3 238 123 137 350 -1 -1 -1 0 
827 3 236 125 133 351 -1 -1 -1 0 
828 3 234 126 129 353 -1 -1 -1 0 
829 3 230 126 131 353 -1 -1 -1 0 
830 3 225 130 137 349 -1 -1 -1 0 
831 3 222 130 138 349 -1 -1 -1 0 
832 3 219 128 141 351 -1 -1 -1 0 
833 3 217 126 137 353 -1 -1 -1 0 
834 3 219 128 124 351 -1 -1 -1 0 
835 3 217 129 123 350 -1 -1 -1 0 
836 3 217 129 122 350 -1 -1 -1 0 
837 3 218 131 117 348 -1 -1 -1 0 
838 3 218 133 114 346 -1 -1 -1 0 
839 3 220 135 112 344 -1 -1 -1 0 
840 3 222 137 107 339 -1 -1 -1 0 
841 3 224 139 101 335 -1 -1 -1 0 
842 3 224 145 95 325 -1 -1 -1 0 
843 3 225 148 87 321 -1 -1 -1 0 
844 3 225 148 83 323 -1 -1 -1 0 
845 3 225 149 80 323 -1 -1 -1 0 
846 3 224 151 75 323 -1 -1 -1 0 
847 3 222 153 74 323 -1 -1 -1 0 
848 3 220 158 74 320 -1 -1 -1 0 
849 3 216 157 77 321 -1 -1 -1 0 
850 3 209 159 83 318 -1 -1 -1 0 
851 3 208 160 84 315 -1 -1 -1 0 
852 3 206 158 92 309 -1 -1 -1 0 
853 3 206 155 93 312 -1 -1 -1 0 
854 3 204 154 97 316 -1 -1 -1 0 
855 3 203 155 98 315 -1 -1 -1 0 
856 3 204 160 96 310 -1 -1 -1 0 
857 3 207 172 92 296 -1 -1 -1 0 
858 3 210 172 92 296 -1 -1 -1 0 
859 3 210 173 93 295 -1 -1 -1 0 
860 3 213 177 93 292 -1 -1 -1 0 
861 3 218 178 90 293 -1 -1 -1 0 
862 3 220 177 91 291 -1 -1 -1 0 
863 3 221 179 92 288 -1 -1 -1 0 
864 3 214 174 103 295 -1 -1 -1 0 
865 3 208 175 112 292 -1 -1 -1 0 
866 3 203 173 120 294 -1 -1 -1 0 
867 3 197 182 127 288 -1 -1 -1 0 
868 3 198 187 123 284 -1 -1 -1 0 
869 3 201 190 118 282 -1 -1 -1 0 
870 3 211 189 102 283 -1 -1 -1 0 
871 3 216 189 96 282 -1 -1 -1 0 
872 3 225 191 87 278 -1 -1 -1 0 
873 3 227 193 85 273 -1 -1 -1 0 
874 3 228 195 84 271 -1 -1 -1 0 
875 3 228 196 83 258 -1 -1 -1 0 
876 3 229 198 82 262 -1 -1 -1 0 
877 3 229 199 83 260 -1 -1 -1 0 
878 3 231 200 82 260 -1 -1 -1 0 
879 3 232 202 83 263 -1 -1 -1 0 
880 3 232 201 84 261 -1 -1 -1 0 
881 3 232 203 83 263 -1 -1 -1 0 
882 3 232 203 84 262 -1 -1 -1 0 
883 3 232 204 84 262 -1 -1 -1 0 
884 3 233 209 81 259 -1 -1 -1 0 
885 3 232 210 82 258 -1 -1 -1 0 
886 3 232 211 81 256 -1 -1 -1 0 
887 3 231 209 78 258 -1 -1 -1 0 
888 3 231 208 76 257 -1 -1 -1 0 
889 3 231 208 74 256 -1 -1 -1 0 
890 3 232 208 71 259 -1 -1 -1 0 
891 3 232 208 70 259 -1 -1 -1 0 
892 3 231 208 70 258 -1 -1 -1 0 
893 3 233 208 68 257 -1 -1 -1 0 
894 3 237 210 65 242 -1 -1 -1 0 
895 3 239 211 62 246 -1 -1 -1 0 
896 3 241 214 61 249 -1 -1 -1 0 
897 3 245 215 57 242 -1 -1 -1 0 
898 3 248 216 54 237 -1 -1 -1 0 
899 3 249 220 53 191 -1 -1 -1 0 
900 3 251 217 52 190 -1 -1 -1 0 
901 3 252 216 50 189 -1 -1 -1 0 
902 3 253 218 50 190 -1 -1 -1 0 
903 3 254 216 48 195 -1 -1 -1 0 
904 3 256 216 46 197 -1 -1 -1 0 
905 3 259 216 43 199 -1 -1 -1 0 
906 3 259 218 43 204 -1 -1 -1 0 
907 3 258 220 47 202 -1 -1 -1 0 
908 3 256 217 51 229 -1 -1 -1 0 
909 3 256 220 53 196 -1 -1 -1 0 
910 3 256 220 54 195 -1 -1 -1 0 
911 3 254 221 58 193 -1 -1 -1 0 
912 3 254 215 61 241 -1 -1 -1 0 
913 3 253 216 64 216 -1 -1 -1 0 
914 3 253 215 63 231 -1 -1 -1 0 
915 3 251 215 65 227 -1 -1 -1 0 
916 3 250 217 66 215 -1 -1 -1 0 
917 3 249 218 66 212 -1 -1 -1 0 
918 3 247 218 64 210 -1 -1 -1 0 
919 3 244 218 66 210 -1 -1 -1 0 
920 3 243 218 65 209 -1 -1 -1 0 
921 3 242 219 65 208 -1 -1 -1 0 
922 3 241 219 64 211 -1 -1 -1 0 
923 3 239 219 66 203 -1 -1 -1 0 
924 3 239 219 65 201 -1 -1 -1 0 
925 3 240 219 64 204 -1 -1 -1 0 
926 3 240 218 64 205 -1 -1 -1 0 
927 3 241 219 64 205 -1 -1 -1 0 
928 3 242 220 64 205 -1 -1 -1 0 
929 3 244 219 64 205 -1 -1 -1 0 
930 3 245 220 64 205 -1 -1 -1 0 
931 3 246 219 65 205 -1 -1 -1 0 
932 3 247 219 64 204 -1 -1 -1 0 
933 3 248 219 63 205 -1 -1 -1 0 
934 3 248 219 65 204 -1 -1 -1 0 
935 3 249 220 63 203 -1 -1 -1 0 
936 3 249 220 63 204 -1 -1 -1 0 
937 3 250 220 63 205 -1 -1 -1 0 
938 3 249 219 64 204 -1 -1 -1 0 
939 3 250 219 64 204 -1 -1 -1 0 
940 3 250 220 64 202 -1 -1 -1 0 
941 3 250 220 63 202 -1 -1 -1 0 
942 3 251 220 63 203 -1 -1 -1 0 
943 3 251 219 63 204 -1 -1 -1 0 
944 3 250 219 63 204 -1 -1 -1 0 
945 3 250 219 62 204 -1 -1 -1 0 
946 3 251 220 62 203 -1 -1 -1 0 
947 3 251 220 61 202 -1 -1 -1 0 
948 3 250 220 63 202 -1 -1 -1 0 
949 3 250 220 62 203 -1 -1 -1 0 
950 3 250 219 62 204 -1 -1 -1 0 
951 3 249 219 63 203 -1 -1 -1 0 
952 3 250 220 61 203 -1 -1 -1 0 
953 3 249 220 63 203 -1 -1 -1 0 
954 3 249 221 62 202 -1 -1 -1 0 
955 3 248 220 64 202 -1 -1 -1 0 
956 3 248 221 64 201 -1 -1 -1 0 
957 3 249 222 62 200 -1 -1 -1 0 
958 3 249 221 62 201 -1 -1 -1 0 
959 3 248 221 63 201 -1 -1 -1 0 
960 3 249 222 61 203 -1 -1 -1 0 
961 3 248 220 63 202 -1 -1 -1 0 
962 3 248 221 62 201 -1 -1 -1 0 
963 3 248 221 62 201 -1 -1 -1 0 
964 3 248 221 63 201 -1 -1 -1 0 
965 3 249 222 61 200 -1 -1 -1 0 
966 3 248 221 62 201 -1 -1 -1 0 
967 3 249 221 61 202 -1 -1 -1 0 
968 3 248 221 63 203 -1 -1 -1 0 
969 3 248 221 63 202 -1 -1 -1 0 
970 3 249 222 61 201 -1 -1 -1 0 
971 3 249 221 62 200 -1 -1 -1 0 
972 3 250 222 60 200 -1 -1 -1 0 
973 3 249 221 62 201 -1 -1 -1 0 
974 3 249 222 62 200 -1 -1 -1 0 
975 3 250 222 61 199 -1 -1 -1 0 
976 3 250 221 60 199 -1 -1 -1 0 
977 3 250 222 60 200 -1 -1 -1 0 
978 3 250 222 60 201 -1 -1 -1 0 
979 3 250 221 60 200 -1 -1 -1 0 
980 3 251 222 58 200 -1 -1 -1 0 
981 3 251 222 58 201 -1 -1 -1 0 
982 3 250 221 60 201 -1 -1 -1 0 
983 3 249 222 61 200 -1 -1 -1 0 
984 3 250 221 60 201 -1 -1 -1 0 
985 3 250 222 60 200 -1 -1 -1 0 
986 3 250 221 60 200 -1 -1 -1 0 
987 3 250 222 60 200 -1 -1 -1 0 
988 3 251 222 59 200 -1 -1 -1 0 
989 3 249 222 62 199 -1 -1 -1 0 
990 3 250 222 60 199 -1 -1 -1 0 
991 3 250 222 59 200 -1 -1 -1 0 
992 3 249 222 61 199 -1 -1 -1 0 
993 3 250 222 59 201 -1 -1 -1 0 
994 3 249 221 60 203 -1 -1 -1 0 
995 3 249 221 61 201 -1 -1 -1 0 
996 3 250 222 59 200 -1 -1 -1 0 
997 3 249 222 60 200 -1 -1 -1 0 
998 3 250 222 59 202 -1 -1 -1 0 
999 3 248 221 62 201 -1 -1 -1 0 
1000 3 249 222 60 200 -1 -1 -1 0 
1001 3 248 221 61 201 -1 -1 -1 0 
1002 3 248 221 62 201 -1 -1 -1 0 
1003 3 248 222 62 200 -1 -1 -1 0 
1004 3 248 221 63 201 -1 -1 -1 0 
1005 3 249 222 62 200 -1 -1 -1 0 
1006 3 248 221 63 200 -1 -1 -1 0 
1007 3 249 221 62 200 -1 -1 -1 0 
1008 3 248 221 63 200 -1 -1 -1 0 
1009 3 249 222 62 200 -1 -1 -1 0 
1010 3 249 221 62 201 -1 -1 -1 0 
1011 3 249 221 61 201 -1 -1 -1 0 
1012 3 248 221 63 201 -1 -1 -1 0 
1013 3 249 221 61 201 -1 -1 -1 0 
1014 3 249 221 61 202 -1 -1 -1 0 
1015 3 249 221 62 201 -1 -1 -1 0 
1016 3 249 221 62 201 -1 -1 -1 0 
1017 3 250 221 61 202 -1 -1 -1 0 
1018 3 250 220 61 203 -1 -1 -1 0 
1019 3 250 221 60 202 -1 -1 -1 0 
1020 3 250 220 61 204 -1 -1 -1 0 
1021 3 250 221 60 203 -1 -1 -1 0 
1022 3 249 220 62 203 -1 -1 -1 0 
1023 3 249 221 62 202 -1 -1 -1 0 
1024 3 250 221 61 202 -1 -1 -1 0 
1025 3 249 220 62 203 -1 -1 -1 0 
1026 3 250 221 60 204 -1 -1 -1 0 
1027 3 249 220 62 204 -1 -1 -1 0 
1028 3 249 220 62 202 -1 -1 -1 0 
1029 3 250 221 61 202 -1 -1 -1 0 
1030 3 249 220 62 203 -1 -1 -1 0 
1031 3 250 220 61 204 -1 -1 -1 0 
1032 3 249 220 63 203 -1 -1 -1 0 
1033 3 250 221 62 202 -1 -1 -1 0 
1034 3 251 221 59 202 -1 -1 -1 0 
1035 3 250 220 61 203 -1 -1 -1 0 
1036 3 249 221 62 203 -1 -1 -1 0 
1037 3 250 220 61 203 -1 -1 -1 0 
1038 3 250 220 61 203 -1 -1 -1 0 
1039 3 251 219 60 204 -1 -1 -1 0 
1040 3 250 220 61 203 -1 -1 -1 0 
1041 3 250 220 61 203 -1 -1 -1 0 
1042 3 250 219 61 203 -1 -1 -1 0 
1043 3 250 219 61 202 -1 -1 -1 0 
1044 3 250 220 60 203 -1 -1 -1 0 
1045 3 249 219 62 203 -1 -1 -1 0 
1046 3 249 220 61 202 -1 -1 -1 0 
1047 3 250 220 60 202 -1 -1 -1 0 
1048 3 249 220 62 203 -1 -1 -1 0 
1049 3 249 219 62 203 -1 -1 -1 0 
1050 3 250 220 60 202 -1 -1 -1 0 
1051 3 249 219 62 203 -1 -1 -1 0 
1052 3 250 220 60 202 -1 -1 -1 0 
1053 3 249 219 62 202 -1 -1 -1 0 
1054 3 250 220 60 202 -1 -1 -1 0 
1055 3 249 219 62 203 -1 -1 -1 0 
1056 3 249 219 61 202 -1 -1 -1 0 
1057 3 250 219 60 204 -1 -1 -1 0 
1058 3 249 219 62 205 -1 -1 -1 0 
1059 3 248 219 63 205 -1 -1 -1 0 
1060 3 249 219 62 203 -1 -1 -1 0 
1061 3 249 219 61 203 -1 -1 -1 0 
1062 3 248 219 63 204 -1 -1 -1 0 
1063 3 248 219 63 203 -1 -1 -1 0 
1064 3 249 220 61 202 -1 -1 -1 0 
1065 3 249 219 61 205 -1 -1 -1 0 
1066 3 248 219 63 203 -1 -1 -1 0 
1067 3 249 220 61 202 -1 -1 -1 0 
1068 3 249 219 61 203 -1 -1 -1 0 
1069 3 248 218 62 204 -1 -1 -1 0 
1070 3 248 218 63 204 -1 -1 -1 0 
1071 3 249 219 62 203 -1 -1 -1 0 
1072 3 248 219 62 203 -1 -1 -1 0 
1073 3 248 219 63 203 -1 -1 -1 0 
1074 3 249 219 61 202 -1 -1 -1 0 
1075 3 248 219 62 201 -1 -1 -1 0 
1076 3 249 220 61 200 -1 -1 -1 0 
1077 3 248 220 62 201 -1 -1 -1 0 
1078 3 248 220 62 202 -1 -1 -1 0 
1079 3 249 220 62 201 -1 -1 -1 0 
1080 3 248 219 63 201 -1 -1 -1 0 
1081 3 249 220 61 200 -1 -1 -1 0 
1082 3 249 220 61 201 -1 -1 -1 0 
1083 3 249 220 61 202 -1 -1 -1 0 
1084 3 248 219 63 204 -1 -1 -1 0 
1085 3 248 219 63 203 -1 -1 -1 0 
1086 3 249 219 62 202 -1 -1 -1 0 
1087 3 249 219 61 203 -1 -1 -1 0 
1088 3 249 218 61 204 -1 -1 -1 0 
1089 3 249 219 62 202 -1 -1 -1 0 
1090 3 250 220 60 201 -1 -1 -1 0 
1091 3 249 219 62 202 -1 -1 -1 0 
1092 3 249 219 62 201 -1 -1 -1 0 
1093 3 250 220 60 200 -1 -1 -1 0 
1094 3 249 219 62 200 -1 -1 -1 0 
1095 3 250 219 60 200 -1 -1 -1 0 
1096 3 249 219 62 201 -1 -1 -1 0 
1097 3 249 219 61 201 -1 -1 -1 0 
1098 3 250 219 60 202 -1 -1 -1 0 
1099 3 248 219 63 202 -1 -1 -1 0 
1100 3 249 219 61 202 -1 -1 -1 0 
1101 3 247 218 63 202 -1 -1 -1 0 
1102 3 247 218 62 201 -1 -1 -1 0 
1103 3 247 218 62 201 -1 -1 -1 0 
1104 3 245 219 63 201 -1 -1 -1 0 
1105 3 244 218 64 202 -1 -1 -1 0 
1106 3 242 218 65 201 -1 -1 -1 0 
1107 3 241 217 65 202 -1 -1 -1 0 
1108 3 240 217 65 201 -1 -1 -1 0 
1109 3 240 217 65 201 -1 -1 -1 0 
1110 3 238 217 67 201 -1 -1 -1 0 
1111 3 237 217 67 202 -1 -1 -1 0 
1112 3 235 217 69 203 -1 -1 -1 0 
1113 3 233 217 70 206 -1 -1 -1 0 
1114 3 233 214 69 226 -1 -1 -1 0 
1115 3 232 213 70 230 -1 -1 -1 0 
1116 3 231 215 71 220 -1 -1 -1 0 
1117 3 230 216 71 213 -1 -1 -1 0 
1118 3 230 217 71 206 -1 -1 -1 0 
1119 3 230 217 70 205 -1 -1 -1 0 
1120 3 231 214 68 230 -1 -1 -1 0 
1121 3 230 214 70 233 -1 -1 -1 0 
1122 3 230 214 70 236 -1 -1 -1 0 
1123 3 230 213 71 234 -1 -1 -1 0 
1124 3 231 214 70 224 -1 -1 -1 0 
1125 3 232 214 68 234 -1 -1 -1 0 
1126 3 231 214 70 240 -1 -1 -1 0 
1127 3 232 213 72 231 -1 -1 -1 0 
1128 3 234 213 69 242 -1 -1 -1 0 
1129 3 236 216 70 239 -1 -1 -1 0 
1130 3 237 216 70 239 -1 -1 -1 0 
1131 3 236 212 70 241 -1 -1 -1 0 
1132 3 236 212 70 246 -1 -1 -1 0 
1133 3 236 210 71 246 -1 -1 -1 0 
1134 3 236 209 71 245 -1 -1 -1 0 
1135 3 235 210 72 241 -1 -1 -1 0 
1136 3 235 211 73 227 -1 -1 -1 0 
1137 3 234 211 74 221 -1 -1 -1 0 
1138 3 235 211 71 227 -1 -1 -1 0 
1139 3 234 210 73 235 -1 -1 -1 0 
1140 3 232 210 73 251 -1 -1 -1 0 
1141 3 230 208 75 249 -1 -1 -1 0 
1142 3 228 205 77 244 -1 -1 -1 0 
1143 3 225 204 79 253 -1 -1 -1 0 
1144 3 222 203 82 251 -1 -1 -1 0 
1145 3 222 203 80 255 -1 -1 -1 0 
1146 3 219 202 84 253 -1 -1 -1 0 
1147 3 219 201 82 255 -1 -1 -1 0 
1148 3 217 201 84 256 -1 -1 -1 0 
1149 3 217 202 83 259 -1 -1 -1 0 
1150 3 216 202 84 260 -1 -1 -1 0 
1151 3 217 203 82 261 -1 -1 -1 0 
1152 3 217 203 82 262 -1 -1 -1 0 
1153 3 217 203 83 263 -1 -1 -1 0 
1154 3 222 209 80 242 -1 -1 -1 0 
1155 3 224 202 78 254 -1 -1 -1 0 
1156 3 225 196 77 265 -1 -1 -1 0 
1157 3 226 195 79 263 -1 -1 -1 0 
1158 3 227 194 82 270 -1 -1 -1 0 
1159 3 226 194 85 272 -1 -1 -1 0 
1160 3 227 194 86 270 -1 -1 -1 0 
1161 3 227 194 88 271 -1 -1 -1 0 
1162 3 226 192 91 275 -1 -1 -1 0 
1163 3 226 190 90 278 -1 -1 -1 0 
1164 3 224 189 92 279 -1 -1 -1 0 
1165 3 222 185 93 283 -1 -1 -1 0 
1166 3 221 183 95 284 -1 -1 -1 0 
1167 3 218 180 99 287 -1 -1 -1 0 
1168 3 217 178 101 290 -1 -1 -1 0 
1169 3 216 176 105 294 -1 -1 -1 0 
1170 3 216 174 107 297 -1 -1 -1 0 
1171 3 219 173 103 299 -1 -1 -1 0 
1172 3 221 171 101 301 -1 -1 -1 0 
1173 3 224 170 100 302 -1 -1 -1 0 
1174 3 226 168 101 305 -1 -1 -1 0 
1175 3 231 166 101 306 -1 -1 -1 0 
1176 3 232 170 104 301 -1 -1 -1 0 
1177 3 234 168 107 303 -1 -1 -1 0 
1178 3 234 167 118 304 -1 -1 -1 0 
1179 3 239 159 116 311 -1 -1 -1 0 
1180 3 240 158 117 311 -1 -1 -1 0 
1181 3 239 157 119 313 -1 -1 -1 0 
1182 3 238 158 124 314 -1 -1 -1 0 
1183 3 236 158 127 315 -1 -1 -1 0 
1184 3 233 157 130 318 -1 -1 -1 0 
1185 3 232 158 132 314 -1 -1 -1 0 
1186 3 233 150 125 321 -1 -1 -1 0 
1187 3 231 147 124 324 -1 -1 -1 0 
1188 3 230 144 122 329 -1 -1 -1 0 
1189 3 230 142 122 336 -1 -1 -1 0 
1190 3 230 141 123 338 -1 -1 -1 0 
1191 3 231 141 122 338 -1 -1 -1 0 
1192 3 231 140 123 339 -1 -1 -1 0 
1193 3 233 140 122 339 -1 -1 -1 0 
1194 3 234 141 122 338 -1 -1 -1 0 
1195 3 237 140 120 339 -1 -1 -1 0 
1196 3 238 136 124 343 -1 -1 -1 0 
1197 3 239 135 131 344 -1 -1 -1 0 
1198 3 241 137 132 342 -1 -1 -1 0 
1199 3 243 141 131 337 -1 -1 -1 0 
1200 3 246 145 128 332 -1 -1 -1 0 
1201 3 248 147 123 330 -1 -1 -1 0 
1202 3 250 146 120 332 -1 -1 -1 0 
1203 3 251 148 118 329 -1 -1 -1 0 
1204 3 252 148 117 329 -1 -1 -1 0 
1205 3 253 147 116 330 -1 -1 -1 0 
1206 3 254 148 115 330 -1 -1 -1 0 
1207 3 254 147 115 330 -1 -1 -1 0 
1208 3 256 147 114 330 -1 -1 -1 0 
1209 3 256 148 113 329 -1 -1 -1 0 
1210 3 256 149 113 328 -1 -1 -1 0 
1211 3 256 149 113 328 -1 -1 -1 0 
1212 3 256 149 113 329 -1 -1 -1 0 
1213 3 255 150 115 328 -1 -1 -1 0 
1214 3 255 150 114 328 -1 -1 -1 0 
1215 3 255 150 113 328 -1 -1 -1 0 
1216 3 255 151 112 326 -1 -1 -1 0 
1217 3 254 150 112 328 -1 -1 -1 0 
1218 3 253 150 113 328 -1 -1 -1 0 
1219 3 254 149 111 330 -1 -1 -1 0 
1220 3 252 149 114 328 -1 -1 -1 0 
1221 3 252 150 114 327 -1 -1 -1 0 
1222 3 252 150 113 328 -1 -1 -1 0 
1223 3 251 149 115 329 -1 -1 -1 0 
1224 3 251 148 115 331 -1 -1 -1 0 
1225 3 251 148 117 331 -1 -1 -1 0 
1226 3 251 148 117 331 -1 -1 -1 0 
1227 3 251 147 116 332 -1 -1 -1 0 
1228 3 251 146 116 333 -1 -1 -1 0 
1229 3 250 146 118 333 -1 -1 -1 0 
1230 3 250 147 117 332 -1 -1 -1 0 
1231 3 249 148 118 331 -1 -1 -1 0 
1232 3 249 147 117 332 -1 -1 -1 0 
1233 3 249 148 116 331 -1 -1 -1 0 
1234 3 248 149 117 330 -1 -1 -1 0 
1235 3 248 149 115 330 -1 -1 -1 0 
1236 3 248 148 115 331 -1 -1 -1 0 
1237 3 248 148 116 331 -1 -1 -1 0 
1238 3 247 148 116 331 -1 -1 -1 0 
1239 3 247 147 117 332 -1 -1 -1 0 
1240 3 246 147 117 332 -1 -1 -1 0 
1241 3 246 146 117 333 -1 -1 -1 0 
1242 3 246 146 117 333 -1 -1 -1 0 
1243 3 246 148 118 331 -1 -1 -1 0 
1244 3 246 149 117 330 -1 -1 -1 0 
1245 3 247 147 116 332 -1 -1 -1 0 
1246 3 247 146 116 333 -1 -1 -1 0 
1247 3 246 145 118 334 -1 -1 -1 0 
1248 3 247 145 117 334 -1 -1 -1 0 
1249 3 246 146 117 333 -1 -1 -1 0 
1250 3 247 147 117 332 -1 -1 -1 0 
1251 3 246 146 118 333 -1 -1 -1 0 
1252 3 247 145 117 334 -1 -1 -1 0 
1253 3 246 145 118 334 -1 -1 -1 0 
1254 3 247 146 117 333 -1 -1 -1 0 
1255 3 246 146 117 333 -1 -1 -1 0 
1256 3 247 147 117 332 -1 -1 -1 0 
1257 3 246 147 117 332 -1 -1 -1 0 
1258 3 246 147 118 332 -1 -1 -1 0 
1259 3 247 146 116 333 -1 -1 -1 0 
1260 3 246 146 118 333 -1 -1 -1 0 
1261 3 247 147 118 332 -1 -1 -1 0 
1262 3 247 146 117 333 -1 -1 -1 0 
1263 3 247 145 117 334 -1 -1 -1 0 
1264 3 247 145 118 334 -1 -1 -1 0 
1265 3 246 144 118 335 -1 -1 -1 0 
1266 3 247 146 117 333 -1 -1 -1 0 
1267 3 246 146 117 333 -1 -1 -1 0 
1268 3 246 145 118 334 -1 -1 -1 0 
1269 3 246 144 119 335 -1 -1 -1 0 
1270 3 247 144 118 335 -1 -1 -1 0 
1271 3 246 144 118 335 -1 -1 -1 0 
1272 3 247 144 117 335 -1 -1 -1 0 
1273 3 246 145 118 334 -1 -1 -1 0 
1274 3 247 145 116 334 -1 -1 -1 0 
1275 3 247 144 117 335 -1 -1 -1 0 
1276 3 247 143 117 336 -1 -1 -1 0 
1277 3 248 144 116 335 -1 -1 -1 0 
1278 3 247 144 117 335 -1 -1 -1 0 
1279 3 248 145 116 334 -1 -1 -1 0 
1280 3 247 144 117 335 -1 -1 -1 0 
1281 3 248 144 116 335 -1 -1 -1 0 
1282 3 247 144 116 335 -1 -1 -1 0 
1283 3 247 143 117 336 -1 -1 -1 0 
1284 3 247 142 117 337 -1 -1 -1 0 
1285 3 247 142 118 337 -1 -1 -1 0 
1286 3 247 141 118 338 -1 -1 -1 0 
1287 3 247 141 119 338 -1 -1 -1 0 
1288 3 247 141 118 338 -1 -1 -1 0 
1289 3 247 141 119 338 -1 -1 -1 0 
1290 3 247 141 118 338 -1 -1 -1 0 
1291 3 246 142 119 337 -1 -1 -1 0 
1292 3 247 142 118 337 -1 -1 -1 0 
1293 3 246 141 118 338 -1 -1 -1 0 
1294 3 246 141 119 338 -1 -1 -1 0 
1295 3 246 141 119 338 -1 -1 -1 0 
1296 3 246 140 119 339 -1 -1 -1 0 
1297 3 245 139 119 340 -1 -1 -1 0 
1298 3 247 139 116 340 -1 -1 -1 0 
1299 3 245 141 120 338 -1 -1 -1 0 
1300 3 246 142 118 337 -1 -1 -1 0 
1301 3 246 141 118 338 -1 -1 -1 0 
1302 3 246 140 117 339 -1 -1 -1 0 
1303 3 245 139 118 340 -1 -1 -1 0 
1304 3 245 139 117 340 -1 -1 -1 0 
1305 3 245 139 118 340 -1 -1 -1 0 
1306 3 246 138 116 341 -1 -1 -1 0 
1307 3 245 137 119 342 -1 -1 -1 0 
1308 3 245 138 118 341 -1 -1 -1 0 
1309 3 244 139 119 340 -1 -1 -1 0 
1310 3 245 138 118 341 -1 -1 -1 0 
1311 3 245 137 118 342 -1 -1 -1 0 
1312 3 245 136 118 343 -1 -1 -1 0 
1313 3 244 137 119 342 -1 -1 -1 0 
1314 3 244 137 119 342 -1 -1 -1 0 
1315 3 244 138 119 341 -1 -1 -1 0 
1316 3 244 138 118 341 -1 -1 -1 0 
1317 3 242 138 121 341 -1 -1 -1 0 
1318 3 243 138 119 341 -1 -1 -1 0 
1319 3 243 137 120 342 -1 -1 -1 0 
1320 3 243 138 120 341 -1 -1 -1 0 
1321 3 243 138 119 341 -1 -1 -1 0 
1322 3 243 137 119 342 -1 -1 -1 0 
1323 3 243 138 120 341 -1 -1 -1 0 
1324 3 242 139 120 340 -1 -1 -1 0 
1325 3 243 138 119 341 -1 -1 -1 0 
1326 3 242 138 120 341 -1 -1 -1 0 
1327 3 242 138 120 341 -1 -1 -1 0 
1328 3 242 137 121 342 -1 -1 -1 0 
1329 3 241 139 122 340 -1 -1 -1 0 
1330 3 241 139 121 340 -1 -1 -1 0 
1331 3 242 139 119 340 -1 -1 -1 0 
1332 3 241 137 122 342 -1 -1 -1 0 
1333 3 241 138 121 341 -1 -1 -1 0 
1334 3 242 138 120 341 -1 -1 -1 0 
1335 3 242 138 120 341 -1 -1 -1 0 
1336 3 242 138 119 341 -1 -1 -1 0 
1337 3 242 139 119 340 -1 -1 -1 0 
1338 3 242 139 120 340 -1 -1 -1 0 
1339 3 242 139 121 340 -1 -1 -1 0 
1340 3 242 139 120 340 -1 -1 -1 0 
1341 3 243 139 119 340 -1 -1 -1 0 
1342 3 243 137 120 342 -1 -1 -1 0 
1343 3 243 137 121 342 -1 -1 -1 0 
1344 3 243 138 120 341 -1 -1 -1 0 
1345 3 243 139 120 340 -1 -1 -1 0 
1346 3 242 138 121 341 -1 -1 -1 0 
1347 3 242 137 121 342 -1 -1 -1 0 
1348 3 243 138 120 341 -1 -1 -1 0 
1349 3 243 139 120 340 -1 -1 -1 0 
1350 3 242 137 121 342 -1 -1 -1 0 
1351 3 242 136 121 343 -1 -1 -1 0 
1352 3 243 137 120 342 -1 -1 -1 0 
1353 3 243 137 119 342 -1 -1 -1 0 
1354 3 242 136 121 343 -1 -1 -1 0 
1355 3 243 137 120 342 -1 -1 -1 0 
1356 3 243 138 119 341 -1 -1 -1 0 
1357 3 242 137 120 342 -1 -1 -1 0 
1358 3 242 136 120 343 -1 -1 -1 0 
1359 3 241 135 121 344 -1 -1 -1 0 
1360 3 242 135 120 344 -1 -1 -1 0 
1361 3 240 135 122 344 -1 -1 -1 0 
1362 3 241 134 121 345 -1 -1 -1 0 
1363 3 240 133 123 346 -1 -1 -1 0 
1364 3 242 139 116 340 -1 -1 -1 0 
1365 3 242 139 115 340 -1 -1 -1 0 
1366 3 242 139 116 340 -1 -1 -1 0 
1367 3 241 139 116 340 -1 -1 -1 0 
1368 3 240 139 117 340 -1 -1 -1 0 
1369 3 238 140 117 339 -1 -1 -1 0 
1370 3 236 141 118 338 -1 -1 -1 0 
1371 3 234 137 120 342 -1 -1 -1 0 
1372 3 229 134 127 345 -1 -1 -1 0 
1373 3 228 133 126 346 -1 -1 -1 0 
1374 3 225 136 131 343 -1 -1 -1 0 
1375 3 225 136 133 343 -1 -1 -1 0 
1376 3 225 135 133 343 -1 -1 -1 0 
1377 3 225 135 133 343 -1 -1 -1 0 
1378 3 226 136 132 343 -1 -1 -1 0 
1379 3 226 136 130 343 -1 -1 -1 0 
1380 3 226 137 130 342 -1 -1 -1 0 
1381 3 225 137 131 340 -1 -1 -1 0 
1382 3 227 138 129 339 -1 -1 -1 0 
1383 3 232 131 122 346 -1 -1 -1 0 
1384 3 235 125 122 350 -1 -1 -1 0 
1385 3 237 123 124 351 -1 -1 -1 0 
1386 3 238 121 130 352 -1 -1 -1 0 
1387 3 234 112 142 367 -1 -1 -1 0 
1388 3 231 107 155 372 -1 -1 -1 0 
1389 3 232 104 156 375 -1 -1 -1 0 
1390 3 230 100 162 379 -1 -1 -1 0 
1391 3 229 97 166 382 -1 -1 -1 0 
1392 3 227 96 166 383 -1 -1 -1 0 
1393 3 225 94 168 385 -1 -1 -1 0 
1394 3 221 96 168 383 -1 -1 -1 0 
1395 3 219 102 161 376 -1 -1 -1 0 
1396 3 215 104 160 373 -1 -1 -1 0 
1397 3 210 101 164 377 -1 -1 -1 0 
1398 3 206 100 166 378 -1 -1 -1 0 
1399 3 205 101 165 376 -1 -1 -1 0 
1400 3 204 101 166 376 -1 -1 -1 0 
1401 3 206 101 164 376 -1 -1 -1 0 
1402 3 205 101 165 375 -1 -1 -1 0 
1403 3 209 99 160 377 -1 -1 -1 0 
1404 3 216 98 157 377 -1 -1 -1 0 
1405 3 219 98 157 378 -1 -1 -1 0 
1406 3 226 98 152 377 -1 -1 -1 0 
1407 3 228 97 152 377 -1 -1 -1 0 
1408 3 230 96 152 378 -1 -1 -1 0 
1409 3 233 97 148 377 -1 -1 -1 0 
1410 3 235 97 146 377 -1 -1 -1 0 
1411 3 236 97 146 376 -1 -1 -1 0 
1412 3 236 97 147 376 -1 -1 -1 0 
1413 3 237 97 146 376 -1 -1 -1 0 
1414 3 237 97 146 376 -1 -1 -1 0 
1415 3 238 97 145 377 -1 -1 -1 0 
1416 3 238 98 147 377 -1 -1 -1 0 
1417 3 239 97 145 378 -1 -1 -1 0 
1418 3 238 98 147 376 -1 -1 -1 0 
1419 3 240 98 144 377 -1 -1 -1 0 
1420 3 240 98 145 377 -1 -1 -1 0 
1421 3 240 99 144 377 -1 -1 -1 0 
1422 3 241 98 144 377 -1 -1 -1 0 
1423 3 241 99 144 377 -1 -1 -1 0 
1424 3 240 99 144 376 -1 -1 -1 0 
1425 3 240 98 144 377 -1 -1 -1 0 
1426 3 239 98 145 377 -1 -1 -1 0 
1427 3 239 98 146 376 -1 -1 -1 0 
1428 3 239 98 145 377 -1 -1 -1 0 
1429 3 238 97 147 377 -1 -1 -1 0 
1430 3 239 99 145 375 -1 -1 -1 0 
1431 3 238 99 146 376 -1 -1 -1 0 
1432 3 237 98 147 376 -1 -1 -1 0 
1433 3 237 99 147 375 -1 -1 -1 0 
1434 3 236 98 148 377 -1 -1 -1 0 
1435 3 236 98 148 378 -1 -1 -1 0 
1436 3 235 98 148 377 -1 -1 -1 0 
1437 3 235 97 148 378 -1 -1 -1 0 
1438 3 235 97 148 377 -1 -1 -1 0 
1439 3 236 97 147 378 -1 -1 -1 0 
1440 3 235 98 148 377 -1 -1 -1 0 
1441 3 234 97 148 377 -1 -1 -1 0 
1442 3 235 97 147 378 -1 -1 -1 0 
1443 3 234 97 149 378 -1 -1 -1 0 
1444 3 234 97 148 378 -1 -1 -1 0 
1445 3 235 97 147 379 -1 -1 -1 0 
1446 3 233 98 149 378 -1 -1 -1 0 
1447 3 234 97 148 379 -1 -1 -1 0 
1448 3 234 96 148 379 -1 -1 -1 0 
1449 3 233 96 148 380 -1 -1 -1 0 
1450 3 233 97 149 378 -1 -1 -1 0 
1451 3 234 97 147 378 -1 -1 -1 0 
1452 3 233 97 148 379 -1 -1 -1 0 
1453 3 234 98 147 378 -1 -1 -1 0 
1454 3 234 98 146 378 -1 -1 -1 0 
1455 3 234 98 147 377 -1 -1 -1 0 
1456 3 234 97 147 377 -1 -1 -1 0 
1457 3 235 98 146 376 -1 -1 -1 0 
1458 3 235 99 146 375 -1 -1 -1 0 
1459 3 236 98 144 376 -1 -1 -1 0 
1460 3 236 98 144 376 -1 -1 -1 0 
1461 3 237 100 144 373 -1 -1 -1 0 
1462 3 238 99 142 375 -1 -1 -1 0 
1463 3 238 99 145 374 -1 -1 -1 0 
1464 3 239 98 145 375 -1 -1 -1 0 
1465 3 239 98 147 374 -1 -1 -1 0 
1466 3 240 100 145 372 -1 -1 -1 0 
1467 3 242 101 143 372 -1 -1 -1 0 
1468 3 244 100 142 374 -1 -1 -1 0 
1469 3 246 102 140 372 -1 -1 -1 0 
1470 3 247 104 137 372 -1 -1 -1 0 
1471 3 248 108 132 371 -1 -1 -1 0 
1472 3 250 110 123 366 -1 -1 -1 0 
1473 3 253 114 113 359 -1 -1 -1 0 
1474 3 254 119 105 352 -1 -1 -1 0 
1475 3 254 122 102 348 -1 -1 -1 0 
1476 3 256 125 93 349 -1 -1 -1 0 
1477 3 256 129 89 341 -1 -1 -1 0 
1478 3 258 131 85 339 -1 -1 -1 0 
1479 3 251 132 92 339 -1 -1 -1 0 
1480 3 242 133 101 340 -1 -1 -1 0 
1481 3 234 133 110 343 -1 -1 -1 0 
1482 3 227 137 119 341 -1 -1 -1 0 
1483 3 223 137 124 342 -1 -1 -1 0 
1484 3 217 136 136 343 -1 -1 -1 0 
1485 3 214 142 141 337 -1 -1 -1 0 
1486 3 212 147 141 332 -1 -1 -1 0 
1487 3 208 152 146 327 -1 -1 -1 0 
1488 3 210 154 140 325 -1 -1 -1 0 
1489 3 210 154 137 324 -1 -1 -1 0 
1490 3 211 153 131 322 -1 -1 -1 0 
1491 3 211 155 127 317 -1 -1 -1 0 
1492 3 211 155 126 321 -1 -1 -1 0 
1493 3 214 151 121 320 -1 -1 -1 0 
1494 3 216 152 118 318 -1 -1 -1 0 
1495 3 215 157 118 313 -1 -1 -1 0 
1496 3 216 163 117 307 -1 -1 -1 0 
1497 3 218 166 115 299 -1 -1 -1 0 
1498 3 219 168 115 304 -1 -1 -1 0 
1499 3 220 169 114 304 -1 -1 -1 0 
1500 3 222 169 115 305 -1 -1 -1 0 
1501 3 223 170 114 304 -1 -1 -1 0 
1502 3 226 171 111 304 -1 -1 -1 0 
1503 3 230 170 109 301 -1 -1 -1 0 
1504 3 232 169 109 301 -1 -1 -1 0 
1505 3 234 169 107 300 -1 -1 -1 0 
1506 3 236 168 106 301 -1 -1 -1 0 
1507 3 236 169 106 300 -1 -1 -1 0 
1508 3 238 171 103 295 -1 -1 -1 0 
1509 3 240 173 100 293 -1 -1 -1 0 
1510 3 246 183 94 276 -1 -1 -1 0 
1511 3 246 188 93 278 -1 -1 -1 0 
1512 3 246 189 93 277 -1 -1 -1 0 
1513 3 246 190 92 281 -1 -1 -1 0 
1514 3 247 189 89 282 -1 -1 -1 0 
1515 3 246 187 90 284 -1 -1 -1 0 
1516 3 244 187 92 283 -1 -1 -1 0 
1517 3 243 188 93 283 -1 -1 -1 0 
1518 3 244 188 91 283 -1 -1 -1 0 
1519 3 245 188 89 282 -1 -1 -1 0 
1520 3 246 193 88 276 -1 -1 -1 0 
1521 3 247 194 87 274 -1 -1 -1 0 
1522 3 249 194 85 272 -1 -1 -1 0 
1523 3 251 194 84 273 -1 -1 -1 0 
1524 3 252 193 84 274 -1 -1 -1 0 
1525 3 253 193 84 274 -1 -1 -1 0 
1526 3 253 195 85 273 -1 -1 -1 0 
1527 3 253 195 86 274 -1 -1 -1 0 
1528 3 252 194 87 276 -1 -1 -1 0 
1529 3 251 193 89 278 -1 -1 -1 0 
1530 3 252 193 86 278 -1 -1 -1 0 
1531 3 252 193 84 276 -1 -1 -1 0 
1532 3 251 193 84 276 -1 -1 -1 0 
1533 3 251 193 83 276 -1 -1 -1 0 
1534 3 250 194 82 275 -1 -1 -1 0 
1535 3 248 195 83 274 -1 -1 -1 0 
1536 3 248 196 83 272 -1 -1 -1 0 
1537 3 247 197 82 270 -1 -1 -1 0 
1538 3 247 197 82 270 -1 -1 -1 0 
1539 3 246 198 83 270 -1 -1 -1 0 
1540 3 246 198 83 270 -1 -1 -1 0 
1541 3 245 198 83 270 -1 -1 -1 0 
1542 3 243 198 84 269 -1 -1 -1 0 
1543 3 242 199 83 268 -1 -1 -1 0 
1544 3 241 200 85 268 -1 -1 -1 0 
1545 3 239 200 86 269 -1 -1 -1 0 
1546 3 237 200 88 268 -1 -1 -1 0 
1547 3 236 200 88 268 -1 -1 -1 0 
1548 3 234 200 89 269 -1 -1 -1 0 
1549 3 233 200 90 270 -1 -1 -1 0 
1550 3 232 200 91 268 -1 -1 -1 0 
1551 3 232 200 90 269 -1 -1 -1 0 
1552 3 232 200 89 269 -1 -1 -1 0 
1553 3 231 199 89 269 -1 -1 -1 0 
1554 3 231 199 89 268 -1 -1 -1 0 
1555 3 231 200 90 267 -1 -1 -1 0 
1556 3 231 203 91 266 -1 -1 -1 0 
1557 3 232 204 90 265 -1 -1 -1 0 
1558 3 233 204 89 260 -1 -1 -1 0 
1559 3 234 205 88 258 -1 -1 -1 0 
1560 3 235 206 87 260 -1 -1 -1 0 
1561 3 235 206 87 261 -1 -1 -1 0 
1562 3 236 206 87 261 -1 -1 -1 0 
1563 3 236 206 87 265 -1 -1 -1 0 
1564 3 236 205 88 264 -1 -1 -1 0 
1565 3 237 205 87 264 -1 -1 -1 0 
1566 3 238 206 87 260 -1 -1 -1 0 
1567 3 240 206 83 259 -1 -1 -1 0 
1568 3 241 208 83 257 -1 -1 -1 0 
1569 3 243 208 80 247 -1 -1 -1 0 
1570 3 244 209 79 244 -1 -1 -1 0 
1571 3 244 211 79 242 -1 -1 -1 0 
1572 3 243 213 79 240 -1 -1 -1 0 
1573 3 243 215 78 246 -1 -1 -1 0 
1574 3 241 216 81 246 -1 -1 -1 0 
1575 3 240 217 81 247 -1 -1 -1 0 
1576 3 239 216 79 240 -1 -1 -1 0 
1577 3 238 218 79 226 -1 -1 -1 0 
1578 3 239 219 77 229 -1 -1 -1 0 
1579 3 239 219 76 234 -1 -1 -1 0 
1580 3 239 219 76 232 -1 -1 -1 0 
1581 3 240 221 74 226 -1 -1 -1 0 
1582 3 241 222 72 225 -1 -1 -1 0 
1583 3 242 224 74 215 -1 -1 -1 0 
1584 3 244 227 71 222 -1 -1 -1 0 
1585 3 245 228 70 222 -1 -1 -1 0 
1586 3 249 226 69 231 -1 -1 -1 0 
1587 3 251 221 70 241 -1 -1 -1 0 
1588 3 252 218 71 246 -1 -1 -1 0 
1589 3 252 217 73 247 -1 -1 -1 0 
1590 3 255 217 70 244 -1 -1 -1 0 
1591 3 255 218 72 246 -1 -1 -1 0 
1592 3 256 219 72 247 -1 -1 -1 0 
1593 3 257 220 71 247 -1 -1 -1 0 
1594 3 257 219 69 241 -1 -1 -1 0 
1595 3 259 220 66 240 -1 -1 -1 0 
1596 3 259 222 65 241 -1 -1 -1 0 
1597 3 260 221 63 242 -1 -1 -1 0 
1598 3 261 221 61 242 -1 -1 -1 0 
1599 3 262 221 59 241 -1 -1 -1 0 
1600 3 265 221 53 239 -1 -1 -1 0 
1601 3 267 218 45 229 -1 -1 -1 0 
1602 3 267 217 43 230 -1 -1 -1 0 
1603 3 267 221 42 227 -1 -1 -1 0 
1604 3 266 222 45 230 -1 -1 -1 0 
1605 3 262 222 55 225 -1 -1 -1 0 
1606 3 260 222 61 218 -1 -1 -1 0 
1607 3 259 222 64 224 -1 -1 -1 0 
1608 3 258 223 67 241 -1 -1 -1 0 
1609 3 255 220 68 238 -1 -1 -1 0 
1610 3 253 221 68 239 -1 -1 -1 0 
1611 3 251 221 68 239 -1 -1 -1 0 
1612 3 250 223 66 242 -1 -1 -1 0 
1613 3 248 222 66 243 -1 -1 -1 0 
1614 3 246 222 67 241 -1 -1 -1 0 
1615 3 246 219 67 231 -1 -1 -1 0 
1616 3 246 220 66 240 -1 -1 -1 0 
1617 3 246 219 67 212 -1 -1 -1 0 
1618 3 246 219 66 214 -1 -1 -1 0 
1619 3 247 220 68 215 -1 -1 -1 0 
1620 3 248 221 68 208 -1 -1 -1 0 
1621 3 249 222 67 205 -1 -1 -1 0 
1622 3 251 222 66 202 -1 -1 -1 0 
1623 3 251 223 67 195 -1 -1 -1 0 
1624 3 252 224 65 192 -1 -1 -1 0 
1625 3 254 223 65 197 -1 -1 -1 0 
1626 3 254 223 64 197 -1 -1 -1 0 
1627 3 254 223 65 199 -1 -1 -1 0 
1628 3 254 222 66 199 -1 -1 -1 0 
1629 3 255 222 65 201 -1 -1 -1 0 
1630 3 255 222 65 201 -1 -1 -1 0 
1631 3 254 222 67 193 -1 -1 -1 0 
1632 3 255 223 65 191 -1 -1 -1 0 
1633 3 255 223 65 193 -1 -1 -1 0 
1634 3 255 222 66 200 -1 -1 -1 0 
1635 3 254 222 68 199 -1 -1 -1 0 
1636 3 255 222 66 201 -1 -1 -1 0 
1637 3 255 221 66 204 -1 -1 -1 0 
1638 3 254 221 68 205 -1 -1 -1 0 
1639 3 254 221 67 201 -1 -1 -1 0 
1640 3 254 222 66 200 -1 -1 -1 0 
1641 3 255 222 65 200 -1 -1 -1 0 
1642 3 255 220 66 213 -1 -1 -1 0 
1643 3 255 223 67 195 -1 -1 -1 0 
1644 3 255 222 66 201 -1 -1 -1 0 
1645 3 254 222 67 195 -1 -1 -1 0 
1646 3 255 222 66 194 -1 -1 -1 0 
1647 3 256 222 64 197 -1 -1 -1 0 
1648 3 256 222 65 198 -1 -1 -1 0 
1649 3 255 221 67 199 -1 -1 -1 0 
1650 3 256 222 65 198 -1 -1 -1 0 
1651 3 256 222 65 199 -1 -1 -1 0 
1652 3 255 222 67 193 -1 -1 -1 0 
1653 3 256 223 65 195 -1 -1 -1 0 
1654 3 255 221 66 204 -1 -1 -1 0 
1655 3 255 221 66 199 -1 -1 -1 0 
1656 3 256 221 64 204 -1 -1 -1 0 
1657 3 255 222 66 192 -1 -1 -1 0 
1658 3 256 223 64 194 -1 -1 -1 0 
1659 3 255 222 66 192 -1 -1 -1 0 
1660 3 255 222 66 191 -1 -1 -1 0 
1661 3 255 222 66 190 -1 -1 -1 0 
1662 3 256 223 64 189 -1 -1 -1 0 
1663 3 256 224 64 188 -1 -1 -1 0 
1664 3 256 224 65 187 -1 -1 -1 0 
1665 3 257 224 62 187 -1 -1 -1 0 
1666 3 256 222 65 182 -1 -1 -1 0 
1667 3 257 223 63 184 -1 -1 -1 0 
1668 3 257 224 63 192 -1 -1 -1 0 
1669 3 256 222 66 185 -1 -1 -1 0 
1670 3 256 222 66 184 -1 -1 -1 0 
1671 3 256 222 66 182 -1 -1 -1 0 
1672 3 258 224 62 189 -1 -1 -1 0 
1673 3 257 223 65 181 -1 -1 -1 0 
1674 3 258 224 64 179 -1 -1 -1 0 
1675 3 258 224 62 192 -1 -1 -1 0 
1676 3 257 224 64 184 -1 -1 -1 0 
1677 3 257 225 63 184 -1 -1 -1 0 
1678 3 257 224 63 185 -1 -1 -1 0 
1679 3 257 224 64 186 -1 -1 -1 0 
1680 3 256 224 65 186 -1 -1 -1 0 
1681 3 256 224 64 188 -1 -1 -1 0 
1682 3 254 223 67 186 -1 -1 -1 0 
1683 3 254 224 66 187 -1 -1 -1 0 
1684 3 253 222 66 187 -1 -1 -1 0 
1685 3 251 221 66 186 -1 -1 -1 0 
1686 3 248 222 68 187 -1 -1 -1 0 
1687 3 247 222 69 189 -1 -1 -1 0 
1688 3 245 220 69 187 -1 -1 -1 0 
1689 3 243 221 69 191 -1 -1 -1 0 
1690 3 241 220 71 190 -1 -1 -1 0 
1691 3 240 220 71 193 -1 -1 -1 0 
1692 3 238 219 73 191 -1 -1 -1 0 
1693 3 238 219 72 191 -1 -1 -1 0 
1694 3 238 219 72 191 -1 -1 -1 0 
1695 3 239 220 71 197 -1 -1 -1 0 
1696 3 240 220 70 199 -1 -1 -1 0 
1697 3 242 219 69 207 -1 -1 -1 0 
1698 3 244 219 68 210 -1 -1 -1 0 
1699 3 245 220 68 211 -1 -1 -1 0 
1700 3 246 220 68 208 -1 -1 -1 0 
1701 3 248 220 67 203 -1 -1 -1 0 
1702 3 252 219 64 223 -1 -1 -1 0 
1703 3 253 218 64 224 -1 -1 -1 0 
1704 3 255 217 64 218 -1 -1 -1 0 
1705 3 255 217 65 213 -1 -1 -1 0 
1706 3 255 217 66 210 -1 -1 -1 0 
1707 3 255 217 67 210 -1 -1 -1 0 
1708 3 256 217 65 211 -1 -1 -1 0 
1709 3 258 216 64 228 -1 -1 -1 0 
1710 3 259 216 64 245 -1 -1 -1 0 
1711 3 262 214 62 240 -1 -1 -1 0 
1712 3 264 219 60 204 -1 -1 -1 0 
1713 3 265 219 59 203 -1 -1 -1 0 
1714 3 264 212 59 238 -1 -1 -1 0 
1715 3 264 211 60 234 -1 -1 -1 0 
1716 3 265 211 59 239 -1 -1 -1 0 
1717 3 264 209 60 240 -1 -1 -1 0 
1718 3 264 209 61 249 -1 -1 -1 0 
1719 3 263 208 64 253 -1 -1 -1 0 
1720 3 262 208 73 256 -1 -1 -1 0 
1721 3 265 210 65 221 -1 -1 -1 0 
1722 3 262 208 74 255 -1 -1 -1 0 
1723 3 262 207 74 258 -1 -1 -1 0 
1724 3 261 206 78 260 -1 -1 -1 0 
1725 3 262 206 76 258 -1 -1 -1 0 
1726 3 263 206 73 256 -1 -1 -1 0 
1727 3 262 206 74 254 -1 -1 -1 0 
1728 3 263 206 72 255 -1 -1 -1 0 
1729 3 263 206 73 256 -1 -1 -1 0 
1730 3 262 206 75 258 -1 -1 -1 0 
1731 3 262 206 75 259 -1 -1 -1 0 
1732 3 262 206 75 260 -1 -1 -1 0 
1733 3 263 207 73 259 -1 -1 -1 0 
1734 3 262 207 75 257 -1 -1 -1 0 
1735 3 263 207 73 257 -1 -1 -1 0 
1736 3 262 207 75 259 -1 -1 -1 0 
1737 3 262 207 76 255 -1 -1 -1 0 
1738 3 263 207 74 256 -1 -1 -1 0 
1739 3 262 207 75 254 -1 -1 -1 0 
1740 3 262 208 75 255 -1 -1 -1 0 
1741 3 261 208 77 256 -1 -1 -1 0 
1742 3 261 208 78 258 -1 -1 -1 0 
1743 3 262 208 77 258 -1 -1 -1 0 
1744 3 262 209 76 257 -1 -1 -1 0 
1745 3 261 208 76 257 -1 -1 -1 0 
1746 3 262 208 74 257 -1 -1 -1 0 
1747 3 261 208 75 256 -1 -1 -1 0 
1748 3 261 209 77 257 -1 -1 -1 0 
1749 3 262 209 74 255 -1 -1 -1 0 
1750 3 261 209 76 256 -1 -1 -1 0 
1751 3 261 208 76 256 -1 -1 -1 0 
1752 3 264 207 67 256 -1 -1 -1 0 
1753 3 263 206 67 257 -1 -1 -1 0 
1754 3 261 207 72 257 -1 -1 -1 0 
1755 3 264 206 63 254 -1 -1 -1 0 
1756 3 264 209 64 220 -1 -1 -1 0 
1757 3 264 206 63 253 -1 -1 -1 0 
1758 3 263 206 66 254 -1 -1 -1 0 
1759 3 263 206 66 254 -1 -1 -1 0 
1760 3 263 206 66 257 -1 -1 -1 0 
1761 3 264 206 64 256 -1 -1 -1 0 
1762 3 263 206 65 256 -1 -1 -1 0 
1763 3 265 209 62 223 -1 -1 -1 0 
1764 3 264 206 65 252 -1 -1 -1 0 
1765 3 264 206 64 256 -1 -1 -1 0 
1766 3 263 205 66 258 -1 -1 -1 0 
1767 3 263 205 65 255 -1 -1 -1 0 
1768 3 262 214 64 230 -1 -1 -1 0 
1769 3 264 206 64 251 -1 -1 -1 0 
1770 3 263 205 64 252 -1 -1 -1 0 
1771 3 263 206 64 250 -1 -1 -1 0 
1772 3 263 206 64 251 -1 -1 -1 0 
1773 3 263 206 63 252 -1 -1 -1 0 
1774 3 262 205 63 253 -1 -1 -1 0 
1775 3 261 214 64 233 -1 -1 -1 0 
1776 3 263 206 62 249 -1 -1 -1 0 
1777 3 263 207 62 253 -1 -1 -1 0 
1778 3 262 205 64 252 -1 -1 -1 0 
1779 3 262 205 65 252 -1 -1 -1 0 
1780 3 263 205 64 252 -1 -1 -1 0 
1781 3 262 214 66 230 -1 -1 -1 0 
1782 3 263 214 65 229 -1 -1 -1 0 
1783 3 263 215 64 228 -1 -1 -1 0 
1784 3 263 206 65 255 -1 -1 -1 0 
1785 3 262 206 67 256 -1 -1 -1 0 
1786 3 263 205 64 254 -1 -1 -1 0 
1787 3 262 206 65 249 -1 -1 -1 0 
1788 3 260 214 66 234 -1 -1 -1 0 
1789 3 261 212 57 219 -1 -1 -1 0 
1790 3 262 213 55 217 -1 -1 -1 0 
1791 3 259 206 56 241 -1 -1 -1 0 
1792 3 258 206 56 244 -1 -1 -1 0 
1793 3 256 207 57 246 -1 -1 -1 0 
1794 3 256 207 57 247 -1 -1 -1 0 
1795 3 248 211 67 252 -1 -1 -1 0 
1796 3 247 211 67 253 -1 -1 -1 0 
1797 3 240 214 77 256 -1 -1 -1 0 
1798 3 239 213 77 258 -1 -1 -1 0 
1799 3 237 212 80 257 -1 -1 -1 0 
1800 3 238 211 79 254 -1 -1 -1 0 
1801 3 240 212 78 238 -1 -1 -1 0 
1802 3 240 213 77 236 -1 -1 -1 0 
1803 3 240 213 77 236 -1 -1 -1 0 
1804 3 241 212 76 251 -1 -1 -1 0 
1805 3 240 211 77 253 -1 -1 -1 0 
1806 3 240 212 77 252 -1 -1 -1 0 
1807 3 240 211 77 253 -1 -1 -1 0 
1808 3 240 212 78 252 -1 -1 -1 0 
1809 3 240 211 77 253 -1 -1 -1 0 
1810 3 240 212 78 252 -1 -1 -1 0 
1811 3 240 205 75 265 -1 -1 -1 0 
1812 3 239 204 76 261 -1 -1 -1 0 
1813 3 239 204 75 261 -1 -1 -1 0 
1814 3 237 204 78 259 -1 -1 -1 0 
1815 3 234 203 82 257 -1 -1 -1 0 
1816 3 234 202 82 258 -1 -1 -1 0 
1817 3 234 202 82 258 -1 -1 -1 0 
1818 3 234 202 82 258 -1 -1 -1 0 
1819 3 234 202 82 258 -1 -1 -1 0 
1820 3 229 202 86 261 -1 -1 -1 0 
1821 3 228 201 86 263 -1 -1 -1 0 
1822 3 226 200 82 251 -1 -1 -1 0 
1823 3 223 198 82 258 -1 -1 -1 0 
1824 3 222 197 82 260 -1 -1 -1 0 
1825 3 218 196 84 264 -1 -1 -1 0 
1826 3 217 195 84 266 -1 -1 -1 0 
1827 3 215 197 87 253 -1 -1 -1 0 
1828 3 215 198 86 252 -1 -1 -1 0 
1829 3 215 197 86 252 -1 -1 -1 0 
1830 3 215 198 86 251 -1 -1 -1 0 
1831 3 215 203 86 243 -1 -1 -1 0 
1832 3 215 204 85 241 -1 -1 -1 0 
1833 3 215 204 85 241 -1 -1 -1 0 
1834 3 215 204 85 241 -1 -1 -1 0 
1835 3 215 204 85 241 -1 -1 -1 0 
1836 3 210 187 86 277 -1 -1 -1 0 
1837 3 201 185 104 268 -1 -1 -1 0 
1838 3 202 170 112 298 -1 -1 -1 0 
1839 3 197 168 123 296 -1 -1 -1 0 
1840 3 197 162 121 306 -1 -1 -1 0 
1841 3 193 157 126 312 -1 -1 -1 0 
1842 3 195 156 123 314 -1 -1 -1 0 
1843 3 198 157 122 318 -1 -1 -1 0 
1844 3 198 158 123 319 -1 -1 -1 0 
1845 3 201 160 118 319 -1 -1 -1 0 
1846 3 202 160 117 319 -1 -1 -1 0 
1847 3 207 160 115 319 -1 -1 -1 0 
1848 3 209 159 117 320 -1 -1 -1 0 
1849 3 211 151 120 327 -1 -1 -1 0 
1850 3 212 150 124 326 -1 -1 -1 0 
1851 3 213 144 128 332 -1 -1 -1 0 
1852 3 214 138 141 337 -1 -1 -1 0 
1853 3 217 134 147 342 -1 -1 -1 0 
1854 3 220 130 147 348 -1 -1 -1 0 
1855 3 227 132 136 347 -1 -1 -1 0 
1856 3 229 129 140 348 -1 -1 -1 0 
1857 3 230 127 151 348 -1 -1 -1 0 
1858 3 231 127 151 347 -1 -1 -1 0 
1859 3 232 128 152 346 -1 -1 -1 0 
1860 3 231 126 150 347 -1 -1 -1 0 
1861 3 231 123 145 350 -1 -1 -1 0 
1862 3 231 121 143 353 -1 -1 -1 0 
1863 3 227 113 143 362 -1 -1 -1 0 
1864 3 226 108 146 368 -1 -1 -1 0 
1865 3 219 99 160 380 -1 -1 -1 0 
1866 3 217 98 165 381 -1 -1 -1 0 
1867 3 220 94 166 385 -1 -1 -1 0 
1868 3 227 95 156 380 -1 -1 -1 0 
1869 3 228 97 159 378 -1 -1 -1 0 
1870 3 232 96 161 379 -1 -1 -1 0 
1871 3 233 93 166 382 -1 -1 -1 0 
1872 3 239 84 162 393 -1 -1 -1 0 
1873 3 241 80 165 395 -1 -1 -1 0 
1874 3 242 78 172 391 -1 -1 -1 0 
1875 3 242 77 179 391 -1 -1 -1 0 
1876 3 240 66 194 404 -1 -1 -1 0 
1877 3 239 54 207 410 -1 -1 -1 0 
1878 3 242 52 212 414 -1 -1 -1 0 
1879 3 246 45 215 423 -1 -1 -1 0 
1880 3 252 37 217 434 -1 -1 -1 0 
1881 3 251 23 224 452 -1 -1 -1 0 
1882 3 245 11 236 465 -1 -1 -1 0 
1883 3 243 6 237 472 -1 -1 -1 0 
1884 3 242 2 240 477 -1 -1 -1 0 
1885 3 237 0 250 479 -1 -1 -1 0 
1886 3 237 0 259 479 -1 -1 -1 0 
1887 3 239 0 260 479 -1 -1 -1 0 
1888 3 241 0 267 477 -1 -1 -1 0 
1889 3 244 0 266 478 -1 -1 -1 0 
1890 3 250 0 260 479 -1 -1 -1 0 
1891 3 250 0 267 478 -1 -1 -1 0 
1892 3 249 0 294 478 -1 -1 -1 0 
1893 3 251 0 307 477 -1 -1 -1 0 
1894 3 248 0 330 479 -1 -1 -1 0 
1895 3 252 0 331 477 -1 -1 -1 0 
1896 3 253 0 352 479 -1 -1 -1 0 
1897 3 251 0 364 479 -1 -1 -1 0 
1898 3 248 0 375 479 -1 -1 -1 0 
1899 3 246 0 382 479 -1 -1 -1 0 
1900 3 244 3 382 474 -1 -1 -1 0 
1901 3 240 4 384 475 -1 -1 -1 0 
1902 3 224 5 398 461 -1 -1 -1 0 
1903 3 221 3 395 465 -1 -1 -1 0 
1904 3 201 6 409 460 -1 -1 -1 0 
1905 3 190 6 412 466 -1 -1 -1 0 
1906 3 148 11 444 451 -1 -1 -1 0 
1907 3 133 10 465 458 -1 -1 -1 0 
1908 3 92 12 480 450 -1 -1 -1 0 
1909 3 73 11 506 456 -1 -1 -1 0 
1910 3 78 11 500 455 -1 -1 -1 0 
1911 3 82 6 488 463 -1 -1 -1 0 
1912 3 78 7 497 464 -1 -1 -1 0 
1913 3 83 8 492 461 -1 -1 -1 0 
1914 3 127 7 443 466 -1 -1 -1 0 
1915 3 168 6 395 464 -1 -1 -1 0 
1916 3 202 3 359 472 -1 -1 -1 0 
1917 3 210 1 357 471 -1 -1 -1 0 
1918 3 215 4 353 467 -1 -1 -1 0 
1919 3 216 4 352 470 -1 -1 -1 0 
1920 3 225 3 325 476 -1 -1 -1 0 
1921 3 217 3 326 476 -1 -1 -1 0 
1922 3 212 5 324 470 -1 -1 -1 0 
1923 3 207 0 324 475 -1 -1 -1 0 
1924 3 206 3 324 476 -1 -1 -1 0 
1925 3 199 3 324 473 -1 -1 -1 0 
1926 3 202 0 316 475 -1 -1 -1 0 
1927 3 203 0 314 472 -1 -1 -1 0 
1928 3 208 0 307 473 -1 -1 -1 0 
1929 3 210 0 304 473 -1 -1 -1 0 
1930 3 212 0 303 474 -1 -1 -1 0 
1931 3 211 0 303 475 -1 -1 -1 0 
1932 3 207 3 312 475 -1 -1 -1 0 
1933 3 211 1 304 475 -1 -1 -1 0 
1934 3 211 0 304 477 -1 -1 -1 0 
1935 3 210 0 307 477 -1 -1 -1 0 
1936 3 206 0 314 476 -1 -1 -1 0 
1937 3 205 2 319 476 -1 -1 -1 0 
1938 3 202 6 332 470 -1 -1 -1 0 
1939 3 202 8 336 470 -1 -1 -1 0 
1940 3 208 7 340 465 -1 -1 -1 0 
1941 3 211 6 343 472 -1 -1 -1 0 
1942 3 235 7 330 469 -1 -1 -1 0 
1943 3 238 8 338 468 -1 -1 -1 0 
1944 3 254 6 330 468 -1 -1 -1 0 
1945 3 261 4 330 471 -1 -1 -1 0 
1946 3 280 10 329 464 -1 -1 -1 0 
1947 3 289 5 324 473 -1 -1 -1 0 
1948 3 294 1 316 478 -1 -1 -1 0 
1949 3 307 2 317 472 -1 -1 -1 0 
1950 3 319 3 308 468 -1 -1 -1 0 
1951 3 330 4 301 475 -1 -1 -1 0 
1952 3 339 5 294 472 -1 -1 -1 0 
1953 3 342 5 292 471 -1 -1 -1 0 
1954 3 341 4 293 474 -1 -1 -1 0 
1955 3 340 4 299 474 -1 -1 -1 0 
1956 3 342 0 295 479 -1 -1 -1 0 
1957 3 343 0 296 478 -1 -1 -1 0 
1958 3 346 0 293 477 -1 -1 -1 0 
1959 3 354 0 285 477 -1 -1 -1 0 
1960 3 357 0 282 474 -1 -1 -1 0 
1961 3 365 0 273 477 -1 -1 -1 0 
1962 3 370 0 267 476 -1 -1 -1 0 
1963 3 376 2 263 471 -1 -1 -1 0 
1964 3 380 0 259 475 -1 -1 -1 0 
1965 3 389 0 250 470 -1 -1 -1 0 
1966 3 394 2 245 466 -1 -1 -1 0 
1967 3 399 0 239 467 -1 -1 -1 0 
1968 3 413 0 223 473 -1 -1 -1 0 
1969 3 426 0 210 474 -1 -1 -1 0 
1970 3 437 0 200 474 -1 -1 -1 0 
1971 3 452 0 185 474 -1 -1 -1 0 
1972 3 462 0 174 472 -1 -1 -1 0 
1973 3 467 0 172 470 -1 -1 -1 0 
1974 3 490 0 147 476 -1 -1 -1 0 
1975 3 499 0 140 476 -1 -1 -1 0 
1976 3 506 0 133 472 -1 -1 -1 0 
1977 3 516 0 123 470 -1 -1 -1 0 
1978 3 520 6 119 463 -1 -1 -1 0 
1979 3 516 0 123 471 -1 -1 -1 0 
1980 3 519 0 120 468 -1 -1 -1 0 
1981 3 520 5 119 452 -1 -1 -1 0 
1982 3 518 13 121 452 -1 -1 -1 0 
1983 3 515 24 124 446 -1 -1 -1 0 
1984 3 513 30 126 442 -1 -1 -1 0 
1990 3 509 59 130 413 -1 -1 -1 0 
1991 3 502 71 137 403 -1 -1 -1 0 
1992 3 496 95 143 374 -1 -1 -1 0 
2000 3 453 62 186 407 -1 -1 -1 0 
2001 3 447 33 190 441 -1 -1 -1 0 
2002 3 432 58 207 408 -1 -1 -1 0 
2003 3 428 13 210 458 -1 -1 -1 0 
2004 3 423 8 216 462 -1 -1 -1 0 
2005 3 420 5 219 464 -1 -1 -1 0 
2006 3 413 3 225 470 -1 -1 -1 0 
2007 3 406 32 231 438 -1 -1 -1 0 
2008 3 401 31 235 442 -1 -1 -1 0 
2009 3 386 18 250 456 -1 -1 -1 0 
2010 3 382 1 254 476 -1 -1 -1 0 
2011 3 380 0 240 479 -1 -1 -1 0 
2012 3 492 6 140 464 -1 -1 -1 0 
2013 3 369 0 260 472 -1 -1 -1 0 
2014 3 364 0 267 472 -1 -1 -1 0 
2015 3 358 1 268 475 -1 -1 -1 0 
2016 3 344 0 282 475 -1 -1 -1 0 
2017 3 342 0 277 476 -1 -1 -1 0 
2018 3 307 0 306 477 -1 -1 -1 0 
2019 3 300 0 305 469 -1 -1 -1 0 
2020 3 289 0 327 470 -1 -1 -1 0 
2021 3 265 0 352 468 -1 -1 -1 0 
2022 3 254 0 369 470 -1 -1 -1 0 
2023 3 233 0 358 471 -1 -1 -1 0 
2024 3 218 0 304 474 -1 -1 -1 0 
2025 3 183 5 312 467 -1 -1 -1 0 
2026 3 167 9 318 462 -1 -1 -1 0 
2027 3 147 10 329 461 -1 -1 -1 0 
2028 3 140 6 335 466 -1 -1 -1 0 
2029 3 128 3 325 469 -1 -1 -1 0 
2030 3 125 0 318 471 -1 -1 -1 0 
2031 3 125 1 308 472 -1 -1 -1 0 
2032 3 125 2 304 473 -1 -1 -1 0 
2033 3 125 0 293 474 -1 -1 -1 0 
2034 3 115 1 295 473 -1 -1 -1 0 
2035 3 111 0 294 476 -1 -1 -1 0 
2036 3 106 0 299 474 -1 -1 -1 0 
2037 3 97 3 305 467 -1 -1 -1 0 
2038 3 96 0 295 474 -1 -1 -1 0 
2039 3 94 2 296 471 -1 -1 -1 0 
2040 3 92 5 301 468 -1 -1 -1 0 
2041 3 93 4 297 470 -1 -1 -1 0 
2042 3 94 1 293 471 -1 -1 -1 0 
2043 3 93 1 291 471 -1 -1 -1 0 
2044 3 90 2 298 470 -1 -1 -1 0 
2045 3 92 1 291 472 -1 -1 -1 0 
2046 3 91 0 290 473 -1 -1 -1 0 
2047 3 88 4 298 467 -1 -1 -1 0 
2048 3 91 3 291 471 -1 -1 -1 0 
2049 3 90 0 291 473 -1 -1 -1 0 
2050 3 89 1 292 471 -1 -1 -1 0 
2051 3 90 0 291 473 -1 -1 -1 0 
2052 3 89 0 292 473 -1 -1 -1 0 
2053 3 89 0 292 473 -1 -1 -1 0 
2054 3 90 0 292 473 -1 -1 -1 0 
2055 3 89 1 294 471 -1 -1 -1 0 
2056 3 90 1 293 471 -1 -1 -1 0 
2057 3 91 0 292 472 -1 -1 -1 0 
2058 3 91 0 293 471 -1 -1 -1 0 
2059 3 90 1 295 470 -1 -1 -1 0 
2060 3 92 0 293 472 -1 -1 -1 0 
2061 3 93 3 293 469 -1 -1 -1 0 
2062 3 92 3 300 469 -1 -1 -1 0 
2063 3 94 4 294 467 -1 -1 -1 0 
2064 3 94 5 294 466 -1 -1 -1 0 
2065 3 94 5 295 465 -1 -1 -1 0 
2066 3 95 4 294 466 -1 -1 -1 0 
2067 3 95 4 296 467 -1 -1 -1 0 
2068 3 96 3 294 469 -1 -1 -1 0 
2069 3 97 2 293 471 -1 -1 -1 0 
2070 3 95 2 300 471 -1 -1 -1 0 
2071 3 95 3 302 469 -1 -1 -1 0 
2072 3 98 3 295 469 -1 -1 -1 0 
2073 3 98 2 294 470 -1 -1 -1 0 
2074 3 98 1 294 471 -1 -1 -1 0 
2075 3 97 2 295 470 -1 -1 -1 0 
2076 3 97 2 295 471 -1 -1 -1 0 
2077 3 96 2 296 472 -1 -1 -1 0 
2078 3 96 4 297 470 -1 -1 -1 0 
2079 3 97 6 297 468 -1 -1 -1 0 
2080 3 98 5 296 468 -1 -1 -1 0 
2081 3 100 5 295 468 -1 -1 -1 0 
2082 3 102 2 293 472 -1 -1 -1 0 
2083 3 102 3 300 468 -1 -1 -1 0 
2084 3 103 3 299 467 -1 -1 -1 0 
2085 3 108 1 297 471 -1 -1 -1 0 
2086 3 107 0 300 473 -1 -1 -1 0 
2087 3 111 1 296 474 -1 -1 -1 0 
2088 3 112 1 297 475 -1 -1 -1 0 
2089 3 114 2 296 474 -1 -1 -1 0 
2090 3 120 2 287 471 -1 -1 -1 0 
2091 3 123 2 285 470 -1 -1 -1 0 
2092 3 124 2 295 472 -1 -1 -1 0 
2093 3 125 0 298 473 -1 -1 -1 0 
2094 3 128 0 303 476 -1 -1 -1 0 
2095 3 131 0 301 475 -1 -1 -1 0 
2096 3 72 2 541 477 -1 -1 -1 0 
2097 3 140 2 308 474 -1 -1 -1 0 
2098 3 72 0 549 476 -1 -1 -1 0 
2099 3 137 0 297 473 -1 -1 -1 0 
2100 3 125 0 298 471 -1 -1 -1 0 
2101 3 115 0 308 472 -1 -1 -1 0 
2102 3 113 0 310 474 -1 -1 -1 0 
2103 3 112 0 310 473 -1 -1 -1 0 
2104 3 113 0 306 472 -1 -1 -1 0 
2106 3 62 0 551 471 -1 -1 -1 0 
2107 3 132 0 306 472 -1 -1 -1 0 
2108 3 119 0 306 473 -1 -1 -1 0 
2112 3 83 0 353 466 -1 -1 -1 0 
2113 3 48 0 387 467 -1 -1 -1 0 
2114 3 27 1 406 466 -1 -1 -1 0 
2115 3 18 0 417 471 -1 -1 -1 0 
2116 3 17 0 417 472 -1 -1 -1 0 
2117 3 16 4 442 460 -1 -1 -1 0 
2118 3 16 2 445 460 -1 -1 -1 0 
2119 3 17 2 454 460 -1 -1 -1 0 
2120 3 18 5 459 454 -1 -1 -1 0 
2121 3 18 4 458 456 -1 -1 -1 0 
2122 3 17 4 459 457 -1 -1 -1 0 
2123 3 14 3 462 460 -1 -1 -1 0 
2124 3 14 3 466 459 -1 -1 -1 0 
2125 3 16 4 460 458 -1 -1 -1 0 
2126 3 14 2 467 464 -1 -1 -1 0 
2127 3 13 2 470 466 -1 -1 -1 0 
2128 3 11 2 475 466 -1 -1 -1 0 
2129 3 11 2 476 466 -1 -1 -1 0 
2130 3 11 2 475 465 -1 -1 -1 0 
2131 3 9 2 476 466 -1 -1 -1 0 
2132 3 8 3 478 465 -1 -1 -1 0 
2142 3 0 0 605 474 -1 -1 -1 0 
2144 3 24 2 477 469 -1 -1 -1 0 
2146 3 13 2 478 467 -1 -1 -1 0 
2147 3 10 2 477 467 -1 -1 -1 0 
2148 3 0 0 608 473 -1 -1 -1 0 
2149 3 6 0 621 472 -1 -1 -1 0 
2150 3 13 0 621 473 -1 -1 -1 0 
2151 3 34 3 470 465 -1 -1 -1 0 
2152 3 17 3 474 463 -1 -1 -1 0 
2153 3 0 0 611 471 -1 -1 -1 0 
2154 3 27 3 472 464 -1 -1 -1 0 
2155 3 0 0 615 472 -1 -1 -1 0 
2156 3 11 0 620 473 -1 -1 -1 0 
2157 3 32 2 474 464 -1 -1 -1 0 
2158 3 21 3 469 462 -1 -1 -1 0 
2159 3 17 4 470 463 -1 -1 -1 0 
2160 3 20 3 467 464 -1 -1 -1 0 
2161 3 22 3 464 463 -1 -1 -1 0 
2162 3 15 3 477 464 -1 -1 -1 0 
2163 3 18 3 468 465 -1 -1 -1 0 
2164 3 21 3 465 466 -1 -1 -1 0 
2165 3 22 3 462 463 -1 -1 -1 0 
2166 3 9 0 589 474 -1 -1 -1 0 
2167 3 33 1 463 467 -1 -1 -1 0 
2168 3 31 0 448 465 -1 -1 -1 0 
2169 3 23 0 456 465 -1 -1 -1 0 
2170 3 60 0 404 462 -1 -1 -1 0 
2171 3 76 2 380 460 -1 -1 -1 0 
2172 3 98 0 358 468 -1 -1 -1 0 
2173 3 112 0 340 467 -1 -1 -1 0 
2174 3 124 0 323 467 -1 -1 -1 0 
2175 3 124 0 328 468 -1 -1 -1 0 
2176 3 125 0 324 465 -1 -1 -1 0 
2177 3 126 0 318 465 -1 -1 -1 0 
2178 3 131 0 311 466 -1 -1 -1 0 
2179 3 132 0 310 467 -1 -1 -1 0 
2180 3 132 0 311 466 -1 -1 -1 0 
2181 3 133 0 309 466 -1 -1 -1 0 
2182 3 132 1 310 464 -1 -1 -1 0 
2183 3 133 0 308 466 -1 -1 -1 0 
2184 3 131 1 314 465 -1 -1 -1 0 
2185 3 132 0 313 466 -1 -1 -1 0 
2186 3 133 0 313 466 -1 -1 -1 0 
2187 3 134 0 312 465 -1 -1 -1 0 
2188 3 133 0 314 465 -1 -1 -1 0 
2189 3 133 0 312 465 -1 -1 -1 0 
2190 3 132 0 314 465 -1 -1 -1 0 
2191 3 134 0 315 467 -1 -1 -1 0 
2192 3 134 0 316 467 -1 -1 -1 0 
2193 3 133 0 314 465 -1 -1 -1 0 
2194 3 131 0 315 465 -1 -1 -1 0 
2195 3 121 0 325 463 -1 -1 -1 0 
2196 3 80 0 537 468 -1 -1 -1 0 
2206 3 153 0 323 470 -1 -1 -1 0 
2207 3 152 0 311 472 -1 -1 -1 0 
2208 3 157 0 299 468 -1 -1 -1 0 
2209 3 141 0 333 471 -1 -1 -1 0 
2210 3 147 3 299 464 -1 -1 -1 0 
2211 3 145 2 298 464 -1 -1 -1 0 
2212 3 141 0 301 468 -1 -1 -1 0 
2213 3 139 0 303 468 -1 -1 -1 0 
2214 3 137 0 306 469 -1 -1 -1 0 
2215 3 136 1 307 468 -1 -1 -1 0 
2216 3 134 3 310 465 -1 -1 -1 0 
2217 3 134 3 310 466 -1 -1 -1 0 
2218 3 132 3 313 466 -1 -1 -1 0 
2219 3 133 3 312 467 -1 -1 -1 0 
2220 3 134 2 310 468 -1 -1 -1 0 
2221 3 134 2 311 467 -1 -1 -1 0 
2222 3 136 3 309 466 -1 -1 -1 0 
2223 3 136 3 309 466 -1 -1 -1 0 
2224 3 135 2 310 468 -1 -1 -1 0 
2225 3 136 2 308 468 -1 -1 -1 0 
2226 3 137 3 307 467 -1 -1 -1 0 
2227 3 137 3 307 467 -1 -1 -1 0 
2228 3 138 2 305 468 -1 -1 -1 0 
2229 3 138 2 305 468 -1 -1 -1 0 
2230 3 138 2 305 468 -1 -1 -1 0 
2231 3 138 3 306 467 -1 -1 -1 0 
2232 3 141 4 301 465 -1 -1 -1 0 
2233 3 142 4 301 465 -1 -1 -1 0 
2234 3 145 4 298 466 -1 -1 -1 0 
2235 3 138 0 335 473 -1 -1 -1 0 
2236 3 155 0 310 468 -1 -1 -1 0 
2237 3 161 0 306 469 -1 -1 -1 0 
2238 3 163 2 308 466 -1 -1 -1 0 
2239 3 167 2 307 467 -1 -1 -1 0 
2240 3 169 2 311 468 -1 -1 -1 0 
2241 3 171 3 311 465 -1 -1 -1 0 
2242 3 174 5 310 462 -1 -1 -1 0 
2243 3 177 4 306 463 -1 -1 -1 0 
2244 3 178 3 305 463 -1 -1 -1 0 
2245 3 181 3 301 463 -1 -1 -1 0 
2246 3 182 2 300 464 -1 -1 -1 0 
2247 3 183 4 300 461 -1 -1 -1 0 
2248 3 184 3 299 463 -1 -1 -1 0 
2249 3 179 1 324 468 -1 -1 -1 0 
2250 3 186 4 294 463 -1 -1 -1 0 
2251 3 187 3 290 467 -1 -1 -1 0 
2252 3 186 6 296 466 -1 -1 -1 0 
2253 3 187 6 291 463 -1 -1 -1 0 
2254 3 189 4 289 469 -1 -1 -1 0 
2255 3 194 6 281 465 -1 -1 -1 0 
2256 3 198 4 278 467 -1 -1 -1 0 
2257 3 206 0 299 471 -1 -1 -1 0 
2258 3 192 0 418 471 -1 -1 -1 0 
2259 3 212 0 303 478 -1 -1 -1 0 
2260 3 212 0 294 470 -1 -1 -1 0 
2261 3 209 2 291 471 -1 -1 -1 0 
2262 3 201 1 300 477 -1 -1 -1 0 
2263 3 211 9 278 463 -1 -1 -1 0 
2264 3 223 6 261 462 -1 -1 -1 0 
2265 3 228 0 259 472 -1 -1 -1 0 
2266 3 226 5 264 468 -1 -1 -1 0 
2267 3 227 8 266 465 -1 -1 -1 0 
2268 3 225 7 268 465 -1 -1 -1 0 
2269 3 226 5 267 469 -1 -1 -1 0 
2270 3 230 5 255 470 -1 -1 -1 0 
2271 3 225 2 257 470 -1 -1 -1 0 
2272 3 222 2 258 467 -1 -1 -1 0 
2273 3 211 6 264 460 -1 -1 -1 0 
2274 3 216 18 264 432 -1 -1 -1 0 
2275 3 200 0 270 471 -1 -1 -1 0 
2276 3 157 5 308 465 -1 -1 -1 0 
2277 3 106 2 358 470 -1 -1 -1 0 
2278 3 20 0 453 473 -1 -1 -1 0 
2279 3 18 4 456 473 -1 -1 -1 0 
2280 3 15 5 457 473 -1 -1 -1 0 
2283 3 15 1 476 467 -1 -1 -1 0 
2284 3 143 0 337 469 -1 -1 -1 0 
2286 3 143 0 368 464 -1 -1 -1 0 
2287 3 133 4 388 464 -1 -1 -1 0 
2288 3 128 5 393 465 -1 -1 -1 0 
2289 3 117 8 408 462 -1 -1 -1 0 
2290 3 112 7 415 465 -1 -1 -1 0 
2297 3 37 3 506 475 -1 -1 -1 0 
2298 3 42 3 489 476 -1 -1 -1 0 
2301 3 22 2 514 475 -1 -1 -1 0 
2302 3 18 2 515 475 -1 -1 -1 0 
2303 3 9 0 528 477 -1 -1 -1 0 
2304 3 14 1 521 475 -1 -1 -1 0 
2306 3 19 0 515 476 -1 -1 -1 0 
2307 3 20 0 510 476 -1 -1 -1 0 
2308 3 27 0 499 476 -1 -1 -1 0 
2309 3 23 0 507 475 -1 -1 -1 0 
2310 3 28 0 498 474 -1 -1 -1 0 
2311 3 22 0 508 474 -1 -1 -1 0 
2312 3 26 3 496 471 -1 -1 -1 0 
2313 3 24 3 497 471 -1 -1 -1 0 
2314 3 20 3 503 472 -1 -1 -1 0 
2315 3 22 2 502 473 -1 -1 -1 0 
2316 3 18 3 510 474 -1 -1 -1 0 
2317 3 21 3 505 474 -1 -1 -1 0 
2318 3 25 2 498 475 -1 -1 -1 0 
2319 3 27 2 494 474 -1 -1 -1 0 
2320 3 29 2 491 473 -1 -1 -1 0 
2321 3 33 3 486 472 -1 -1 -1 0 
2322 3 31 1 488 475 -1 -1 -1 0 
2323 3 26 1 496 475 -1 -1 -1 0 
2324 3 24 1 499 474 -1 -1 -1 0 
2325 3 29 1 491 474 -1 -1 -1 0 
2326 3 25 0 497 475 -1 -1 -1 0 
2327 3 25 0 498 475 -1 -1 -1 0 
2328 3 30 0 489 475 -1 -1 -1 0 
2329 3 28 0 493 475 -1 -1 -1 0 
2330 3 29 0 490 475 -1 -1 -1 0 
2331 3 28 1 493 474 -1 -1 -1 0 
2332 3 29 1 492 474 -1 -1 -1 0 
2333 3 27 1 495 474 -1 -1 -1 0 
2334 3 28 2 493 472 -1 -1 -1 0 
2335 3 31 2 488 474 -1 -1 -1 0 
2336 3 37 4 480 471 -1 -1 -1 0 
2337 3 37 4 480 473 -1 -1 -1 0 
2338 3 34 5 485 472 -1 -1 -1 0 
2339 3 36 6 481 471 -1 -1 -1 0 
2340 3 34 5 484 474 -1 -1 -1 0 
2341 3 30 5 489 474 -1 -1 -1 0 
2342 3 29 6 491 473 -1 -1 -1 0 
2343 3 31 6 488 473 -1 -1 -1 0 
2344 3 33 6 484 473 -1 -1 -1 0 
2345 3 32 5 486 474 -1 -1 -1 0 
2346 3 33 5 485 474 -1 -1 -1 0 
2347 3 35 5 483 474 -1 -1 -1 0 
2348 3 37 6 480 472 -1 -1 -1 0 
2349 3 36 5 482 472 -1 -1 -1 0 
2350 3 38 4 478 474 -1 -1 -1 0 
2351 3 37 5 481 472 -1 -1 -1 0 
2352 3 37 5 482 474 -1 -1 -1 0 
2353 3 38 5 480 473 -1 -1 -1 0 
2354 3 39 6 478 471 -1 -1 -1 0 
2355 3 39 6 478 471 -1 -1 -1 0 
2356 3 38 5 477 473 -1 -1 -1 0 
2357 3 38 5 477 472 -1 -1 -1 0 
2358 3 38 5 477 472 -1 -1 -1 0 
2359 3 37 5 480 473 -1 -1 -1 0 
2360 3 36 5 481 472 -1 -1 -1 0 
2361 3 36 5 480 473 -1 -1 -1 0 
2362 3 36 5 480 473 -1 -1 -1 0 
2363 3 35 4 481 475 -1 -1 -1 0 
2364 3 34 5 483 473 -1 -1 -1 0 
2365 3 34 5 482 473 -1 -1 -1 0 
2366 3 36 4 479 473 -1 -1 -1 0 
2367 3 35 5 480 472 -1 -1 -1 0 
2368 3 34 5 481 472 -1 -1 -1 0 
2369 3 35 5 480 473 -1 -1 -1 0 
2370 3 35 5 481 472 -1 -1 -1 0 
2371 3 33 5 484 473 -1 -1 -1 0 
2372 3 35 5 480 472 -1 -1 -1 0 
2373 3 34 6 482 472 -1 -1 -1 0 
2374 3 35 5 479 472 -1 -1 -1 0 
2375 3 33 4 483 473 -1 -1 -1 0 
2376 3 33 4 483 473 -1 -1 -1 0 
2377 3 33 5 483 472 -1 -1 -1 0 
2378 3 33 4 482 473 -1 -1 -1 0 
2379 3 33 4 482 474 -1 -1 -1 0 
2380 3 33 4 482 474 -1 -1 -1 0 
2381 3 31 4 485 473 -1 -1 -1 0 
2382 3 35 4 478 473 -1 -1 -1 0 
2383 3 32 4 484 473 -1 -1 -1 0 
2384 3 31 4 485 473 -1 -1 -1 0 
2385 3 35 4 477 473 -1 -1 -1 0 
2386 3 34 3 479 474 -1 -1 -1 0 
2387 3 32 3 483 474 -1 -1 -1 0 
2388 3 30 4 486 473 -1 -1 -1 0 
2389 3 24 5 496 472 -1 -1 -1 0 
2390 3 24 5 495 473 -1 -1 -1 0 
2391 3 22 5 498 472 -1 -1 -1 0 
2392 3 17 5 505 472 -1 -1 -1 0 
2393 3 23 4 493 473 -1 -1 -1 0 
2394 3 21 4 496 472 -1 -1 -1 0 
2395 3 25 7 488 466 -1 -1 -1 0 
2396 3 22 4 496 472 -1 -1 -1 0 
2397 3 18 4 503 473 -1 -1 -1 0 
2398 3 17 4 505 473 -1 -1 -1 0 
2399 3 18 5 503 473 -1 -1 -1 0 
2400 3 16 5 507 474 -1 -1 -1 0 
2401 3 16 5 508 473 -1 -1 -1 0 
2402 3 18 4 504 474 -1 -1 -1 0 
2403 3 14 5 511 473 -1 -1 -1 0 
2404 3 13 5 512 474 -1 -1 -1 0 
2405 3 13 5 512 474 -1 -1 -1 0 
2406 3 9 4 519 474 -1 -1 -1 0 
2407 3 7 5 523 472 -1 -1 -1 0 
2408 3 7 2 524 477 -1 -1 -1 0 
2409 3 8 1 525 477 -1 -1 -1 0 
2410 3 0 0 549 476 -1 -1 -1 0 
2411 3 0 1 551 475 -1 -1 -1 0 
2412 3 1 1 559 475 -1 -1 -1 0 
2413 3 11 0 550 474 -1 -1 -1 0 
2433 3 231 44 408 435 -1 -1 -1 0 
2436 4 25 14 614 465 -1 -1 -1 0 
2437 4 19 8 620 470 -1 -1 -1 0 
2438 4 16 10 623 469 -1 -1 -1 0 
2439 4 23 1 616 475 -1 -1 -1 0 
2440 4 21 3 604 466 -1 -1 -1 0 
2441 4 20 16 609 451 -1 -1 -1 0 
2442 4 55 22 579 450 -1 -1 -1 0 
2443 4 23 34 612 436 -1 -1 -1 0 
2444 4 54 20 580 457 -1 -1 -1 0 
2445 4 54 24 584 453 -1 -1 -1 0 
2446 4 52 28 586 449 -1 -1 -1 0 
2447 4 53 24 584 453 -1 -1 -1 0 
2448 4 48 25 590 452 -1 -1 -1 0 
2449 4 16 45 623 430 -1 -1 -1 0 
2450 4 16 50 622 427 -1 -1 -1 0 
2451 4 15 50 623 428 -1 -1 -1 0 
2452 4 13 57 623 421 -1 -1 -1 0 
2453 4 17 53 619 425 -1 -1 -1 0 
2454 4 18 50 619 428 -1 -1 -1 0 
2455 4 18 50 619 428 -1 -1 -1 0 
2456 4 17 52 621 426 -1 -1 -1 0 
2457 4 17 50 621 429 -1 -1 -1 0 
2458 4 47 34 589 445 -1 -1 -1 0 
2459 4 23 45 616 424 -1 -1 -1 0 
2460 4 17 42 621 436 -1 -1 -1 0 
2461 4 18 22 608 455 -1 -1 -1 0 
2462 4 7 15 625 459 -1 -1 -1 0 
2463 4 12 13 613 464 -1 -1 -1 0 
2464 4 12 14 618 458 -1 -1 -1 0 
2465 4 10 10 623 462 -1 -1 -1 0 
2466 4 16 6 610 461 -1 -1 -1 0 
2467 4 18 6 599 455 -1 -1 -1 0 
2468 4 13 2 606 457 -1 -1 -1 0 
2469 4 8 6 600 454 -1 -1 -1 0 
2470 4 2 4 604 456 -1 -1 -1 0 
2471 4 12 3 587 463 -1 -1 -1 0 
2472 4 12 2 587 463 -1 -1 -1 0 
2473 4 11 6 583 457 -1 -1 -1 0 
2474 4 10 4 555 457 -1 -1 -1 0 
2475 4 14 4 545 457 -1 -1 -1 0 
2476 4 16 7 539 455 -1 -1 -1 0 
2477 4 20 7 518 456 -1 -1 -1 0 
2478 4 17 5 512 461 -1 -1 -1 0 
2479 4 19 5 503 460 -1 -1 -1 0 
2480 4 17 9 504 456 -1 -1 -1 0 
2481 4 15 7 508 457 -1 -1 -1 0 
2482 4 18 6 499 454 -1 -1 -1 0 
2483 4 20 5 496 459 -1 -1 -1 0 
2484 4 19 4 490 465 -1 -1 -1 0 
2485 4 12 5 503 467 -1 -1 -1 0 
2486 4 12 3 511 472 -1 -1 -1 0 
2487 4 14 2 507 474 -1 -1 -1 0 
2488 4 6 0 528 477 -1 -1 -1 0 
2489 4 6 0 529 477 -1 -1 -1 0 
2490 4 4 4 534 468 -1 -1 -1 0 
2491 4 8 3 520 463 -1 -1 -1 0 
2492 4 11 2 519 457 -1 -1 -1 0 
