107 1 146 5 345 474 -1 -1 -1 0 
109 1 142 1 346 476 -1 -1 -1 0 
111 1 144 2 339 455 -1 -1 -1 0 
206 1 70 0 476 385 -1 -1 -1 0 
208 2 217 289 89 186 -1 -1 -1 0 
209 2 219 290 88 187 -1 -1 -1 0 
211 3 231 139 95 335 -1 -1 -1 0 
212 3 230 136 99 338 -1 -1 -1 0 
213 3 229 135 101 339 -1 -1 -1 0 
214 3 229 135 101 339 -1 -1 -1 0 
215 3 250 131 130 340 -1 -1 -1 0 
216 3 252 130 130 340 -1 -1 -1 0 
217 3 252 130 130 340 -1 -1 -1 0 
218 3 256 133 123 338 -1 -1 -1 0 
219 3 274 140 142 329 -1 -1 -1 0 
220 3 277 133 169 345 -1 -1 -1 0 
221 3 276 132 173 347 -1 -1 -1 0 
222 3 274 131 175 347 -1 -1 -1 0 
223 3 279 132 174 345 -1 -1 -1 0 
224 3 290 128 164 348 -1 -1 -1 0 
225 3 304 126 151 347 -1 -1 -1 0 
226 3 316 111 146 368 -1 -1 -1 0 
227 3 324 105 141 374 -1 -1 -1 0 
228 3 335 115 127 359 -1 -1 -1 0 
229 3 338 114 132 361 -1 -1 -1 0 
230 3 344 114 130 359 -1 -1 -1 0 
231 3 350 112 127 362 -1 -1 -1 0 
232 3 348 103 135 376 -1 -1 -1 0 
233 3 358 112 132 365 -1 -1 -1 0 
234 3 363 113 134 365 -1 -1 -1 0 
235 3 368 115 133 362 -1 -1 -1 0 
236 3 376 115 131 360 -1 -1 -1 0 
237 3 379 114 132 361 -1 -1 -1 0 
238 3 379 114 135 360 -1 -1 -1 0 
239 3 382 114 138 361 -1 -1 -1 0 
240 3 384 113 138 362 -1 -1 -1 0 
241 3 393 105 132 373 -1 -1 -1 0 
242 3 395 104 134 374 -1 -1 -1 0 
243 3 396 107 132 371 -1 -1 -1 0 
244 3 394 104 135 375 -1 -1 -1 0 
245 3 394 103 134 376 -1 -1 -1 0 
246 3 392 105 136 374 -1 -1 -1 0 
247 3 391 104 137 375 -1 -1 -1 0 
248 3 390 102 137 377 -1 -1 -1 0 
249 3 389 98 136 381 -1 -1 -1 0 
250 3 386 110 137 366 -1 -1 -1 0 
251 3 385 110 137 367 -1 -1 -1 0 
252 3 382 108 136 369 -1 -1 -1 0 
253 3 381 107 136 371 -1 -1 -1 0 
254 3 380 107 137 372 -1 -1 -1 0 
255 3 380 108 137 371 -1 -1 -1 0 
256 3 381 108 137 368 -1 -1 -1 0 
257 3 382 107 137 368 -1 -1 -1 0 
258 3 383 107 136 369 -1 -1 -1 0 
259 3 385 106 140 368 -1 -1 -1 0 
260 3 394 104 140 375 -1 -1 -1 0 
261 3 403 107 133 372 -1 -1 -1 0 
262 3 399 106 148 372 -1 -1 -1 0 
263 3 403 108 149 368 -1 -1 -1 0 
264 3 416 101 150 378 -1 -1 -1 0 
265 3 422 102 146 375 -1 -1 -1 0 
266 3 434 101 136 378 -1 -1 -1 0 
267 3 439 103 134 376 -1 -1 -1 0 
268 3 445 100 129 379 -1 -1 -1 0 
269 3 447 99 129 380 -1 -1 -1 0 
270 3 449 98 127 381 -1 -1 -1 0 
271 3 447 94 130 385 -1 -1 -1 0 
272 3 447 93 130 386 -1 -1 -1 0 
273 3 446 94 130 385 -1 -1 -1 0 
274 3 446 95 129 384 -1 -1 -1 0 
275 3 446 96 129 382 -1 -1 -1 0 
276 3 447 97 127 381 -1 -1 -1 0 
277 3 447 96 127 383 -1 -1 -1 0 
278 3 451 94 124 385 -1 -1 -1 0 
279 3 454 93 122 386 -1 -1 -1 0 
280 3 456 91 122 388 -1 -1 -1 0 
281 3 453 91 125 388 -1 -1 -1 0 
282 3 453 91 125 388 -1 -1 -1 0 
283 3 451 91 129 388 -1 -1 -1 0 
284 3 447 91 134 388 -1 -1 -1 0 
285 3 445 91 138 388 -1 -1 -1 0 
286 3 443 91 140 388 -1 -1 -1 0 
287 3 441 90 142 389 -1 -1 -1 0 
288 3 436 93 147 386 -1 -1 -1 0 
289 3 429 87 152 392 -1 -1 -1 0 
290 3 426 86 153 393 -1 -1 -1 0 
291 3 419 82 158 397 -1 -1 -1 0 
292 3 417 79 158 400 -1 -1 -1 0 
293 3 408 71 167 408 -1 -1 -1 0 
294 3 402 66 173 410 -1 -1 -1 0 
295 3 392 60 182 414 -1 -1 -1 0 
296 3 385 57 189 416 -1 -1 -1 0 
297 3 384 56 189 417 -1 -1 -1 0 
298 3 379 53 195 420 -1 -1 -1 0 
299 3 378 52 195 420 -1 -1 -1 0 
300 3 376 50 199 424 -1 -1 -1 0 
301 3 377 49 200 425 -1 -1 -1 0 
302 3 381 46 202 431 -1 -1 -1 0 
303 3 392 43 201 432 -1 -1 -1 0 
304 3 396 33 202 439 -1 -1 -1 0 
305 3 403 16 204 456 -1 -1 -1 0 
306 3 407 12 215 462 -1 -1 -1 0 
307 3 409 3 219 468 -1 -1 -1 0 
308 3 406 4 219 459 -1 -1 -1 0 
309 3 399 0 232 470 -1 -1 -1 0 
310 3 398 0 234 471 -1 -1 -1 0 
311 3 395 0 237 470 -1 -1 -1 0 
312 3 385 14 241 446 -1 -1 -1 0 
313 3 380 18 245 437 -1 -1 -1 0 
314 3 373 0 244 479 -1 -1 -1 0 
315 3 354 0 260 479 -1 -1 -1 0 
316 3 343 0 272 479 -1 -1 -1 0 
317 3 333 0 282 478 -1 -1 -1 0 
318 3 325 0 291 479 -1 -1 -1 0 
319 3 317 0 300 479 -1 -1 -1 0 
320 3 308 0 313 479 -1 -1 -1 0 
321 3 307 0 316 479 -1 -1 -1 0 
322 3 308 0 320 479 -1 -1 -1 0 
323 3 314 0 318 479 -1 -1 -1 0 
324 3 315 0 320 479 -1 -1 -1 0 
325 3 315 0 324 479 -1 -1 -1 0 
326 3 314 0 325 479 -1 -1 -1 0 
327 3 307 0 332 476 -1 -1 -1 0 
328 3 300 0 339 473 -1 -1 -1 0 
329 3 277 0 362 479 -1 -1 -1 0 
330 3 270 0 369 479 -1 -1 -1 0 
331 3 265 0 374 479 -1 -1 -1 0 
332 3 256 1 383 476 -1 -1 -1 0 
333 3 230 1 409 474 -1 -1 -1 0 
334 3 189 3 450 468 -1 -1 -1 0 
335 3 167 0 471 471 -1 -1 -1 0 
336 3 161 0 471 473 -1 -1 -1 0 
337 3 133 0 487 472 -1 -1 -1 0 
338 3 112 0 503 471 -1 -1 -1 0 
339 3 89 0 527 471 -1 -1 -1 0 
340 3 88 0 525 475 -1 -1 -1 0 
341 3 79 0 507 474 -1 -1 -1 0 
342 3 76 0 500 476 -1 -1 -1 0 
343 3 50 0 530 477 -1 -1 -1 0 
344 3 48 0 535 477 -1 -1 -1 0 
345 3 51 0 530 477 -1 -1 -1 0 
346 3 44 0 540 474 -1 -1 -1 0 
347 3 47 0 537 472 -1 -1 -1 0 
348 3 49 0 534 472 -1 -1 -1 0 
349 3 49 0 531 471 -1 -1 -1 0 
350 3 52 0 534 472 -1 -1 -1 0 
351 3 53 0 534 475 -1 -1 -1 0 
352 3 52 0 535 476 -1 -1 -1 0 
353 3 46 0 542 474 -1 -1 -1 0 
354 3 55 0 533 477 -1 -1 -1 0 
355 3 64 0 522 478 -1 -1 -1 0 
356 3 67 0 518 479 -1 -1 -1 0 
357 3 69 0 517 479 -1 -1 -1 0 
358 3 70 0 515 475 -1 -1 -1 0 
359 3 70 0 520 475 -1 -1 -1 0 
360 3 69 0 522 475 -1 -1 -1 0 
361 3 71 0 519 475 -1 -1 -1 0 
362 3 74 0 517 474 -1 -1 -1 0 
363 3 74 0 517 477 -1 -1 -1 0 
364 3 75 0 517 475 -1 -1 -1 0 
365 3 75 0 517 477 -1 -1 -1 0 
366 3 76 0 515 476 -1 -1 -1 0 
367 3 75 0 517 475 -1 -1 -1 0 
368 3 74 0 519 476 -1 -1 -1 0 
369 3 71 0 523 477 -1 -1 -1 0 
370 3 71 0 520 476 -1 -1 -1 0 
371 3 71 0 519 477 -1 -1 -1 0 
372 3 73 0 517 477 -1 -1 -1 0 
373 3 70 0 523 477 -1 -1 -1 0 
374 3 66 0 527 476 -1 -1 -1 0 
375 3 66 0 526 476 -1 -1 -1 0 
376 3 68 0 524 475 -1 -1 -1 0 
377 3 68 0 525 474 -1 -1 -1 0 
378 3 69 0 524 474 -1 -1 -1 0 
379 3 70 0 526 475 -1 -1 -1 0 
380 3 72 0 522 475 -1 -1 -1 0 
381 3 69 0 527 474 -1 -1 -1 0 
382 3 68 0 526 474 -1 -1 -1 0 
383 3 68 0 526 474 -1 -1 -1 0 
384 3 70 0 526 473 -1 -1 -1 0 
385 3 70 0 526 474 -1 -1 -1 0 
386 3 73 0 522 474 -1 -1 -1 0 
387 3 75 0 518 475 -1 -1 -1 0 
388 3 74 0 517 475 -1 -1 -1 0 
389 3 73 0 520 472 -1 -1 -1 0 
390 3 72 0 520 475 -1 -1 -1 0 
391 3 72 0 520 476 -1 -1 -1 0 
392 3 74 0 517 478 -1 -1 -1 0 
393 3 73 0 516 478 -1 -1 -1 0 
394 3 73 0 516 478 -1 -1 -1 0 
395 3 73 0 515 478 -1 -1 -1 0 
396 3 71 0 518 479 -1 -1 -1 0 
397 3 74 0 516 479 -1 -1 -1 0 
398 3 76 0 510 479 -1 -1 -1 0 
399 3 75 0 511 479 -1 -1 -1 0 
400 3 75 0 510 479 -1 -1 -1 0 
401 3 76 0 508 479 -1 -1 -1 0 
402 3 76 0 509 479 -1 -1 -1 0 
403 3 76 0 506 479 -1 -1 -1 0 
404 3 75 0 508 479 -1 -1 -1 0 
405 3 77 0 503 479 -1 -1 -1 0 
406 3 77 0 504 479 -1 -1 -1 0 
407 3 76 0 505 478 -1 -1 -1 0 
408 3 77 0 502 479 -1 -1 -1 0 
409 3 78 0 502 479 -1 -1 -1 0 
410 3 76 0 506 479 -1 -1 -1 0 
411 3 73 0 511 479 -1 -1 -1 0 
412 3 74 0 508 479 -1 -1 -1 0 
413 3 74 0 509 479 -1 -1 -1 0 
414 3 74 0 508 479 -1 -1 -1 0 
415 3 74 0 508 479 -1 -1 -1 0 
416 3 74 0 508 479 -1 -1 -1 0 
417 3 75 0 507 479 -1 -1 -1 0 
418 3 75 0 507 479 -1 -1 -1 0 
419 3 75 0 508 479 -1 -1 -1 0 
420 3 75 0 510 479 -1 -1 -1 0 
421 3 76 0 510 479 -1 -1 -1 0 
422 3 77 0 507 479 -1 -1 -1 0 
423 3 76 0 508 479 -1 -1 -1 0 
424 3 77 0 506 479 -1 -1 -1 0 
425 3 76 0 508 478 -1 -1 -1 0 
426 3 75 0 509 479 -1 -1 -1 0 
427 3 76 0 507 479 -1 -1 -1 0 
428 3 76 0 508 479 -1 -1 -1 0 
429 3 77 0 505 479 -1 -1 -1 0 
430 3 74 0 510 478 -1 -1 -1 0 
431 3 74 0 510 478 -1 -1 -1 0 
432 3 73 0 513 477 -1 -1 -1 0 
433 3 72 0 511 477 -1 -1 -1 0 
434 3 70 0 514 477 -1 -1 -1 0 
435 3 66 0 520 477 -1 -1 -1 0 
436 3 62 0 523 477 -1 -1 -1 0 
437 3 62 0 523 478 -1 -1 -1 0 
438 3 63 0 521 477 -1 -1 -1 0 
439 3 63 0 521 477 -1 -1 -1 0 
440 3 63 0 520 477 -1 -1 -1 0 
441 3 68 0 516 476 -1 -1 -1 0 
442 3 66 0 519 476 -1 -1 -1 0 
443 3 64 0 522 476 -1 -1 -1 0 
444 3 68 0 516 477 -1 -1 -1 0 
445 3 66 0 518 477 -1 -1 -1 0 
446 3 61 0 526 477 -1 -1 -1 0 
447 3 64 0 520 476 -1 -1 -1 0 
448 3 64 0 522 477 -1 -1 -1 0 
449 3 63 0 521 478 -1 -1 -1 0 
450 3 66 0 520 478 -1 -1 -1 0 
451 3 66 0 522 476 -1 -1 -1 0 
452 3 69 0 515 478 -1 -1 -1 0 
453 3 66 0 521 479 -1 -1 -1 0 
454 3 66 0 516 479 -1 -1 -1 0 
455 3 65 0 519 478 -1 -1 -1 0 
456 3 73 0 512 478 -1 -1 -1 0 
457 3 81 0 507 476 -1 -1 -1 0 
458 3 82 0 526 472 -1 -1 -1 0 
459 3 90 0 521 474 -1 -1 -1 0 
460 3 104 0 506 476 -1 -1 -1 0 
461 3 120 0 493 475 -1 -1 -1 0 
462 3 195 0 427 473 -1 -1 -1 0 
463 3 195 2 431 471 -1 -1 -1 0 
464 3 184 4 435 471 -1 -1 -1 0 
465 3 184 4 435 471 -1 -1 -1 0 
466 3 184 2 431 472 -1 -1 -1 0 
467 3 194 5 415 466 -1 -1 -1 0 
468 3 196 1 392 477 -1 -1 -1 0 
469 3 207 0 369 475 -1 -1 -1 0 
470 3 204 0 370 475 -1 -1 -1 0 
471 3 209 3 370 476 -1 -1 -1 0 
472 3 214 6 364 471 -1 -1 -1 0 
473 3 221 4 356 473 -1 -1 -1 0 
474 3 238 1 345 478 -1 -1 -1 0 
475 3 254 0 331 479 -1 -1 -1 0 
476 3 267 0 323 479 -1 -1 -1 0 
477 3 283 0 316 479 -1 -1 -1 0 
478 3 289 0 318 479 -1 -1 -1 0 
479 3 302 0 307 479 -1 -1 -1 0 
480 3 317 0 290 479 -1 -1 -1 0 
481 3 323 0 289 479 -1 -1 -1 0 
482 3 325 0 290 479 -1 -1 -1 0 
483 3 326 0 289 479 -1 -1 -1 0 
484 3 325 0 291 479 -1 -1 -1 0 
485 3 324 0 286 479 -1 -1 -1 0 
486 3 326 0 273 479 -1 -1 -1 0 
487 3 325 18 267 439 -1 -1 -1 0 
488 3 325 0 261 478 -1 -1 -1 0 
489 3 326 0 256 475 -1 -1 -1 0 
490 3 328 0 248 475 -1 -1 -1 0 
491 3 327 0 245 467 -1 -1 -1 0 
492 3 329 2 242 471 -1 -1 -1 0 
493 3 331 3 238 473 -1 -1 -1 0 
494 3 331 9 237 467 -1 -1 -1 0 
495 3 332 14 230 457 -1 -1 -1 0 
496 3 331 15 229 454 -1 -1 -1 0 
497 3 338 26 220 441 -1 -1 -1 0 
498 3 342 36 214 433 -1 -1 -1 0 
499 3 351 39 205 430 -1 -1 -1 0 
500 3 355 40 200 430 -1 -1 -1 0 
501 3 356 45 198 423 -1 -1 -1 0 
502 3 357 44 196 423 -1 -1 -1 0 
503 3 351 46 203 424 -1 -1 -1 0 
504 3 346 48 208 423 -1 -1 -1 0 
505 3 341 48 211 422 -1 -1 -1 0 
506 3 338 50 213 418 -1 -1 -1 0 
507 3 333 54 212 422 -1 -1 -1 0 
508 3 330 52 207 424 -1 -1 -1 0 
509 3 326 56 197 417 -1 -1 -1 0 
510 3 321 59 192 414 -1 -1 -1 0 
511 3 309 65 190 408 -1 -1 -1 0 
512 3 301 67 190 407 -1 -1 -1 0 
513 3 286 71 187 400 -1 -1 -1 0 
514 3 281 73 183 399 -1 -1 -1 0 
515 3 271 70 182 404 -1 -1 -1 0 
516 3 269 70 181 405 -1 -1 -1 0 
517 3 265 71 181 406 -1 -1 -1 0 
518 3 263 74 184 400 -1 -1 -1 0 
519 3 265 76 184 398 -1 -1 -1 0 
520 3 266 76 183 399 -1 -1 -1 0 
521 3 270 78 180 398 -1 -1 -1 0 
522 3 273 80 179 394 -1 -1 -1 0 
523 3 281 82 173 395 -1 -1 -1 0 
524 3 287 84 170 394 -1 -1 -1 0 
525 3 291 86 179 392 -1 -1 -1 0 
526 3 299 88 171 391 -1 -1 -1 0 
527 3 307 92 167 382 -1 -1 -1 0 
528 3 310 91 165 388 -1 -1 -1 0 
529 3 313 92 164 387 -1 -1 -1 0 
530 3 315 93 164 386 -1 -1 -1 0 
531 3 313 93 168 382 -1 -1 -1 0 
532 3 313 93 167 383 -1 -1 -1 0 
533 3 312 94 165 385 -1 -1 -1 0 
534 3 312 94 164 385 -1 -1 -1 0 
535 3 312 94 162 385 -1 -1 -1 0 
536 3 312 94 160 385 -1 -1 -1 0 
537 3 310 93 157 386 -1 -1 -1 0 
538 3 309 93 156 386 -1 -1 -1 0 
539 3 307 95 154 384 -1 -1 -1 0 
540 3 306 97 154 382 -1 -1 -1 0 
541 3 303 99 156 380 -1 -1 -1 0 
542 3 295 86 168 393 -1 -1 -1 0 
543 3 294 85 168 394 -1 -1 -1 0 
544 3 293 85 167 394 -1 -1 -1 0 
545 3 291 84 165 395 -1 -1 -1 0 
546 3 290 85 163 394 -1 -1 -1 0 
547 3 287 87 165 392 -1 -1 -1 0 
548 3 286 87 164 392 -1 -1 -1 0 
549 3 289 96 159 383 -1 -1 -1 0 
550 3 282 98 159 381 -1 -1 -1 0 
551 3 278 101 160 378 -1 -1 -1 0 
552 3 275 102 158 377 -1 -1 -1 0 
553 3 273 103 157 376 -1 -1 -1 0 
554 3 271 104 155 375 -1 -1 -1 0 
555 3 269 105 156 374 -1 -1 -1 0 
556 3 267 105 157 374 -1 -1 -1 0 
557 3 268 105 154 374 -1 -1 -1 0 
558 3 266 106 156 373 -1 -1 -1 0 
559 3 266 107 156 372 -1 -1 -1 0 
560 3 266 107 156 372 -1 -1 -1 0 
561 3 265 107 158 372 -1 -1 -1 0 
562 3 266 108 156 371 -1 -1 -1 0 
563 3 266 108 155 371 -1 -1 -1 0 
564 3 266 108 155 371 -1 -1 -1 0 
565 3 266 109 156 370 -1 -1 -1 0 
566 3 267 108 155 371 -1 -1 -1 0 
567 3 267 107 155 372 -1 -1 -1 0 
568 3 268 107 154 372 -1 -1 -1 0 
569 3 269 108 155 371 -1 -1 -1 0 
570 3 273 107 151 372 -1 -1 -1 0 
571 3 275 106 150 373 -1 -1 -1 0 
572 3 276 106 154 373 -1 -1 -1 0 
573 3 279 107 153 372 -1 -1 -1 0 
574 3 288 106 151 373 -1 -1 -1 0 
575 3 290 93 157 386 -1 -1 -1 0 
576 3 291 92 157 387 -1 -1 -1 0 
577 3 295 87 158 392 -1 -1 -1 0 
578 3 302 103 151 376 -1 -1 -1 0 
579 3 310 105 147 374 -1 -1 -1 0 
580 3 312 104 151 375 -1 -1 -1 0 
581 3 314 91 157 388 -1 -1 -1 0 
582 3 313 88 160 391 -1 -1 -1 0 
583 3 321 100 152 377 -1 -1 -1 0 
584 3 320 100 155 379 -1 -1 -1 0 
585 3 322 100 153 379 -1 -1 -1 0 
586 3 320 101 156 378 -1 -1 -1 0 
587 3 314 87 164 392 -1 -1 -1 0 
588 3 314 89 164 390 -1 -1 -1 0 
589 3 314 89 163 390 -1 -1 -1 0 
590 3 314 89 164 390 -1 -1 -1 0 
591 3 313 92 166 387 -1 -1 -1 0 
592 3 313 92 163 387 -1 -1 -1 0 
593 3 313 94 159 385 -1 -1 -1 0 
594 3 314 97 155 382 -1 -1 -1 0 
595 3 316 119 143 358 -1 -1 -1 0 
596 3 316 121 140 357 -1 -1 -1 0 
597 3 316 123 137 356 -1 -1 -1 0 
598 3 315 124 136 355 -1 -1 -1 0 
599 3 316 123 132 356 -1 -1 -1 0 
600 3 316 123 132 356 -1 -1 -1 0 
601 3 319 123 126 356 -1 -1 -1 0 
602 3 308 124 137 355 -1 -1 -1 0 
603 3 313 125 131 354 -1 -1 -1 0 
604 3 312 128 133 350 -1 -1 -1 0 
605 3 321 130 121 346 -1 -1 -1 0 
606 3 318 131 125 345 -1 -1 -1 0 
607 3 319 132 124 343 -1 -1 -1 0 
608 3 316 134 129 340 -1 -1 -1 0 
609 3 322 136 122 337 -1 -1 -1 0 
610 3 328 138 117 335 -1 -1 -1 0 
611 3 328 140 119 332 -1 -1 -1 0 
612 3 326 142 122 328 -1 -1 -1 0 
613 3 325 143 122 326 -1 -1 -1 0 
614 3 325 143 123 326 -1 -1 -1 0 
615 3 325 143 124 326 -1 -1 -1 0 
616 3 324 143 124 329 -1 -1 -1 0 
617 3 325 145 122 325 -1 -1 -1 0 
618 3 324 145 122 324 -1 -1 -1 0 
619 3 320 144 126 324 -1 -1 -1 0 
620 3 324 143 118 328 -1 -1 -1 0 
621 3 321 142 115 327 -1 -1 -1 0 
622 3 320 142 113 324 -1 -1 -1 0 
623 3 319 144 111 321 -1 -1 -1 0 
624 3 316 147 109 318 -1 -1 -1 0 
625 3 317 149 102 314 -1 -1 -1 0 
626 3 313 149 106 313 -1 -1 -1 0 
627 3 312 149 107 312 -1 -1 -1 0 
628 3 312 150 104 312 -1 -1 -1 0 
629 3 312 151 105 314 -1 -1 -1 0 
630 3 311 152 105 313 -1 -1 -1 0 
631 3 308 153 108 308 -1 -1 -1 0 
632 3 310 155 103 306 -1 -1 -1 0 
633 3 311 155 100 306 -1 -1 -1 0 
634 3 303 147 109 317 -1 -1 -1 0 
635 3 311 152 102 309 -1 -1 -1 0 
636 3 313 153 99 308 -1 -1 -1 0 
637 3 315 153 99 308 -1 -1 -1 0 
638 3 315 153 100 307 -1 -1 -1 0 
639 3 314 153 102 308 -1 -1 -1 0 
640 3 316 153 101 309 -1 -1 -1 0 
641 3 318 154 99 308 -1 -1 -1 0 
642 3 318 153 101 309 -1 -1 -1 0 
643 3 318 153 103 309 -1 -1 -1 0 
644 3 318 153 103 310 -1 -1 -1 0 
645 3 318 154 104 309 -1 -1 -1 0 
646 3 320 154 102 310 -1 -1 -1 0 
647 3 319 153 104 312 -1 -1 -1 0 
648 3 319 151 104 314 -1 -1 -1 0 
649 3 319 153 102 310 -1 -1 -1 0 
650 3 319 154 100 308 -1 -1 -1 0 
651 3 317 153 101 308 -1 -1 -1 0 
652 3 314 153 105 308 -1 -1 -1 0 
653 3 315 155 100 306 -1 -1 -1 0 
654 3 317 153 95 309 -1 -1 -1 0 
655 3 313 154 98 306 -1 -1 -1 0 
656 3 312 154 97 306 -1 -1 -1 0 
657 3 313 155 95 305 -1 -1 -1 0 
658 3 311 155 97 305 -1 -1 -1 0 
659 3 306 156 102 303 -1 -1 -1 0 
660 3 304 156 103 304 -1 -1 -1 0 
661 3 307 157 98 302 -1 -1 -1 0 
662 3 306 158 99 301 -1 -1 -1 0 
663 3 307 157 97 303 -1 -1 -1 0 
664 3 305 156 100 305 -1 -1 -1 0 
665 3 306 156 100 304 -1 -1 -1 0 
666 3 306 154 104 307 -1 -1 -1 0 
667 3 307 154 103 307 -1 -1 -1 0 
668 3 304 154 109 306 -1 -1 -1 0 
669 3 303 154 109 307 -1 -1 -1 0 
670 3 300 154 114 307 -1 -1 -1 0 
671 3 307 154 105 306 -1 -1 -1 0 
672 3 311 151 104 310 -1 -1 -1 0 
673 3 311 150 106 311 -1 -1 -1 0 
674 3 312 149 108 311 -1 -1 -1 0 
675 3 308 148 116 313 -1 -1 -1 0 
676 3 307 147 117 315 -1 -1 -1 0 
677 3 304 147 119 316 -1 -1 -1 0 
678 3 299 148 121 314 -1 -1 -1 0 
679 3 289 145 129 316 -1 -1 -1 0 
680 3 284 147 134 314 -1 -1 -1 0 
681 3 277 149 139 312 -1 -1 -1 0 
682 3 274 148 140 313 -1 -1 -1 0 
683 3 272 147 142 315 -1 -1 -1 0 
684 3 283 146 127 315 -1 -1 -1 0 
685 3 283 144 124 319 -1 -1 -1 0 
686 3 273 139 127 327 -1 -1 -1 0 
687 3 276 137 118 329 -1 -1 -1 0 
688 3 267 138 125 329 -1 -1 -1 0 
689 3 261 142 130 325 -1 -1 -1 0 
690 3 262 142 133 325 -1 -1 -1 0 
691 3 262 139 133 329 -1 -1 -1 0 
692 3 262 138 133 329 -1 -1 -1 0 
693 3 259 137 139 332 -1 -1 -1 0 
694 3 255 134 143 334 -1 -1 -1 0 
695 3 238 134 164 334 -1 -1 -1 0 
696 3 170 135 225 335 -1 -1 -1 0 
697 3 185 138 205 331 -1 -1 -1 0 
698 3 174 138 218 331 -1 -1 -1 0 
699 3 242 136 146 330 -1 -1 -1 0 
700 3 241 134 151 330 -1 -1 -1 0 
701 3 245 135 144 328 -1 -1 -1 0 
702 3 241 133 154 332 -1 -1 -1 0 
781 3 250 135 149 337 -1 -1 -1 0 
785 4 161 16 322 463 -1 -1 -1 0 
786 4 154 9 325 468 -1 -1 -1 0 
787 4 156 1 324 470 -1 -1 -1 0 
788 4 150 7 331 472 -1 -1 -1 0 
789 4 146 5 347 474 -1 -1 -1 0 
790 4 141 1 364 476 -1 -1 -1 0 
902 4 61 0 461 441 -1 -1 -1 0 
926 4 28 13 505 466 -1 -1 -1 0 
928 4 23 16 508 463 -1 -1 -1 0 
929 4 22 14 511 465 -1 -1 -1 0 
930 4 20 13 514 466 -1 -1 -1 0 
931 4 33 3 493 461 -1 -1 -1 0 
932 4 0 0 639 159 -1 -1 -1 0 
935 5 28 9 509 470 -1 -1 -1 0 
957 5 28 14 508 465 -1 -1 -1 0 
960 5 37 9 487 453 -1 -1 -1 0 
961 5 38 3 486 453 -1 -1 -1 0 
962 5 35 4 491 459 -1 -1 -1 0 
963 5 31 1 495 461 -1 -1 -1 0 
964 5 19 16 524 463 -1 -1 -1 0 
965 5 9 30 533 449 -1 -1 -1 0 
969 5 19 27 524 452 -1 -1 -1 0 
1030 5 28 12 513 466 -1 -1 -1 0 
1055 5 21 18 530 461 -1 -1 -1 0 
1056 5 22 17 530 462 -1 -1 -1 0 
1060 5 3 32 552 447 -1 -1 -1 0 
1061 5 31 8 516 471 -1 -1 -1 0 
1066 5 26 8 526 471 -1 -1 -1 0 
1067 5 27 9 526 470 -1 -1 -1 0 
1068 5 39 0 501 456 -1 -1 -1 0 
1069 5 40 0 495 438 -1 -1 -1 0 
1070 5 23 1 533 478 -1 -1 -1 0 
1071 5 17 8 547 471 -1 -1 -1 0 
1073 5 32 5 514 472 -1 -1 -1 0 
1074 5 31 1 516 469 -1 -1 -1 0 
1075 5 24 16 530 463 -1 -1 -1 0 
1076 5 29 7 516 470 -1 -1 -1 0 
1077 5 34 1 506 463 -1 -1 -1 0 
1078 5 23 15 531 464 -1 -1 -1 0 
1079 5 32 11 515 468 -1 -1 -1 0 
1080 5 21 13 533 466 -1 -1 -1 0 
1081 5 28 0 519 471 -1 -1 -1 0 
1082 5 21 7 533 472 -1 -1 -1 0 
1083 5 20 11 533 468 -1 -1 -1 0 
1085 5 18 14 536 465 -1 -1 -1 0 
1086 5 28 0 519 473 -1 -1 -1 0 
1087 5 22 6 529 473 -1 -1 -1 0 
1089 5 21 8 532 471 -1 -1 -1 0 
1090 5 15 16 536 463 -1 -1 -1 0 
1091 5 22 9 530 470 -1 -1 -1 0 
1099 5 29 21 538 458 -1 -1 -1 0 
1100 5 45 12 518 446 -1 -1 -1 0 
1103 5 9 12 595 467 -1 -1 -1 0 
1104 5 28 10 582 461 -1 -1 -1 0 
1105 5 32 15 585 457 -1 -1 -1 0 
1106 5 36 16 592 457 -1 -1 -1 0 
1222 5 0 19 639 449 -1 -1 -1 0 
1224 6 137 110 125 364 -1 -1 -1 0 
1225 6 136 111 125 363 -1 -1 -1 0 
1226 6 136 111 125 363 -1 -1 -1 0 
1227 6 147 111 112 366 -1 -1 -1 0 
1228 6 141 112 120 364 -1 -1 -1 0 
1229 6 141 113 120 363 -1 -1 -1 0 
1230 6 141 113 120 363 -1 -1 -1 0 
1231 6 153 113 106 365 -1 -1 -1 0 
1232 6 153 114 108 364 -1 -1 -1 0 
1233 6 153 115 108 363 -1 -1 -1 0 
1234 6 154 116 106 361 -1 -1 -1 0 
1235 6 158 114 106 363 -1 -1 -1 0 
1236 6 159 114 106 363 -1 -1 -1 0 
1237 6 158 114 107 364 -1 -1 -1 0 
1238 6 158 114 107 364 -1 -1 -1 0 
1239 6 160 114 104 364 -1 -1 -1 0 
1240 6 161 115 104 364 -1 -1 -1 0 
1241 6 161 115 104 364 -1 -1 -1 0 
1242 6 161 115 104 364 -1 -1 -1 0 
1243 6 161 115 104 364 -1 -1 -1 0 
1244 6 158 114 108 365 -1 -1 -1 0 
1245 6 157 114 109 364 -1 -1 -1 0 
1246 6 157 113 109 364 -1 -1 -1 0 
1247 6 157 114 109 364 -1 -1 -1 0 
1248 6 157 115 109 364 -1 -1 -1 0 
1249 6 157 115 109 362 -1 -1 -1 0 
1250 6 158 115 109 361 -1 -1 -1 0 
1251 6 166 122 111 350 -1 -1 -1 0 
1252 6 167 123 111 348 -1 -1 -1 0 
1253 6 166 121 114 356 -1 -1 -1 0 
1254 6 169 122 111 357 -1 -1 -1 0 
1255 6 172 126 109 352 -1 -1 -1 0 
1256 6 173 128 111 350 -1 -1 -1 0 
1257 6 175 129 111 349 -1 -1 -1 0 
1258 6 175 129 111 349 -1 -1 -1 0 
1259 6 178 130 108 348 -1 -1 -1 0 
1260 6 179 131 108 348 -1 -1 -1 0 
1261 6 179 131 108 348 -1 -1 -1 0 
1262 6 179 130 115 345 -1 -1 -1 0 
1263 6 179 129 115 345 -1 -1 -1 0 
1264 6 180 129 116 348 -1 -1 -1 0 
1265 6 181 129 116 349 -1 -1 -1 0 
1266 6 181 129 116 348 -1 -1 -1 0 
1267 6 185 133 115 345 -1 -1 -1 0 
1268 6 186 134 115 345 -1 -1 -1 0 
1269 6 186 134 115 345 -1 -1 -1 0 
1270 6 186 133 122 342 -1 -1 -1 0 
1271 6 187 132 122 342 -1 -1 -1 0 
1272 6 187 132 122 342 -1 -1 -1 0 
1273 6 190 137 122 337 -1 -1 -1 0 
1274 6 191 138 122 335 -1 -1 -1 0 
1275 6 191 138 122 335 -1 -1 -1 0 
1276 6 195 142 119 325 -1 -1 -1 0 
1277 6 196 143 118 323 -1 -1 -1 0 
1278 6 196 143 118 323 -1 -1 -1 0 
1279 6 230 158 113 315 -1 -1 -1 0 
1280 6 231 159 113 314 -1 -1 -1 0 
1281 6 232 156 115 313 -1 -1 -1 0 
1282 6 237 155 113 312 -1 -1 -1 0 
1283 6 237 155 113 311 -1 -1 -1 0 
1284 6 242 159 110 307 -1 -1 -1 0 
1285 6 260 179 103 277 -1 -1 -1 0 
1286 6 261 180 103 275 -1 -1 -1 0 
1287 6 262 182 102 275 -1 -1 -1 0 
1288 6 262 182 102 275 -1 -1 -1 0 
1289 6 262 182 102 275 -1 -1 -1 0 
1290 6 266 182 97 280 -1 -1 -1 0 
1291 6 266 182 98 280 -1 -1 -1 0 
1292 6 269 180 95 287 -1 -1 -1 0 
1293 6 272 180 95 266 -1 -1 -1 0 
1294 6 296 193 82 254 -1 -1 -1 0 
1295 6 298 195 87 246 -1 -1 -1 0 
1296 6 302 195 87 240 -1 -1 -1 0 
1297 6 310 198 83 228 -1 -1 -1 0 
1298 6 315 204 80 219 -1 -1 -1 0 
1299 6 317 207 73 230 -1 -1 -1 0 
1300 6 317 207 73 225 -1 -1 -1 0 
1301 6 317 206 72 238 -1 -1 -1 0 
1302 6 317 200 71 257 -1 -1 -1 0 
1303 6 316 204 73 223 -1 -1 -1 0 
1304 6 317 205 74 217 -1 -1 -1 0 
1305 6 319 207 74 212 -1 -1 -1 0 
1306 6 319 208 75 207 -1 -1 -1 0 
1307 6 319 206 74 206 -1 -1 -1 0 
1308 6 319 206 73 207 -1 -1 -1 0 
1309 6 322 206 70 208 -1 -1 -1 0 
1310 6 326 209 66 208 -1 -1 -1 0 
1311 6 334 211 57 204 -1 -1 -1 0 
1312 6 339 212 53 209 -1 -1 -1 0 
1313 6 345 209 48 214 -1 -1 -1 0 
1314 6 348 209 47 213 -1 -1 -1 0 
1315 6 348 212 48 198 -1 -1 -1 0 
1316 6 349 214 47 198 -1 -1 -1 0 
1317 6 350 212 48 195 -1 -1 -1 0 
1318 6 351 213 47 193 -1 -1 -1 0 
1319 6 352 215 48 195 -1 -1 -1 0 
1320 6 351 215 50 195 -1 -1 -1 0 
1321 6 353 214 48 198 -1 -1 -1 0 
1322 6 354 215 47 200 -1 -1 -1 0 
1323 6 354 215 48 202 -1 -1 -1 0 
1324 6 354 214 48 205 -1 -1 -1 0 
1325 6 354 213 50 205 -1 -1 -1 0 
1326 6 354 213 50 204 -1 -1 -1 0 
1327 6 354 213 49 206 -1 -1 -1 0 
1328 6 354 213 49 207 -1 -1 -1 0 
1329 6 353 212 49 205 -1 -1 -1 0 
1330 6 353 212 49 204 -1 -1 -1 0 
1331 6 352 213 49 202 -1 -1 -1 0 
1332 6 352 214 48 200 -1 -1 -1 0 
1333 6 351 214 48 200 -1 -1 -1 0 
1334 6 350 213 48 206 -1 -1 -1 0 
1335 6 348 213 52 206 -1 -1 -1 0 
1336 6 348 214 51 202 -1 -1 -1 0 
1337 6 348 213 51 203 -1 -1 -1 0 
1338 6 346 209 53 206 -1 -1 -1 0 
1339 6 345 207 54 208 -1 -1 -1 0 
1340 6 343 206 57 210 -1 -1 -1 0 
1341 6 342 207 59 210 -1 -1 -1 0 
1342 6 338 203 64 213 -1 -1 -1 0 
1343 6 334 202 71 213 -1 -1 -1 0 
1344 6 333 202 72 213 -1 -1 -1 0 
1345 6 331 202 72 215 -1 -1 -1 0 
1346 6 329 201 74 217 -1 -1 -1 0 
1347 6 328 201 73 218 -1 -1 -1 0 
1348 6 325 202 75 223 -1 -1 -1 0 
1349 6 323 202 76 223 -1 -1 -1 0 
1350 6 323 203 74 224 -1 -1 -1 0 
1351 6 321 204 75 225 -1 -1 -1 0 
1352 6 315 200 81 268 -1 -1 -1 0 
1353 6 311 196 85 267 -1 -1 -1 0 
1354 6 305 192 90 252 -1 -1 -1 0 
1355 6 302 194 91 249 -1 -1 -1 0 
1356 6 299 195 92 245 -1 -1 -1 0 
1357 6 294 195 95 238 -1 -1 -1 0 
1358 6 292 198 96 233 -1 -1 -1 0 
1359 6 292 199 96 228 -1 -1 -1 0 
1360 6 293 198 92 244 -1 -1 -1 0 
1361 6 293 198 92 244 -1 -1 -1 0 
1362 6 295 198 88 242 -1 -1 -1 0 
1363 6 296 196 87 241 -1 -1 -1 0 
1364 6 295 194 89 240 -1 -1 -1 0 
1365 6 292 191 92 243 -1 -1 -1 0 
1366 6 287 191 96 255 -1 -1 -1 0 
1367 6 284 189 99 258 -1 -1 -1 0 
1368 6 283 182 101 272 -1 -1 -1 0 
1369 6 280 180 104 279 -1 -1 -1 0 
1370 6 277 181 106 282 -1 -1 -1 0 
1371 6 274 180 107 284 -1 -1 -1 0 
1372 6 274 181 105 285 -1 -1 -1 0 
1373 6 268 180 112 290 -1 -1 -1 0 
1374 6 267 179 112 292 -1 -1 -1 0 
1375 6 251 166 122 295 -1 -1 -1 0 
1376 6 247 167 126 283 -1 -1 -1 0 
1377 6 232 169 135 284 -1 -1 -1 0 
1378 6 209 169 157 287 -1 -1 -1 0 
1379 6 208 169 157 288 -1 -1 -1 0 
1380 6 205 170 159 289 -1 -1 -1 0 
1381 6 203 170 162 287 -1 -1 -1 0 
1382 6 191 170 176 298 -1 -1 -1 0 
1383 6 183 166 187 306 -1 -1 -1 0 
1384 6 177 164 194 307 -1 -1 -1 0 
1385 6 167 156 207 315 -1 -1 -1 0 
1386 6 162 153 211 316 -1 -1 -1 0 
1387 6 162 150 211 320 -1 -1 -1 0 
1388 6 159 146 216 326 -1 -1 -1 0 
1389 6 159 144 216 331 -1 -1 -1 0 
1390 6 160 142 214 336 -1 -1 -1 0 
1391 6 161 140 213 339 -1 -1 -1 0 
1392 6 163 141 209 338 -1 -1 -1 0 
1393 6 162 141 207 338 -1 -1 -1 0 
1394 6 162 140 199 339 -1 -1 -1 0 
1395 6 161 139 196 340 -1 -1 -1 0 
1396 6 160 136 189 343 -1 -1 -1 0 
1397 6 158 135 189 344 -1 -1 -1 0 
1398 6 158 135 187 344 -1 -1 -1 0 
1399 6 158 134 185 345 -1 -1 -1 0 
1400 6 159 132 180 347 -1 -1 -1 0 
1401 6 158 129 179 350 -1 -1 -1 0 
1402 6 156 127 179 352 -1 -1 -1 0 
1403 6 156 126 176 353 -1 -1 -1 0 
1404 6 156 126 174 353 -1 -1 -1 0 
1405 6 156 127 172 352 -1 -1 -1 0 
1406 6 155 126 172 353 -1 -1 -1 0 
1407 6 154 125 173 354 -1 -1 -1 0 
1408 6 154 125 173 354 -1 -1 -1 0 
1409 6 154 125 172 354 -1 -1 -1 0 
1410 6 153 125 173 354 -1 -1 -1 0 
1411 6 154 125 172 354 -1 -1 -1 0 
1412 6 154 124 172 355 -1 -1 -1 0 
1413 6 154 123 172 356 -1 -1 -1 0 
1414 6 154 123 171 356 -1 -1 -1 0 
1415 6 154 123 171 356 -1 -1 -1 0 
1416 6 154 124 171 355 -1 -1 -1 0 
1417 6 154 124 170 355 -1 -1 -1 0 
1418 6 154 124 169 355 -1 -1 -1 0 
1419 6 155 124 168 355 -1 -1 -1 0 
1420 6 155 124 167 355 -1 -1 -1 0 
1421 6 154 124 167 355 -1 -1 -1 0 
1422 6 154 125 167 354 -1 -1 -1 0 
1423 6 155 125 166 354 -1 -1 -1 0 
1424 6 155 125 165 354 -1 -1 -1 0 
1425 6 154 125 165 354 -1 -1 -1 0 
1426 6 154 125 166 354 -1 -1 -1 0 
1427 6 154 125 166 354 -1 -1 -1 0 
1428 6 154 125 167 354 -1 -1 -1 0 
1429 6 154 125 166 354 -1 -1 -1 0 
1430 6 154 125 166 354 -1 -1 -1 0 
1431 6 154 124 167 355 -1 -1 -1 0 
1432 6 155 124 167 355 -1 -1 -1 0 
1433 6 156 124 168 355 -1 -1 -1 0 
1434 6 156 123 168 356 -1 -1 -1 0 
1435 6 159 123 166 356 -1 -1 -1 0 
1436 6 158 124 170 355 -1 -1 -1 0 
1437 6 164 124 166 355 -1 -1 -1 0 
1438 6 175 123 159 356 -1 -1 -1 0 
1439 6 206 124 137 355 -1 -1 -1 0 
1440 6 208 124 139 355 -1 -1 -1 0 
1441 6 212 108 146 371 -1 -1 -1 0 
1442 6 218 98 148 381 -1 -1 -1 0 
1443 6 217 94 158 385 -1 -1 -1 0 
1444 6 223 100 153 378 -1 -1 -1 0 
1445 6 225 93 164 386 -1 -1 -1 0 
1446 6 227 90 167 389 -1 -1 -1 0 
1447 6 227 87 172 392 -1 -1 -1 0 
1448 6 228 85 175 394 -1 -1 -1 0 
1449 6 230 84 179 393 -1 -1 -1 0 
1450 6 231 82 182 395 -1 -1 -1 0 
1451 6 232 79 184 398 -1 -1 -1 0 
1452 6 235 74 184 400 -1 -1 -1 0 
1453 6 237 66 187 407 -1 -1 -1 0 
1454 6 241 58 190 414 -1 -1 -1 0 
1455 6 246 53 189 416 -1 -1 -1 0 
1456 6 247 49 193 421 -1 -1 -1 0 
1457 6 251 42 198 437 -1 -1 -1 0 
1458 6 256 40 199 439 -1 -1 -1 0 
1459 6 262 34 202 439 -1 -1 -1 0 
1460 6 264 31 207 439 -1 -1 -1 0 
1461 6 269 24 213 445 -1 -1 -1 0 
1462 6 274 17 215 456 -1 -1 -1 0 
1463 6 283 4 218 470 -1 -1 -1 0 
1464 6 287 0 222 479 -1 -1 -1 0 
1465 6 286 0 235 479 -1 -1 -1 0 
1466 6 285 0 252 479 -1 -1 -1 0 
1467 6 281 0 277 477 -1 -1 -1 0 
1468 6 280 0 284 479 -1 -1 -1 0 
1469 6 279 0 286 479 -1 -1 -1 0 
1470 6 276 0 295 479 -1 -1 -1 0 
1471 6 272 0 302 476 -1 -1 -1 0 
1472 6 260 0 308 478 -1 -1 -1 0 
1473 6 253 0 309 479 -1 -1 -1 0 
1474 6 240 0 311 479 -1 -1 -1 0 
1475 6 223 2 318 477 -1 -1 -1 0 
1476 6 216 0 325 479 -1 -1 -1 0 
1477 6 187 0 331 479 -1 -1 -1 0 
1478 6 180 3 333 476 -1 -1 -1 0 
1479 6 149 4 355 472 -1 -1 -1 0 
1480 6 136 6 351 469 -1 -1 -1 0 
1481 6 118 8 328 461 -1 -1 -1 0 
1482 6 108 0 324 476 -1 -1 -1 0 
1483 6 97 0 331 476 -1 -1 -1 0 
1484 6 90 2 336 469 -1 -1 -1 0 
1485 6 46 0 391 476 -1 -1 -1 0 
1486 6 34 2 427 470 -1 -1 -1 0 
1487 6 64 0 395 479 -1 -1 -1 0 
1488 6 58 2 426 477 -1 -1 -1 0 
1489 6 57 3 439 476 -1 -1 -1 0 
1490 6 43 2 467 476 -1 -1 -1 0 
1491 6 34 3 499 476 -1 -1 -1 0 
1492 6 34 4 504 475 -1 -1 -1 0 
1493 6 24 11 551 466 -1 -1 -1 0 
1495 6 31 7 519 471 -1 -1 -1 0 
1497 6 58 25 534 448 -1 -1 -1 0 
1498 6 72 23 512 453 -1 -1 -1 0 
1499 6 70 14 521 464 -1 -1 -1 0 
1500 6 34 15 584 464 -1 -1 -1 0 
1501 6 34 15 592 464 -1 -1 -1 0 
1502 6 30 7 583 472 -1 -1 -1 0 
1503 6 122 10 473 469 -1 -1 -1 0 
1504 6 32 2 595 477 -1 -1 -1 0 
1505 6 8 1 617 473 -1 -1 -1 0 
1506 6 0 0 622 474 -1 -1 -1 0 
1507 6 11 0 608 474 -1 -1 -1 0 
1508 6 3 0 622 473 -1 -1 -1 0 
1509 6 1 0 623 472 -1 -1 -1 0 
1510 6 8 0 615 471 -1 -1 -1 0 
1511 6 14 2 607 469 -1 -1 -1 0 
1512 6 7 1 613 476 -1 -1 -1 0 
1513 6 5 4 613 471 -1 -1 -1 0 
1514 6 4 4 613 471 -1 -1 -1 0 
1515 6 3 5 608 474 -1 -1 -1 0 
1516 6 4 6 608 473 -1 -1 -1 0 
1517 6 8 7 597 467 -1 -1 -1 0 
1518 6 15 5 587 472 -1 -1 -1 0 
1519 6 19 5 574 474 -1 -1 -1 0 
1520 6 20 7 574 470 -1 -1 -1 0 
1521 6 21 5 533 474 -1 -1 -1 0 
1522 6 24 4 517 474 -1 -1 -1 0 
1523 6 24 2 508 477 -1 -1 -1 0 
1524 6 23 1 508 478 -1 -1 -1 0 
1525 6 21 0 499 479 -1 -1 -1 0 
1526 6 20 0 496 478 -1 -1 -1 0 
1527 6 22 0 487 478 -1 -1 -1 0 
1528 6 23 1 485 476 -1 -1 -1 0 
1529 6 25 1 479 475 -1 -1 -1 0 
1530 6 25 0 478 476 -1 -1 -1 0 
1531 6 14 0 478 479 -1 -1 -1 0 
1532 6 11 1 474 478 -1 -1 -1 0 
1533 6 14 1 457 478 -1 -1 -1 0 
1534 6 9 2 470 477 -1 -1 -1 0 
1535 6 13 3 458 475 -1 -1 -1 0 
1536 6 10 1 468 478 -1 -1 -1 0 
1537 6 9 5 470 474 -1 -1 -1 0 
1538 6 10 5 469 474 -1 -1 -1 0 
1539 6 9 5 471 474 -1 -1 -1 0 
1540 6 9 6 462 473 -1 -1 -1 0 
1541 6 8 6 457 473 -1 -1 -1 0 
1542 6 8 5 454 474 -1 -1 -1 0 
1543 6 14 4 432 475 -1 -1 -1 0 
1544 6 13 4 432 475 -1 -1 -1 0 
1545 6 5 3 445 474 -1 -1 -1 0 
1546 6 10 4 432 475 -1 -1 -1 0 
1547 6 4 3 449 476 -1 -1 -1 0 
1548 6 7 3 443 476 -1 -1 -1 0 
1549 6 2 2 463 477 -1 -1 -1 0 
1550 6 6 2 499 470 -1 -1 -1 0 
1551 6 15 0 519 468 -1 -1 -1 0 
1552 6 16 0 524 467 -1 -1 -1 0 
1553 6 23 0 522 469 -1 -1 -1 0 
1554 6 20 2 528 469 -1 -1 -1 0 
1555 6 19 3 444 472 -1 -1 -1 0 
1556 6 13 4 422 473 -1 -1 -1 0 
1557 6 0 7 458 469 -1 -1 -1 0 
1558 6 5 3 457 471 -1 -1 -1 0 
1559 6 6 11 448 459 -1 -1 -1 0 
1560 6 8 10 440 461 -1 -1 -1 0 
1561 6 10 8 439 461 -1 -1 -1 0 
1562 6 6 4 459 463 -1 -1 -1 0 
1563 6 4 5 463 463 -1 -1 -1 0 
1564 6 3 11 475 459 -1 -1 -1 0 
1565 6 2 15 485 456 -1 -1 -1 0 
1566 6 6 19 500 451 -1 -1 -1 0 
1567 6 9 23 510 447 -1 -1 -1 0 
1568 6 10 18 519 455 -1 -1 -1 0 
1569 6 9 14 523 461 -1 -1 -1 0 
1570 6 8 14 524 460 -1 -1 -1 0 
1571 6 8 14 524 460 -1 -1 -1 0 
1572 6 11 14 523 458 -1 -1 -1 0 
1573 6 10 16 527 455 -1 -1 -1 0 
1574 6 8 15 529 455 -1 -1 -1 0 
1575 6 7 4 527 465 -1 -1 -1 0 
1576 6 10 11 528 460 -1 -1 -1 0 
1577 6 10 15 529 455 -1 -1 -1 0 
1578 6 10 15 530 454 -1 -1 -1 0 
1579 6 10 14 529 455 -1 -1 -1 0 
1580 6 9 15 531 454 -1 -1 -1 0 
1581 6 10 15 530 455 -1 -1 -1 0 
1582 6 9 15 532 454 -1 -1 -1 0 
1583 6 11 16 530 453 -1 -1 -1 0 
1584 6 11 16 530 453 -1 -1 -1 0 
1585 6 11 16 530 453 -1 -1 -1 0 
1586 6 10 16 532 453 -1 -1 -1 0 
1587 6 11 16 531 453 -1 -1 -1 0 
1588 6 12 16 529 453 -1 -1 -1 0 
1589 6 11 15 530 455 -1 -1 -1 0 
1590 6 9 17 534 453 -1 -1 -1 0 
1591 6 11 17 530 453 -1 -1 -1 0 
1592 6 10 16 529 454 -1 -1 -1 0 
1593 6 10 15 526 454 -1 -1 -1 0 
1594 6 6 12 531 459 -1 -1 -1 0 
1595 6 9 11 527 461 -1 -1 -1 0 
1596 6 16 0 514 468 -1 -1 -1 0 
1597 6 22 0 520 469 -1 -1 -1 0 
1598 6 31 9 512 466 -1 -1 -1 0 
1599 6 29 27 510 448 -1 -1 -1 0 
1600 6 24 3 513 468 -1 -1 -1 0 
1601 6 17 2 527 467 -1 -1 -1 0 
1602 6 14 4 532 464 -1 -1 -1 0 
1603 6 16 6 531 461 -1 -1 -1 0 
1604 6 23 5 525 462 -1 -1 -1 0 
1605 6 23 5 528 465 -1 -1 -1 0 
1606 6 21 1 530 471 -1 -1 -1 0 
1607 6 18 1 536 471 -1 -1 -1 0 
1608 6 18 0 534 471 -1 -1 -1 0 
1609 6 22 21 524 451 -1 -1 -1 0 
1610 6 23 26 521 448 -1 -1 -1 0 
1611 6 25 26 521 448 -1 -1 -1 0 
1612 6 23 25 520 449 -1 -1 -1 0 
1613 6 23 25 519 447 -1 -1 -1 0 
1614 6 13 3 530 464 -1 -1 -1 0 
1615 6 15 0 523 466 -1 -1 -1 0 
1616 6 28 0 516 463 -1 -1 -1 0 
1617 6 33 22 514 445 -1 -1 -1 0 
1618 6 36 26 508 443 -1 -1 -1 0 
1619 6 31 24 512 446 -1 -1 -1 0 
1620 6 24 3 519 461 -1 -1 -1 0 
1621 6 20 0 525 463 -1 -1 -1 0 
1622 6 16 0 531 461 -1 -1 -1 0 
1623 6 23 20 523 451 -1 -1 -1 0 
1624 6 23 22 523 451 -1 -1 -1 0 
1625 6 19 2 526 464 -1 -1 -1 0 
1626 6 17 0 530 465 -1 -1 -1 0 
1627 6 20 0 525 465 -1 -1 -1 0 
1628 6 20 0 525 465 -1 -1 -1 0 
1629 6 19 0 527 465 -1 -1 -1 0 
1630 6 23 18 525 454 -1 -1 -1 0 
1631 6 24 19 523 455 -1 -1 -1 0 
1632 6 22 2 523 466 -1 -1 -1 0 
1633 6 24 19 524 453 -1 -1 -1 0 
1634 6 24 22 526 451 -1 -1 -1 0 
1635 6 25 2 522 466 -1 -1 -1 0 
1636 6 24 0 523 467 -1 -1 -1 0 
1637 6 25 22 526 450 -1 -1 -1 0 
1638 6 26 22 524 452 -1 -1 -1 0 
1639 6 25 23 526 451 -1 -1 -1 0 
1640 6 24 2 522 465 -1 -1 -1 0 
1641 6 23 0 524 468 -1 -1 -1 0 
1642 6 23 19 529 454 -1 -1 -1 0 
1643 6 24 22 527 451 -1 -1 -1 0 
1644 6 25 24 526 450 -1 -1 -1 0 
1645 6 24 27 528 447 -1 -1 -1 0 
1646 6 26 26 523 448 -1 -1 -1 0 
1647 6 25 27 525 447 -1 -1 -1 0 
1648 6 24 26 527 447 -1 -1 -1 0 
1649 6 20 27 530 445 -1 -1 -1 0 
1650 6 17 28 533 445 -1 -1 -1 0 
1651 6 15 29 536 443 -1 -1 -1 0 
1652 6 15 31 537 442 -1 -1 -1 0 
1653 6 20 27 530 447 -1 -1 -1 0 
1654 6 25 26 526 449 -1 -1 -1 0 
1655 6 29 26 521 450 -1 -1 -1 0 
1656 6 31 26 519 450 -1 -1 -1 0 
1657 6 30 26 522 450 -1 -1 -1 0 
1658 6 25 3 528 468 -1 -1 -1 0 
1659 6 23 0 531 468 -1 -1 -1 0 
1660 6 27 22 525 450 -1 -1 -1 0 
1661 6 24 2 529 468 -1 -1 -1 0 
1662 6 23 0 529 469 -1 -1 -1 0 
1663 6 22 0 532 467 -1 -1 -1 0 
1664 6 22 0 534 466 -1 -1 -1 0 
1665 6 22 0 535 465 -1 -1 -1 0 
1666 6 27 0 529 465 -1 -1 -1 0 
1667 6 27 0 530 464 -1 -1 -1 0 
1668 6 24 0 533 464 -1 -1 -1 0 
1669 6 13 0 555 464 -1 -1 -1 0 
1670 6 41 0 518 467 -1 -1 -1 0 
1671 6 44 0 515 467 -1 -1 -1 0 
1672 6 44 0 514 468 -1 -1 -1 0 
1673 6 44 0 513 467 -1 -1 -1 0 
1674 6 44 0 514 466 -1 -1 -1 0 
1675 6 44 0 514 465 -1 -1 -1 0 
1676 6 26 0 526 466 -1 -1 -1 0 
1677 6 26 0 524 467 -1 -1 -1 0 
1678 6 29 0 516 467 -1 -1 -1 0 
1679 6 28 0 518 467 -1 -1 -1 0 
1680 6 28 0 518 468 -1 -1 -1 0 
1681 6 27 0 521 470 -1 -1 -1 0 
1682 6 29 0 519 470 -1 -1 -1 0 
1683 6 26 0 525 470 -1 -1 -1 0 
1684 6 24 0 527 470 -1 -1 -1 0 
1685 6 24 0 529 470 -1 -1 -1 0 
1686 6 26 0 525 469 -1 -1 -1 0 
1687 6 23 0 530 470 -1 -1 -1 0 
1688 6 24 0 529 470 -1 -1 -1 0 
1689 6 26 0 525 470 -1 -1 -1 0 
1690 6 24 0 530 469 -1 -1 -1 0 
1691 6 26 0 524 470 -1 -1 -1 0 
1692 6 31 18 521 456 -1 -1 -1 0 
1693 6 28 2 521 469 -1 -1 -1 0 
1694 6 26 0 525 470 -1 -1 -1 0 
1695 6 27 0 522 471 -1 -1 -1 0 
1696 6 25 0 526 470 -1 -1 -1 0 
1697 6 26 0 524 470 -1 -1 -1 0 
1698 6 28 17 527 458 -1 -1 -1 0 
1699 6 29 2 521 470 -1 -1 -1 0 
1700 6 29 0 521 470 -1 -1 -1 0 
1701 6 28 0 522 470 -1 -1 -1 0 
1702 6 30 18 524 456 -1 -1 -1 0 
1703 6 32 19 520 456 -1 -1 -1 0 
1704 6 31 22 523 453 -1 -1 -1 0 
1705 6 31 25 524 450 -1 -1 -1 0 
1706 6 31 25 524 451 -1 -1 -1 0 
1707 6 30 25 526 451 -1 -1 -1 0 
1708 6 30 24 526 452 -1 -1 -1 0 
1709 6 31 26 524 449 -1 -1 -1 0 
1710 6 32 26 522 451 -1 -1 -1 0 
1711 6 30 23 524 453 -1 -1 -1 0 
1712 6 27 24 529 452 -1 -1 -1 0 
1713 6 29 24 525 453 -1 -1 -1 0 
1714 6 27 24 528 453 -1 -1 -1 0 
1715 6 28 23 527 454 -1 -1 -1 0 
1716 6 27 23 527 454 -1 -1 -1 0 
1717 6 28 24 527 452 -1 -1 -1 0 
1718 6 28 25 528 451 -1 -1 -1 0 
1719 6 27 26 529 450 -1 -1 -1 0 
1720 6 29 26 526 450 -1 -1 -1 0 
1721 6 27 24 528 453 -1 -1 -1 0 
1722 6 27 24 528 452 -1 -1 -1 0 
1723 6 29 23 526 454 -1 -1 -1 0 
1724 6 27 23 530 454 -1 -1 -1 0 
1725 6 29 24 526 453 -1 -1 -1 0 
1726 6 28 24 528 452 -1 -1 -1 0 
1727 6 27 23 528 453 -1 -1 -1 0 
1728 6 28 24 525 452 -1 -1 -1 0 
1729 6 27 24 528 451 -1 -1 -1 0 
1730 6 27 25 528 450 -1 -1 -1 0 
1731 6 28 25 525 450 -1 -1 -1 0 
1732 6 28 24 525 452 -1 -1 -1 0 
1733 6 28 26 525 449 -1 -1 -1 0 
1734 6 29 26 523 449 -1 -1 -1 0 
1735 6 28 26 526 448 -1 -1 -1 0 
1736 6 29 26 525 449 -1 -1 -1 0 
1737 6 28 26 524 450 -1 -1 -1 0 
1738 6 29 26 523 449 -1 -1 -1 0 
1739 6 28 26 523 449 -1 -1 -1 0 
1740 6 28 27 524 448 -1 -1 -1 0 
1741 6 29 28 522 447 -1 -1 -1 0 
1742 6 28 28 524 448 -1 -1 -1 0 
1743 6 28 28 523 448 -1 -1 -1 0 
1744 6 28 28 523 448 -1 -1 -1 0 
1745 6 28 28 524 447 -1 -1 -1 0 
1746 6 27 28 523 448 -1 -1 -1 0 
1747 6 28 27 520 449 -1 -1 -1 0 
1748 6 27 27 523 448 -1 -1 -1 0 
1749 6 28 28 521 447 -1 -1 -1 0 
1750 6 28 29 521 445 -1 -1 -1 0 
1751 6 28 30 522 444 -1 -1 -1 0 
1752 6 27 29 522 445 -1 -1 -1 0 
1753 6 28 28 522 447 -1 -1 -1 0 
1754 6 28 27 522 449 -1 -1 -1 0 
1755 6 28 29 523 447 -1 -1 -1 0 
1756 6 29 29 521 447 -1 -1 -1 0 
1757 6 28 29 522 446 -1 -1 -1 0 
1758 6 27 29 524 445 -1 -1 -1 0 
1759 6 29 30 520 445 -1 -1 -1 0 
1760 6 29 29 521 446 -1 -1 -1 0 
1761 6 27 30 524 445 -1 -1 -1 0 
1762 6 27 30 523 446 -1 -1 -1 0 
1763 6 27 30 524 445 -1 -1 -1 0 
1764 6 26 30 526 446 -1 -1 -1 0 
1765 6 27 29 523 446 -1 -1 -1 0 
1766 6 26 30 526 445 -1 -1 -1 0 
1767 6 25 29 527 446 -1 -1 -1 0 
1768 6 23 31 531 444 -1 -1 -1 0 
1769 6 24 32 528 443 -1 -1 -1 0 
1770 6 25 32 526 442 -1 -1 -1 0 
1771 6 23 31 530 444 -1 -1 -1 0 
1772 6 23 31 530 445 -1 -1 -1 0 
1773 6 22 31 530 444 -1 -1 -1 0 
1774 6 24 30 527 446 -1 -1 -1 0 
1775 6 25 29 527 447 -1 -1 -1 0 
1776 6 25 29 528 447 -1 -1 -1 0 
1777 6 25 28 527 449 -1 -1 -1 0 
1778 6 23 28 530 448 -1 -1 -1 0 
1779 6 25 28 527 448 -1 -1 -1 0 
1780 6 24 28 528 449 -1 -1 -1 0 
1781 6 23 29 529 448 -1 -1 -1 0 
1782 6 24 29 529 448 -1 -1 -1 0 
1783 6 25 30 528 448 -1 -1 -1 0 
1784 6 25 30 528 447 -1 -1 -1 0 
1785 6 25 30 526 447 -1 -1 -1 0 
1786 6 24 30 528 447 -1 -1 -1 0 
1787 6 24 30 528 447 -1 -1 -1 0 
1788 6 23 30 530 447 -1 -1 -1 0 
1789 6 24 29 529 448 -1 -1 -1 0 
1790 6 24 30 528 447 -1 -1 -1 0 
1791 6 24 30 529 447 -1 -1 -1 0 
1792 6 24 31 530 446 -1 -1 -1 0 
1793 6 23 31 531 445 -1 -1 -1 0 
1794 6 23 30 530 447 -1 -1 -1 0 
1795 6 21 28 532 449 -1 -1 -1 0 
1796 6 22 27 532 450 -1 -1 -1 0 
1797 6 23 31 532 446 -1 -1 -1 0 
1798 6 22 30 533 447 -1 -1 -1 0 
1799 6 24 28 528 450 -1 -1 -1 0 
1800 6 23 29 531 447 -1 -1 -1 0 
1801 6 22 30 532 446 -1 -1 -1 0 
1802 6 22 31 532 445 -1 -1 -1 0 
1803 6 22 28 532 449 -1 -1 -1 0 
1804 6 21 29 534 447 -1 -1 -1 0 
1805 6 22 29 534 448 -1 -1 -1 0 
1806 6 24 28 531 449 -1 -1 -1 0 
1807 6 21 29 535 446 -1 -1 -1 0 
1808 6 23 28 530 448 -1 -1 -1 0 
1809 6 23 29 531 447 -1 -1 -1 0 
1810 6 22 30 534 446 -1 -1 -1 0 
1811 6 22 29 533 447 -1 -1 -1 0 
1812 6 22 29 533 448 -1 -1 -1 0 
1813 6 23 28 532 449 -1 -1 -1 0 
1814 6 22 28 533 448 -1 -1 -1 0 
1815 6 23 28 530 449 -1 -1 -1 0 
1816 6 23 27 530 450 -1 -1 -1 0 
1817 6 21 26 534 450 -1 -1 -1 0 
1818 6 22 27 533 450 -1 -1 -1 0 
1819 6 22 27 531 449 -1 -1 -1 0 
1820 6 23 26 529 451 -1 -1 -1 0 
1821 6 22 25 532 451 -1 -1 -1 0 
1822 6 23 25 531 451 -1 -1 -1 0 
1823 6 24 25 528 452 -1 -1 -1 0 
1824 6 22 24 532 452 -1 -1 -1 0 
1825 6 22 25 531 451 -1 -1 -1 0 
1826 6 22 26 531 451 -1 -1 -1 0 
1827 6 21 26 531 451 -1 -1 -1 0 
1828 6 22 26 530 450 -1 -1 -1 0 
1829 6 22 25 530 452 -1 -1 -1 0 
1830 6 22 25 529 451 -1 -1 -1 0 
1831 6 22 25 529 451 -1 -1 -1 0 
1832 6 22 24 530 453 -1 -1 -1 0 
1833 6 21 26 532 450 -1 -1 -1 0 
1834 6 22 25 529 452 -1 -1 -1 0 
1835 6 22 23 528 455 -1 -1 -1 0 
1836 6 21 23 531 454 -1 -1 -1 0 
1837 6 22 23 530 454 -1 -1 -1 0 
1838 6 21 23 531 454 -1 -1 -1 0 
1839 6 20 23 533 454 -1 -1 -1 0 
1840 6 20 23 533 454 -1 -1 -1 0 
1841 6 20 23 532 455 -1 -1 -1 0 
1842 6 19 23 533 455 -1 -1 -1 0 
1843 6 18 23 533 455 -1 -1 -1 0 
1844 6 18 25 534 452 -1 -1 -1 0 
1845 6 20 24 533 454 -1 -1 -1 0 
1846 6 19 24 533 454 -1 -1 -1 0 
1847 6 20 24 530 454 -1 -1 -1 0 
1848 6 20 23 530 455 -1 -1 -1 0 
1849 6 19 23 532 454 -1 -1 -1 0 
1850 6 20 25 531 452 -1 -1 -1 0 
1851 6 19 26 533 451 -1 -1 -1 0 
1852 6 20 24 531 454 -1 -1 -1 0 
1853 6 19 25 532 452 -1 -1 -1 0 
1854 6 20 26 530 451 -1 -1 -1 0 
1855 6 18 25 533 452 -1 -1 -1 0 
1856 6 20 26 530 450 -1 -1 -1 0 
1857 6 20 26 531 451 -1 -1 -1 0 
1858 6 20 26 532 451 -1 -1 -1 0 
1859 6 21 26 531 451 -1 -1 -1 0 
1860 6 20 25 532 452 -1 -1 -1 0 
1861 6 21 26 533 450 -1 -1 -1 0 
1862 6 21 26 533 450 -1 -1 -1 0 
1863 6 21 25 533 452 -1 -1 -1 0 
1864 6 22 25 531 452 -1 -1 -1 0 
1865 6 20 26 535 450 -1 -1 -1 0 
1866 6 23 24 530 453 -1 -1 -1 0 
1867 6 22 23 533 454 -1 -1 -1 0 
1868 6 21 24 533 453 -1 -1 -1 0 
1869 6 21 25 533 452 -1 -1 -1 0 
1870 6 23 26 531 450 -1 -1 -1 0 
1871 6 22 24 532 453 -1 -1 -1 0 
1872 6 23 23 531 454 -1 -1 -1 0 
1873 6 23 25 532 451 -1 -1 -1 0 
1874 6 22 26 534 450 -1 -1 -1 0 
1875 6 24 25 531 452 -1 -1 -1 0 
1876 6 22 26 536 451 -1 -1 -1 0 
1877 6 25 26 531 451 -1 -1 -1 0 
1878 6 24 25 532 452 -1 -1 -1 0 
1879 6 23 24 533 453 -1 -1 -1 0 
1880 6 22 25 534 451 -1 -1 -1 0 
1881 6 22 25 534 452 -1 -1 -1 0 
1882 6 23 24 533 452 -1 -1 -1 0 
1883 6 23 24 532 452 -1 -1 -1 0 
1884 6 24 24 532 452 -1 -1 -1 0 
1885 6 23 25 533 451 -1 -1 -1 0 
1886 6 23 24 533 452 -1 -1 -1 0 
1887 6 23 24 533 452 -1 -1 -1 0 
1888 6 24 25 532 451 -1 -1 -1 0 
1889 6 23 24 534 453 -1 -1 -1 0 
1890 6 22 24 533 453 -1 -1 -1 0 
1891 6 23 24 534 452 -1 -1 -1 0 
1892 6 23 24 533 452 -1 -1 -1 0 
1893 6 23 23 532 454 -1 -1 -1 0 
1894 6 23 22 532 455 -1 -1 -1 0 
1895 6 22 22 533 456 -1 -1 -1 0 
1896 6 22 23 534 454 -1 -1 -1 0 
1897 6 22 23 535 453 -1 -1 -1 0 
1898 6 21 24 534 452 -1 -1 -1 0 
1899 6 22 24 534 452 -1 -1 -1 0 
1900 6 22 24 535 453 -1 -1 -1 0 
1901 6 21 23 536 454 -1 -1 -1 0 
1902 6 22 23 533 454 -1 -1 -1 0 
1903 6 22 23 534 453 -1 -1 -1 0 
1904 6 21 22 535 454 -1 -1 -1 0 
1905 6 21 22 534 454 -1 -1 -1 0 
1906 6 20 21 536 455 -1 -1 -1 0 
1907 6 21 21 534 455 -1 -1 -1 0 
1908 6 21 22 536 453 -1 -1 -1 0 
1909 6 23 22 533 453 -1 -1 -1 0 
1910 6 21 21 535 454 -1 -1 -1 0 
1911 6 21 22 534 453 -1 -1 -1 0 
1912 6 20 21 536 454 -1 -1 -1 0 
1913 6 22 20 534 456 -1 -1 -1 0 
1914 6 22 22 535 453 -1 -1 -1 0 
1915 6 21 22 535 453 -1 -1 -1 0 
1916 6 21 23 534 452 -1 -1 -1 0 
1917 6 21 21 534 455 -1 -1 -1 0 
1918 6 21 20 534 457 -1 -1 -1 0 
1919 6 20 20 535 457 -1 -1 -1 0 
1920 6 21 19 534 458 -1 -1 -1 0 
1921 6 22 19 532 458 -1 -1 -1 0 
1922 6 22 20 531 457 -1 -1 -1 0 
1923 6 22 20 533 456 -1 -1 -1 0 
1924 6 22 21 534 455 -1 -1 -1 0 
1925 6 22 21 532 455 -1 -1 -1 0 
1926 6 20 23 534 453 -1 -1 -1 0 
1927 6 21 23 534 454 -1 -1 -1 0 
1928 6 23 21 531 457 -1 -1 -1 0 
1929 6 21 21 534 456 -1 -1 -1 0 
1930 6 21 20 534 456 -1 -1 -1 0 
1931 6 21 20 534 456 -1 -1 -1 0 
1932 6 22 19 533 457 -1 -1 -1 0 
1933 6 22 20 534 455 -1 -1 -1 0 
1934 6 21 21 536 454 -1 -1 -1 0 
1935 6 22 20 534 455 -1 -1 -1 0 
1936 6 21 21 536 454 -1 -1 -1 0 
1937 6 22 21 534 454 -1 -1 -1 0 
1938 6 23 22 534 453 -1 -1 -1 0 
1939 6 21 22 537 453 -1 -1 -1 0 
1940 6 22 23 535 452 -1 -1 -1 0 
1941 6 23 21 533 454 -1 -1 -1 0 
1942 6 22 21 535 454 -1 -1 -1 0 
1943 6 21 23 536 451 -1 -1 -1 0 
1944 6 22 23 534 451 -1 -1 -1 0 
1945 6 22 23 534 452 -1 -1 -1 0 
1946 6 22 23 533 452 -1 -1 -1 0 
1947 6 21 23 535 453 -1 -1 -1 0 
1948 6 22 23 535 452 -1 -1 -1 0 
1949 6 23 22 534 453 -1 -1 -1 0 
1950 6 22 23 535 451 -1 -1 -1 0 
1951 6 22 22 534 453 -1 -1 -1 0 
1952 6 21 21 536 455 -1 -1 -1 0 
1953 6 22 22 535 453 -1 -1 -1 0 
1954 6 22 22 536 453 -1 -1 -1 0 
1955 6 23 21 535 453 -1 -1 -1 0 
1956 6 21 21 536 454 -1 -1 -1 0 
1957 6 22 23 536 452 -1 -1 -1 0 
1958 6 23 22 535 454 -1 -1 -1 0 
1959 6 23 21 534 455 -1 -1 -1 0 
1960 6 22 23 537 452 -1 -1 -1 0 
1961 6 23 22 534 453 -1 -1 -1 0 
1962 6 22 21 535 454 -1 -1 -1 0 
1963 6 23 21 534 454 -1 -1 -1 0 
1964 6 23 21 535 455 -1 -1 -1 0 
1965 6 23 22 536 455 -1 -1 -1 0 
1966 6 23 22 535 454 -1 -1 -1 0 
1967 6 22 22 536 453 -1 -1 -1 0 
1968 6 24 20 534 457 -1 -1 -1 0 
1969 6 23 20 536 456 -1 -1 -1 0 
1970 6 23 20 536 456 -1 -1 -1 0 
1971 6 23 21 536 455 -1 -1 -1 0 
1972 6 23 20 535 456 -1 -1 -1 0 
1973 6 21 21 538 455 -1 -1 -1 0 
1974 6 22 21 536 455 -1 -1 -1 0 
1975 6 22 21 538 455 -1 -1 -1 0 
1976 6 22 21 538 456 -1 -1 -1 0 
1977 6 24 21 534 456 -1 -1 -1 0 
1978 6 23 21 534 457 -1 -1 -1 0 
1979 6 22 21 533 455 -1 -1 -1 0 
1980 6 22 21 535 455 -1 -1 -1 0 
1981 6 24 21 532 455 -1 -1 -1 0 
1982 6 23 19 532 458 -1 -1 -1 0 
1983 6 23 22 533 454 -1 -1 -1 0 
1984 6 22 19 534 459 -1 -1 -1 0 
1985 6 21 21 536 455 -1 -1 -1 0 
1986 6 22 21 534 456 -1 -1 -1 0 
1987 6 20 21 537 456 -1 -1 -1 0 
1988 6 22 21 534 455 -1 -1 -1 0 
1989 6 21 22 535 454 -1 -1 -1 0 
1990 6 20 21 537 454 -1 -1 -1 0 
1991 6 20 26 537 448 -1 -1 -1 0 
1992 6 21 24 534 451 -1 -1 -1 0 
1993 6 21 25 534 449 -1 -1 -1 0 
1994 6 21 25 533 449 -1 -1 -1 0 
1995 6 19 27 537 447 -1 -1 -1 0 
1996 6 21 28 534 445 -1 -1 -1 0 
1997 6 20 29 535 444 -1 -1 -1 0 
1998 6 20 28 536 446 -1 -1 -1 0 
1999 6 21 27 534 447 -1 -1 -1 0 
2000 6 21 27 536 447 -1 -1 -1 0 
2001 6 21 26 534 448 -1 -1 -1 0 
2002 6 21 26 533 447 -1 -1 -1 0 
2003 6 20 26 533 447 -1 -1 -1 0 
2004 6 19 24 535 450 -1 -1 -1 0 
2005 6 19 25 536 449 -1 -1 -1 0 
2006 6 21 25 534 450 -1 -1 -1 0 
2007 6 20 25 535 450 -1 -1 -1 0 
2008 6 20 26 535 449 -1 -1 -1 0 
2009 6 21 25 534 450 -1 -1 -1 0 
2010 6 21 25 535 450 -1 -1 -1 0 
2011 6 21 26 534 449 -1 -1 -1 0 
2012 6 21 25 535 450 -1 -1 -1 0 
2013 6 20 22 536 454 -1 -1 -1 0 
2014 6 20 22 537 453 -1 -1 -1 0 
2015 6 20 23 538 452 -1 -1 -1 0 
2016 6 22 25 535 449 -1 -1 -1 0 
2017 6 22 24 535 451 -1 -1 -1 0 
2018 6 21 25 538 449 -1 -1 -1 0 
2019 6 22 25 535 449 -1 -1 -1 0 
2020 6 23 27 533 447 -1 -1 -1 0 
2021 6 23 28 534 447 -1 -1 -1 0 
2022 6 22 27 535 447 -1 -1 -1 0 
2023 6 21 28 539 447 -1 -1 -1 0 
2024 6 22 30 537 444 -1 -1 -1 0 
2025 6 23 29 535 446 -1 -1 -1 0 
2026 6 22 27 535 448 -1 -1 -1 0 
2027 6 19 26 538 449 -1 -1 -1 0 
2028 6 19 26 537 449 -1 -1 -1 0 
2029 6 19 27 536 448 -1 -1 -1 0 
2030 6 20 27 535 447 -1 -1 -1 0 
2031 6 20 27 535 448 -1 -1 -1 0 
2032 6 20 25 535 451 -1 -1 -1 0 
2033 6 20 25 535 451 -1 -1 -1 0 
2034 6 20 25 535 450 -1 -1 -1 0 
2035 6 20 25 534 451 -1 -1 -1 0 
2036 6 21 25 534 451 -1 -1 -1 0 
2037 6 21 26 534 450 -1 -1 -1 0 
2038 6 21 26 532 450 -1 -1 -1 0 
2039 6 20 27 534 448 -1 -1 -1 0 
2040 6 21 26 532 449 -1 -1 -1 0 
2041 6 20 27 534 448 -1 -1 -1 0 
2042 6 22 27 532 448 -1 -1 -1 0 
2043 6 20 26 536 450 -1 -1 -1 0 
2044 6 20 26 536 449 -1 -1 -1 0 
2045 6 21 28 535 446 -1 -1 -1 0 
2046 6 21 27 535 448 -1 -1 -1 0 
2047 6 22 27 535 448 -1 -1 -1 0 
2048 6 21 28 538 447 -1 -1 -1 0 
2049 6 21 28 539 447 -1 -1 -1 0 
2050 6 18 29 545 446 -1 -1 -1 0 
2051 6 18 30 544 446 -1 -1 -1 0 
2052 6 20 30 541 446 -1 -1 -1 0 
2053 6 45 2 515 475 -1 -1 -1 0 
2054 6 49 0 516 477 -1 -1 -1 0 
2055 6 27 4 534 459 -1 -1 -1 0 
2056 6 11 1 554 462 -1 -1 -1 0 
2057 6 0 2 564 461 -1 -1 -1 0 
2058 6 0 3 562 461 -1 -1 -1 0 
2059 6 0 2 562 461 -1 -1 -1 0 
2060 6 3 4 552 462 -1 -1 -1 0 
2061 6 3 4 553 462 -1 -1 -1 0 
2062 6 7 11 546 460 -1 -1 -1 0 
2063 6 9 14 545 458 -1 -1 -1 0 
2064 6 9 15 547 458 -1 -1 -1 0 
2065 6 6 8 552 460 -1 -1 -1 0 
2066 6 10 13 545 459 -1 -1 -1 0 
2067 6 10 15 545 458 -1 -1 -1 0 
2068 6 11 15 543 458 -1 -1 -1 0 
2069 6 11 16 543 458 -1 -1 -1 0 
2070 6 11 15 542 459 -1 -1 -1 0 
2071 6 7 15 551 459 -1 -1 -1 0 
2072 6 7 15 549 459 -1 -1 -1 0 
2073 6 5 15 553 458 -1 -1 -1 0 
2074 6 9 15 547 459 -1 -1 -1 0 
2075 6 2 14 554 458 -1 -1 -1 0 
2076 6 1 13 554 459 -1 -1 -1 0 
2077 6 1 13 554 459 -1 -1 -1 0 
2078 6 0 13 555 459 -1 -1 -1 0 
2079 6 1 14 554 458 -1 -1 -1 0 
2080 6 1 14 554 458 -1 -1 -1 0 
2081 6 1 14 553 458 -1 -1 -1 0 
2082 6 1 14 552 459 -1 -1 -1 0 
2083 6 0 14 555 458 -1 -1 -1 0 
2084 6 0 14 556 458 -1 -1 -1 0 
2085 6 0 14 556 458 -1 -1 -1 0 
2086 6 1 13 554 458 -1 -1 -1 0 
2087 6 4 14 549 457 -1 -1 -1 0 
2088 6 3 13 553 459 -1 -1 -1 0 
2089 6 4 13 553 458 -1 -1 -1 0 
2090 6 11 15 544 456 -1 -1 -1 0 
2091 6 11 19 547 451 -1 -1 -1 0 
2092 6 20 14 540 453 -1 -1 -1 0 
2093 6 9 15 552 449 -1 -1 -1 0 
2094 6 43 18 503 456 -1 -1 -1 0 
2095 6 47 20 502 456 -1 -1 -1 0 
2096 6 48 8 513 467 -1 -1 -1 0 
2097 6 47 5 524 472 -1 -1 -1 0 
2098 6 28 21 530 454 -1 -1 -1 0 
2099 6 15 8 547 470 -1 -1 -1 0 
2100 6 14 7 545 468 -1 -1 -1 0 
2101 6 16 4 539 468 -1 -1 -1 0 
2102 6 17 3 537 469 -1 -1 -1 0 
2103 6 27 20 525 454 -1 -1 -1 0 
2104 6 24 24 531 450 -1 -1 -1 0 
2105 6 27 25 526 449 -1 -1 -1 0 
2106 6 27 23 527 452 -1 -1 -1 0 
2107 6 26 25 530 450 -1 -1 -1 0 
2108 6 28 26 528 449 -1 -1 -1 0 
2109 6 31 26 522 450 -1 -1 -1 0 
2110 6 32 28 522 447 -1 -1 -1 0 
2111 6 31 24 523 451 -1 -1 -1 0 
2112 6 29 26 526 448 -1 -1 -1 0 
2113 6 30 27 524 447 -1 -1 -1 0 
2114 6 29 26 525 447 -1 -1 -1 0 
2115 6 30 25 523 449 -1 -1 -1 0 
2116 6 29 23 525 453 -1 -1 -1 0 
2117 6 27 22 528 455 -1 -1 -1 0 
2118 6 28 22 528 456 -1 -1 -1 0 
2119 6 28 24 528 452 -1 -1 -1 0 
2120 6 28 25 528 452 -1 -1 -1 0 
2121 6 29 26 528 449 -1 -1 -1 0 
2122 6 30 26 526 450 -1 -1 -1 0 
2123 6 29 23 527 453 -1 -1 -1 0 
2124 6 29 22 527 455 -1 -1 -1 0 
2125 6 28 22 529 456 -1 -1 -1 0 
2126 6 26 23 532 454 -1 -1 -1 0 
2127 6 27 24 532 452 -1 -1 -1 0 
2128 6 27 24 532 453 -1 -1 -1 0 
2129 6 28 26 531 450 -1 -1 -1 0 
2130 6 26 26 533 451 -1 -1 -1 0 
2131 6 25 23 533 455 -1 -1 -1 0 
2132 6 24 23 535 454 -1 -1 -1 0 
2133 6 23 26 535 450 -1 -1 -1 0 
2134 6 25 27 533 449 -1 -1 -1 0 
2135 6 23 30 536 445 -1 -1 -1 0 
2136 6 24 29 533 447 -1 -1 -1 0 
2137 6 25 29 531 447 -1 -1 -1 0 
2138 6 24 26 530 451 -1 -1 -1 0 
2139 6 24 25 530 452 -1 -1 -1 0 
2140 6 25 24 528 453 -1 -1 -1 0 
2141 6 22 24 531 453 -1 -1 -1 0 
2142 6 21 25 531 451 -1 -1 -1 0 
2143 6 24 22 531 456 -1 -1 -1 0 
2144 6 23 22 530 455 -1 -1 -1 0 
2145 6 23 22 529 455 -1 -1 -1 0 
2146 6 22 2 523 471 -1 -1 -1 0 
2147 6 22 21 530 454 -1 -1 -1 0 
2148 6 24 21 526 455 -1 -1 -1 0 
2149 6 24 23 527 453 -1 -1 -1 0 
2150 6 23 23 528 454 -1 -1 -1 0 
2151 6 23 23 527 454 -1 -1 -1 0 
2152 6 25 22 526 455 -1 -1 -1 0 
2153 6 23 22 531 456 -1 -1 -1 0 
2154 6 25 23 528 455 -1 -1 -1 0 
2155 6 25 22 529 456 -1 -1 -1 0 
2156 6 24 22 531 455 -1 -1 -1 0 
2157 6 24 22 530 455 -1 -1 -1 0 
2158 6 25 23 529 455 -1 -1 -1 0 
2159 6 27 22 527 456 -1 -1 -1 0 
2160 6 27 22 527 454 -1 -1 -1 0 
2161 6 26 22 529 454 -1 -1 -1 0 
2162 6 25 26 530 450 -1 -1 -1 0 
2163 6 25 26 529 451 -1 -1 -1 0 
2164 6 25 25 527 452 -1 -1 -1 0 
2165 6 25 24 528 453 -1 -1 -1 0 
2166 6 23 19 529 459 -1 -1 -1 0 
2167 6 24 22 529 454 -1 -1 -1 0 
2168 6 24 24 530 453 -1 -1 -1 0 
2169 6 21 27 536 449 -1 -1 -1 0 
2170 6 24 27 531 450 -1 -1 -1 0 
2171 6 24 27 535 450 -1 -1 -1 0 
2172 6 24 28 537 448 -1 -1 -1 0 
2173 6 25 28 535 447 -1 -1 -1 0 
2174 6 26 28 533 447 -1 -1 -1 0 
2175 6 24 28 536 448 -1 -1 -1 0 
2176 6 23 26 537 450 -1 -1 -1 0 
2177 6 22 26 540 449 -1 -1 -1 0 
2178 6 24 27 536 448 -1 -1 -1 0 
2179 6 24 27 535 448 -1 -1 -1 0 
2180 6 23 26 537 450 -1 -1 -1 0 
2181 6 23 25 537 451 -1 -1 -1 0 
2182 6 24 26 536 450 -1 -1 -1 0 
2183 6 25 26 536 449 -1 -1 -1 0 
2184 6 25 26 536 449 -1 -1 -1 0 
2185 6 25 26 536 449 -1 -1 -1 0 
2186 6 22 28 537 448 -1 -1 -1 0 
2187 6 22 28 537 448 -1 -1 -1 0 
2188 6 22 28 536 449 -1 -1 -1 0 
2189 6 22 28 536 449 -1 -1 -1 0 
2190 6 22 27 536 449 -1 -1 -1 0 
2191 6 22 28 536 448 -1 -1 -1 0 
2192 6 9 6 556 466 -1 -1 -1 0 
2193 6 8 3 558 468 -1 -1 -1 0 
2194 6 23 21 535 453 -1 -1 -1 0 
2195 6 24 24 534 452 -1 -1 -1 0 
2196 6 24 24 535 452 -1 -1 -1 0 
2197 6 13 3 548 470 -1 -1 -1 0 
2198 6 11 1 550 471 -1 -1 -1 0 
2199 6 10 0 551 472 -1 -1 -1 0 
2200 6 10 0 550 472 -1 -1 -1 0 
2201 6 10 0 550 472 -1 -1 -1 0 
2202 6 12 1 547 471 -1 -1 -1 0 
2203 6 12 1 547 471 -1 -1 -1 0 
2204 6 12 1 547 471 -1 -1 -1 0 
2205 6 24 21 533 454 -1 -1 -1 0 
2206 6 25 23 532 453 -1 -1 -1 0 
2207 6 26 24 531 453 -1 -1 -1 0 
2208 6 26 24 532 453 -1 -1 -1 0 
2209 6 26 24 532 453 -1 -1 -1 0 
2210 6 29 24 528 453 -1 -1 -1 0 
2211 6 30 24 528 454 -1 -1 -1 0 
2212 6 30 24 528 454 -1 -1 -1 0 
2213 6 30 23 527 454 -1 -1 -1 0 
2214 6 30 23 527 454 -1 -1 -1 0 
2215 6 30 23 527 454 -1 -1 -1 0 
2216 6 28 23 530 454 -1 -1 -1 0 
2217 6 28 23 530 454 -1 -1 -1 0 
2218 6 27 23 531 453 -1 -1 -1 0 
2219 6 28 24 530 452 -1 -1 -1 0 
2220 6 28 24 530 452 -1 -1 -1 0 
2221 6 28 24 530 452 -1 -1 -1 0 
2222 6 28 24 530 452 -1 -1 -1 0 
2223 6 28 24 530 452 -1 -1 -1 0 
2224 6 30 23 526 453 -1 -1 -1 0 
2225 6 29 24 528 453 -1 -1 -1 0 
2226 6 30 24 527 453 -1 -1 -1 0 
2227 6 29 22 528 455 -1 -1 -1 0 
2228 6 29 22 529 455 -1 -1 -1 0 
2229 6 29 21 529 456 -1 -1 -1 0 
2230 6 27 22 530 454 -1 -1 -1 0 
2231 6 26 23 530 454 -1 -1 -1 0 
2232 6 26 22 530 455 -1 -1 -1 0 
2233 6 30 35 528 437 -1 -1 -1 0 
2234 6 31 36 526 436 -1 -1 -1 0 
2235 6 31 36 528 437 -1 -1 -1 0 
2236 6 29 31 528 443 -1 -1 -1 0 
2237 6 27 28 529 447 -1 -1 -1 0 
2238 6 28 28 526 446 -1 -1 -1 0 
2239 6 28 25 525 449 -1 -1 -1 0 
2240 6 25 26 534 445 -1 -1 -1 0 
2241 6 28 26 531 445 -1 -1 -1 0 
2242 6 29 19 532 456 -1 -1 -1 0 
2243 6 23 3 540 464 -1 -1 -1 0 
2244 6 19 0 543 465 -1 -1 -1 0 
2245 6 18 0 542 465 -1 -1 -1 0 
2246 6 18 0 540 468 -1 -1 -1 0 
2247 6 15 0 544 468 -1 -1 -1 0 
2248 6 17 0 542 468 -1 -1 -1 0 
2249 6 18 0 540 468 -1 -1 -1 0 
2250 6 23 17 536 456 -1 -1 -1 0 
2251 6 18 2 539 469 -1 -1 -1 0 
2252 6 17 0 543 469 -1 -1 -1 0 
2253 6 18 0 543 470 -1 -1 -1 0 
2254 6 15 0 549 470 -1 -1 -1 0 
2255 6 17 0 545 468 -1 -1 -1 0 
2256 6 16 0 547 469 -1 -1 -1 0 
2257 6 18 0 545 469 -1 -1 -1 0 
2258 6 17 0 547 468 -1 -1 -1 0 
2259 6 18 0 547 468 -1 -1 -1 0 
2260 6 19 0 544 468 -1 -1 -1 0 
2261 6 16 0 550 467 -1 -1 -1 0 
2262 6 18 0 546 469 -1 -1 -1 0 
2263 6 19 0 544 470 -1 -1 -1 0 
2264 6 21 0 541 469 -1 -1 -1 0 
2265 6 23 0 535 469 -1 -1 -1 0 
2266 6 25 0 534 469 -1 -1 -1 0 
2267 6 28 0 529 469 -1 -1 -1 0 
2268 6 24 0 537 468 -1 -1 -1 0 
2269 6 22 0 542 468 -1 -1 -1 0 
2270 6 21 0 537 469 -1 -1 -1 0 
