3 1 2 0 630 470 -1 -1 -1 0 
4 1 2 0 630 469 -1 -1 -1 0 
5 1 2 0 629 471 -1 -1 -1 0 
6 1 3 0 629 470 -1 -1 -1 0 
7 1 4 0 626 470 -1 -1 -1 0 
8 1 3 0 628 469 -1 -1 -1 0 
9 1 3 0 629 471 -1 -1 -1 0 
10 1 2 0 630 470 -1 -1 -1 0 
11 1 3 0 628 469 -1 -1 -1 0 
12 1 3 0 629 468 -1 -1 -1 0 
13 1 3 0 629 467 -1 -1 -1 0 
14 1 3 0 629 464 -1 -1 -1 0 
15 1 3 0 629 462 -1 -1 -1 0 
16 1 3 0 629 459 -1 -1 -1 0 
17 1 3 0 627 459 -1 -1 -1 0 
18 1 3 1 627 456 -1 -1 -1 0 
19 1 2 1 627 457 -1 -1 -1 0 
20 1 2 1 626 458 -1 -1 -1 0 
21 1 2 1 627 459 -1 -1 -1 0 
22 1 2 1 627 459 -1 -1 -1 0 
23 1 3 2 626 458 -1 -1 -1 0 
24 1 2 0 634 464 -1 -1 -1 0 
25 1 3 0 634 465 -1 -1 -1 0 
26 1 4 0 632 464 -1 -1 -1 0 
27 1 4 0 631 461 -1 -1 -1 0 
28 1 5 0 630 460 -1 -1 -1 0 
29 1 4 3 627 442 -1 -1 -1 0 
30 1 4 3 626 441 -1 -1 -1 0 
31 1 4 0 626 448 -1 -1 -1 0 
32 1 3 0 627 449 -1 -1 -1 0 
33 1 6 0 632 443 -1 -1 -1 0 
34 1 5 0 634 444 -1 -1 -1 0 
35 1 54 0 584 455 -1 -1 -1 0 
36 1 53 1 586 457 -1 -1 -1 0 
37 1 155 10 478 446 -1 -1 -1 0 
38 1 157 12 479 446 -1 -1 -1 0 
39 1 240 7 398 457 -1 -1 -1 0 
40 1 308 7 330 471 -1 -1 -1 0 
41 1 363 9 274 464 -1 -1 -1 0 
42 1 364 9 274 463 -1 -1 -1 0 
43 1 364 9 274 463 -1 -1 -1 0 
44 1 301 1 338 475 -1 -1 -1 0 
45 1 300 0 339 475 -1 -1 -1 0 
46 1 234 0 405 469 -1 -1 -1 0 
47 1 223 0 414 466 -1 -1 -1 0 
48 1 223 3 415 463 -1 -1 -1 0 
49 1 227 3 412 461 -1 -1 -1 0 
50 1 228 3 411 461 -1 -1 -1 0 
51 1 252 8 385 458 -1 -1 -1 0 
52 1 253 9 385 458 -1 -1 -1 0 
53 1 253 9 385 458 -1 -1 -1 0 
54 1 243 6 392 454 -1 -1 -1 0 
55 1 243 6 393 455 -1 -1 -1 0 
56 1 243 6 393 455 -1 -1 -1 0 
57 1 243 8 396 460 -1 -1 -1 0 
58 1 244 8 395 460 -1 -1 -1 0 
59 1 255 6 373 465 -1 -1 -1 0 
60 1 255 6 373 465 -1 -1 -1 0 
61 1 255 5 373 465 -1 -1 -1 0 
62 1 288 0 319 471 -1 -1 -1 0 
63 1 289 0 319 470 -1 -1 -1 0 
64 1 293 0 313 468 -1 -1 -1 0 
65 1 294 4 308 467 -1 -1 -1 0 
66 1 295 5 308 467 -1 -1 -1 0 
67 1 285 4 311 468 -1 -1 -1 0 
68 1 281 3 307 467 -1 -1 -1 0 
69 1 281 4 307 467 -1 -1 -1 0 
70 1 266 4 313 464 -1 -1 -1 0 
71 1 261 5 317 461 -1 -1 -1 0 
72 1 261 5 318 461 -1 -1 -1 0 
73 1 238 0 306 471 -1 -1 -1 0 
74 1 237 0 306 472 -1 -1 -1 0 
75 1 220 1 306 475 -1 -1 -1 0 
76 1 214 0 302 479 -1 -1 -1 0 
77 1 209 0 300 479 -1 -1 -1 0 
78 1 204 0 291 473 -1 -1 -1 0 
79 1 203 0 291 473 -1 -1 -1 0 
80 1 198 0 286 469 -1 -1 -1 0 
81 1 194 3 286 465 -1 -1 -1 0 
82 1 195 3 282 466 -1 -1 -1 0 
83 1 195 2 281 470 -1 -1 -1 0 
84 1 197 1 280 473 -1 -1 -1 0 
85 1 205 0 270 470 -1 -1 -1 0 
86 1 210 0 265 471 -1 -1 -1 0 
87 1 215 0 259 472 -1 -1 -1 0 
88 1 221 0 256 476 -1 -1 -1 0 
89 1 223 0 256 479 -1 -1 -1 0 
90 1 229 0 252 479 -1 -1 -1 0 
91 1 235 0 246 479 -1 -1 -1 0 
92 1 241 1 237 478 -1 -1 -1 0 
93 1 241 1 235 478 -1 -1 -1 0 
94 1 241 1 233 478 -1 -1 -1 0 
95 1 239 1 231 477 -1 -1 -1 0 
96 1 236 1 232 476 -1 -1 -1 0 
97 1 229 0 231 473 -1 -1 -1 0 
98 1 233 9 225 455 -1 -1 -1 0 
99 1 220 1 226 477 -1 -1 -1 0 
100 1 217 0 217 478 -1 -1 -1 0 
101 1 213 0 217 478 -1 -1 -1 0 
102 1 209 0 218 478 -1 -1 -1 0 
103 1 207 2 213 477 -1 -1 -1 0 
104 1 206 5 210 473 -1 -1 -1 0 
105 1 207 8 207 470 -1 -1 -1 0 
106 1 210 11 204 467 -1 -1 -1 0 
107 1 217 15 201 462 -1 -1 -1 0 
108 1 221 17 200 459 -1 -1 -1 0 
109 1 224 18 198 458 -1 -1 -1 0 
110 1 231 23 194 447 -1 -1 -1 0 
111 1 237 30 192 437 -1 -1 -1 0 
112 1 240 33 190 434 -1 -1 -1 0 
113 1 243 36 188 431 -1 -1 -1 0 
114 1 245 39 186 427 -1 -1 -1 0 
115 1 246 43 183 424 -1 -1 -1 0 
116 1 245 46 182 422 -1 -1 -1 0 
117 1 244 47 179 423 -1 -1 -1 0 
118 1 242 49 176 422 -1 -1 -1 0 
119 1 239 52 173 420 -1 -1 -1 0 
120 1 237 52 173 421 -1 -1 -1 0 
121 1 234 50 170 424 -1 -1 -1 0 
122 1 232 50 169 425 -1 -1 -1 0 
123 1 230 52 170 422 -1 -1 -1 0 
124 1 230 52 167 424 -1 -1 -1 0 
125 1 229 53 168 425 -1 -1 -1 0 
126 1 233 56 164 422 -1 -1 -1 0 
127 1 236 57 162 421 -1 -1 -1 0 
128 1 242 64 160 411 -1 -1 -1 0 
129 1 245 67 160 409 -1 -1 -1 0 
130 1 250 69 160 406 -1 -1 -1 0 
131 1 253 68 159 406 -1 -1 -1 0 
132 1 254 71 161 402 -1 -1 -1 0 
133 1 256 73 159 400 -1 -1 -1 0 
134 1 259 76 157 398 -1 -1 -1 0 
135 1 260 79 158 395 -1 -1 -1 0 
136 1 261 80 155 396 -1 -1 -1 0 
137 1 260 81 156 396 -1 -1 -1 0 
138 1 259 82 154 394 -1 -1 -1 0 
139 1 258 84 153 393 -1 -1 -1 0 
140 1 256 85 151 392 -1 -1 -1 0 
141 1 255 85 150 393 -1 -1 -1 0 
142 1 252 86 149 390 -1 -1 -1 0 
143 1 251 88 149 389 -1 -1 -1 0 
144 1 250 88 148 391 -1 -1 -1 0 
145 1 250 89 147 390 -1 -1 -1 0 
146 1 252 90 146 388 -1 -1 -1 0 
147 1 252 91 147 387 -1 -1 -1 0 
148 1 255 92 146 386 -1 -1 -1 0 
149 1 257 96 146 379 -1 -1 -1 0 
150 1 263 97 144 378 -1 -1 -1 0 
151 1 266 97 143 378 -1 -1 -1 0 
152 1 269 97 143 379 -1 -1 -1 0 
153 1 271 96 142 381 -1 -1 -1 0 
154 1 271 96 143 381 -1 -1 -1 0 
155 1 272 96 142 382 -1 -1 -1 0 
156 1 271 96 144 382 -1 -1 -1 0 
157 1 272 97 142 381 -1 -1 -1 0 
158 1 271 99 142 379 -1 -1 -1 0 
159 1 271 100 141 378 -1 -1 -1 0 
160 1 271 100 140 379 -1 -1 -1 0 
161 1 270 101 141 378 -1 -1 -1 0 
162 1 268 99 142 380 -1 -1 -1 0 
163 1 267 99 142 380 -1 -1 -1 0 
164 1 265 100 143 379 -1 -1 -1 0 
165 1 264 100 143 378 -1 -1 -1 0 
166 1 261 101 143 377 -1 -1 -1 0 
167 1 260 100 141 378 -1 -1 -1 0 
168 1 257 99 144 378 -1 -1 -1 0 
169 1 255 98 145 378 -1 -1 -1 0 
170 1 253 97 145 379 -1 -1 -1 0 
171 1 254 95 141 382 -1 -1 -1 0 
172 1 253 93 143 385 -1 -1 -1 0 
173 1 254 92 142 385 -1 -1 -1 0 
174 1 255 94 143 383 -1 -1 -1 0 
175 1 258 93 140 384 -1 -1 -1 0 
176 1 261 95 139 381 -1 -1 -1 0 
177 1 263 94 139 382 -1 -1 -1 0 
178 1 267 93 139 383 -1 -1 -1 0 
179 1 268 95 140 382 -1 -1 -1 0 
180 1 270 96 140 382 -1 -1 -1 0 
181 1 271 96 139 383 -1 -1 -1 0 
182 1 271 97 139 381 -1 -1 -1 0 
183 1 271 98 139 381 -1 -1 -1 0 
184 1 270 99 138 380 -1 -1 -1 0 
185 1 269 100 138 379 -1 -1 -1 0 
186 1 267 102 135 376 -1 -1 -1 0 
187 1 266 103 135 374 -1 -1 -1 0 
188 1 262 103 138 374 -1 -1 -1 0 
189 1 261 105 138 374 -1 -1 -1 0 
190 1 259 97 137 382 -1 -1 -1 0 
191 1 259 106 138 373 -1 -1 -1 0 
192 1 261 100 136 379 -1 -1 -1 0 
193 1 262 99 135 380 -1 -1 -1 0 
194 1 267 106 133 373 -1 -1 -1 0 
195 1 269 107 132 372 -1 -1 -1 0 
196 1 272 106 131 373 -1 -1 -1 0 
197 1 273 107 131 372 -1 -1 -1 0 
198 1 274 106 131 373 -1 -1 -1 0 
199 1 276 107 132 372 -1 -1 -1 0 
200 1 279 108 130 371 -1 -1 -1 0 
201 1 280 108 130 371 -1 -1 -1 0 
202 1 281 108 129 371 -1 -1 -1 0 
203 1 281 108 129 371 -1 -1 -1 0 
204 1 280 109 129 370 -1 -1 -1 0 
205 1 279 110 128 369 -1 -1 -1 0 
206 1 278 111 127 368 -1 -1 -1 0 
207 1 276 114 125 365 -1 -1 -1 0 
208 1 274 116 126 363 -1 -1 -1 0 
209 1 271 118 126 361 -1 -1 -1 0 
210 1 269 119 126 360 -1 -1 -1 0 
211 1 267 120 125 359 -1 -1 -1 0 
212 1 266 121 124 358 -1 -1 -1 0 
213 1 267 122 123 357 -1 -1 -1 0 
214 1 266 123 123 356 -1 -1 -1 0 
215 1 267 124 123 355 -1 -1 -1 0 
216 1 270 124 122 355 -1 -1 -1 0 
217 1 272 124 121 355 -1 -1 -1 0 
218 1 276 124 120 355 -1 -1 -1 0 
219 1 277 124 120 355 -1 -1 -1 0 
220 1 280 125 118 354 -1 -1 -1 0 
221 1 281 125 118 354 -1 -1 -1 0 
222 1 281 126 118 353 -1 -1 -1 0 
223 1 282 126 117 353 -1 -1 -1 0 
224 1 282 127 117 352 -1 -1 -1 0 
225 1 280 128 117 351 -1 -1 -1 0 
226 1 278 130 116 349 -1 -1 -1 0 
227 1 277 131 115 347 -1 -1 -1 0 
228 1 278 134 109 344 -1 -1 -1 0 
229 1 279 135 103 344 -1 -1 -1 0 
230 1 281 135 94 344 -1 -1 -1 0 
231 1 282 135 88 344 -1 -1 -1 0 
232 1 281 135 81 344 -1 -1 -1 0 
233 1 281 135 78 344 -1 -1 -1 0 
234 1 281 136 78 343 -1 -1 -1 0 
235 1 278 136 83 339 -1 -1 -1 0 
236 1 275 137 87 337 -1 -1 -1 0 
237 1 272 136 92 340 -1 -1 -1 0 
238 1 270 136 95 341 -1 -1 -1 0 
239 1 267 135 100 344 -1 -1 -1 0 
240 1 262 141 107 338 -1 -1 -1 0 
241 1 260 142 108 337 -1 -1 -1 0 
242 1 260 143 108 336 -1 -1 -1 0 
243 1 262 134 107 345 -1 -1 -1 0 
244 1 263 133 108 346 -1 -1 -1 0 
245 1 265 133 110 346 -1 -1 -1 0 
246 1 265 133 112 346 -1 -1 -1 0 
247 1 270 132 111 347 -1 -1 -1 0 
248 1 272 131 111 348 -1 -1 -1 0 
249 1 275 130 111 349 -1 -1 -1 0 
250 1 274 134 116 345 -1 -1 -1 0 
251 1 276 128 116 351 -1 -1 -1 0 
252 1 277 127 117 352 -1 -1 -1 0 
253 1 272 133 119 346 -1 -1 -1 0 
254 1 272 133 118 346 -1 -1 -1 0 
255 1 272 132 115 347 -1 -1 -1 0 
256 1 271 131 116 348 -1 -1 -1 0 
257 1 268 125 120 354 -1 -1 -1 0 
258 1 268 128 118 351 -1 -1 -1 0 
259 1 266 127 120 352 -1 -1 -1 0 
260 1 266 126 120 353 -1 -1 -1 0 
261 1 267 125 122 354 -1 -1 -1 0 
262 1 268 125 123 354 -1 -1 -1 0 
263 1 271 125 124 354 -1 -1 -1 0 
264 1 272 125 124 354 -1 -1 -1 0 
265 1 271 124 130 355 -1 -1 -1 0 
266 1 271 123 132 356 -1 -1 -1 0 
267 1 269 122 134 357 -1 -1 -1 0 
268 1 269 121 135 358 -1 -1 -1 0 
269 1 269 120 136 358 -1 -1 -1 0 
270 1 270 120 133 358 -1 -1 -1 0 
271 1 270 119 130 359 -1 -1 -1 0 
272 1 269 118 128 360 -1 -1 -1 0 
273 1 267 117 130 362 -1 -1 -1 0 
274 1 266 116 131 363 -1 -1 -1 0 
275 1 265 114 132 365 -1 -1 -1 0 
276 1 264 113 137 366 -1 -1 -1 0 
277 1 263 112 142 367 -1 -1 -1 0 
278 1 263 112 141 367 -1 -1 -1 0 
279 1 265 110 139 369 -1 -1 -1 0 
280 1 267 109 138 370 -1 -1 -1 0 
281 1 268 108 139 371 -1 -1 -1 0 
282 1 270 107 139 372 -1 -1 -1 0 
283 1 272 106 138 373 -1 -1 -1 0 
284 1 272 105 138 374 -1 -1 -1 0 
285 1 272 103 137 376 -1 -1 -1 0 
286 1 272 105 137 374 -1 -1 -1 0 
287 1 271 105 137 374 -1 -1 -1 0 
288 1 269 104 136 375 -1 -1 -1 0 
289 1 267 104 136 375 -1 -1 -1 0 
290 1 264 104 139 375 -1 -1 -1 0 
291 1 262 103 141 376 -1 -1 -1 0 
292 1 260 103 141 376 -1 -1 -1 0 
293 1 258 102 142 377 -1 -1 -1 0 
294 1 256 101 143 378 -1 -1 -1 0 
295 1 255 101 143 378 -1 -1 -1 0 
296 1 255 98 145 381 -1 -1 -1 0 
297 1 255 97 147 382 -1 -1 -1 0 
298 1 258 98 146 381 -1 -1 -1 0 
299 1 260 98 146 381 -1 -1 -1 0 
300 1 265 97 145 382 -1 -1 -1 0 
301 1 269 95 143 384 -1 -1 -1 0 
302 1 270 90 145 389 -1 -1 -1 0 
303 1 271 85 146 394 -1 -1 -1 0 
304 1 271 83 148 396 -1 -1 -1 0 
305 1 269 81 153 398 -1 -1 -1 0 
306 1 268 85 154 391 -1 -1 -1 0 
307 1 266 85 152 388 -1 -1 -1 0 
308 1 263 84 152 389 -1 -1 -1 0 
309 1 261 84 150 390 -1 -1 -1 0 
310 1 258 83 149 394 -1 -1 -1 0 
311 1 257 82 148 396 -1 -1 -1 0 
312 1 255 80 149 399 -1 -1 -1 0 
313 1 253 79 150 400 -1 -1 -1 0 
314 1 253 79 154 399 -1 -1 -1 0 
315 1 252 76 157 403 -1 -1 -1 0 
316 1 254 78 158 397 -1 -1 -1 0 
317 1 255 77 159 397 -1 -1 -1 0 
318 1 260 77 160 394 -1 -1 -1 0 
319 1 264 75 161 395 -1 -1 -1 0 
320 1 268 74 161 398 -1 -1 -1 0 
321 1 272 70 160 403 -1 -1 -1 0 
322 1 273 68 162 405 -1 -1 -1 0 
323 1 272 66 165 407 -1 -1 -1 0 
324 1 274 65 165 408 -1 -1 -1 0 
325 1 274 65 165 408 -1 -1 -1 0 
326 1 274 62 165 412 -1 -1 -1 0 
327 1 272 63 165 408 -1 -1 -1 0 
328 1 271 63 165 407 -1 -1 -1 0 
329 1 268 63 167 407 -1 -1 -1 0 
330 1 266 62 168 407 -1 -1 -1 0 
331 1 265 61 169 407 -1 -1 -1 0 
332 1 264 61 170 405 -1 -1 -1 0 
333 1 256 59 176 407 -1 -1 -1 0 
334 1 255 57 176 409 -1 -1 -1 0 
335 1 253 56 178 410 -1 -1 -1 0 
336 1 255 52 178 417 -1 -1 -1 0 
337 1 253 51 182 415 -1 -1 -1 0 
338 1 258 48 180 417 -1 -1 -1 0 
339 1 260 48 181 416 -1 -1 -1 0 
340 1 266 49 178 419 -1 -1 -1 0 
341 1 269 48 180 422 -1 -1 -1 0 
342 1 272 47 182 424 -1 -1 -1 0 
343 1 273 42 184 430 -1 -1 -1 0 
344 1 274 40 185 432 -1 -1 -1 0 
345 1 273 38 187 432 -1 -1 -1 0 
346 1 270 36 189 434 -1 -1 -1 0 
347 1 268 33 190 436 -1 -1 -1 0 
348 1 264 30 192 438 -1 -1 -1 0 
349 1 257 27 193 440 -1 -1 -1 0 
350 1 255 26 191 441 -1 -1 -1 0 
351 1 252 20 191 450 -1 -1 -1 0 
352 1 250 17 193 454 -1 -1 -1 0 
353 1 246 16 196 456 -1 -1 -1 0 
354 1 244 15 197 457 -1 -1 -1 0 
355 1 242 12 202 462 -1 -1 -1 0 
356 1 243 11 202 464 -1 -1 -1 0 
357 1 245 12 204 460 -1 -1 -1 0 
358 1 245 10 208 462 -1 -1 -1 0 
359 1 248 8 211 467 -1 -1 -1 0 
360 1 252 5 209 474 -1 -1 -1 0 
361 1 252 3 210 476 -1 -1 -1 0 
362 1 253 0 214 479 -1 -1 -1 0 
363 1 256 0 214 479 -1 -1 -1 0 
364 1 259 0 213 479 -1 -1 -1 0 
365 1 261 0 212 479 -1 -1 -1 0 
366 1 262 0 212 479 -1 -1 -1 0 
367 1 260 0 213 479 -1 -1 -1 0 
368 1 259 0 214 479 -1 -1 -1 0 
369 1 258 0 213 479 -1 -1 -1 0 
370 1 253 0 211 479 -1 -1 -1 0 
371 1 251 1 211 478 -1 -1 -1 0 
372 1 250 6 206 471 -1 -1 -1 0 
373 1 248 6 205 468 -1 -1 -1 0 
374 1 247 10 201 463 -1 -1 -1 0 
375 1 246 12 199 462 -1 -1 -1 0 
376 1 244 14 198 460 -1 -1 -1 0 
377 1 241 17 199 454 -1 -1 -1 0 
378 1 240 19 200 451 -1 -1 -1 0 
379 1 241 19 199 452 -1 -1 -1 0 
380 1 243 17 197 457 -1 -1 -1 0 
381 1 245 17 195 458 -1 -1 -1 0 
382 1 247 20 194 452 -1 -1 -1 0 
383 1 249 21 191 450 -1 -1 -1 0 
384 1 251 24 192 445 -1 -1 -1 0 
385 1 253 27 191 440 -1 -1 -1 0 
386 1 260 32 190 434 -1 -1 -1 0 
387 1 265 36 186 431 -1 -1 -1 0 
388 1 271 41 186 427 -1 -1 -1 0 
389 1 273 43 185 426 -1 -1 -1 0 
390 1 275 46 184 423 -1 -1 -1 0 
391 1 276 48 184 420 -1 -1 -1 0 
392 1 276 49 182 421 -1 -1 -1 0 
393 1 276 51 181 420 -1 -1 -1 0 
394 1 275 51 181 422 -1 -1 -1 0 
395 1 274 52 181 423 -1 -1 -1 0 
396 1 274 53 179 423 -1 -1 -1 0 
397 1 273 54 179 421 -1 -1 -1 0 
398 1 273 55 173 421 -1 -1 -1 0 
399 1 271 58 172 418 -1 -1 -1 0 
400 1 266 58 172 418 -1 -1 -1 0 
401 1 263 60 173 415 -1 -1 -1 0 
402 1 256 63 176 410 -1 -1 -1 0 
403 1 253 65 172 408 -1 -1 -1 0 
404 1 250 67 166 406 -1 -1 -1 0 
405 1 249 66 166 405 -1 -1 -1 0 
406 1 248 66 165 407 -1 -1 -1 0 
407 1 248 67 165 407 -1 -1 -1 0 
408 1 248 67 166 409 -1 -1 -1 0 
409 1 248 68 167 409 -1 -1 -1 0 
410 1 248 70 168 408 -1 -1 -1 0 
411 1 249 72 168 406 -1 -1 -1 0 
412 1 250 72 167 404 -1 -1 -1 0 
413 1 251 73 169 402 -1 -1 -1 0 
414 1 253 73 169 401 -1 -1 -1 0 
415 1 258 74 168 399 -1 -1 -1 0 
416 1 261 74 168 398 -1 -1 -1 0 
417 1 268 77 163 395 -1 -1 -1 0 
418 1 271 78 162 394 -1 -1 -1 0 
419 1 275 78 161 394 -1 -1 -1 0 
420 1 278 79 161 394 -1 -1 -1 0 
421 1 280 79 164 394 -1 -1 -1 0 
422 1 282 80 163 393 -1 -1 -1 0 
423 1 285 81 161 393 -1 -1 -1 0 
424 1 286 81 163 393 -1 -1 -1 0 
425 1 288 81 164 393 -1 -1 -1 0 
426 1 289 81 162 392 -1 -1 -1 0 
427 1 289 82 163 390 -1 -1 -1 0 
428 1 289 81 163 392 -1 -1 -1 0 
429 1 289 81 163 392 -1 -1 -1 0 
430 1 289 81 163 391 -1 -1 -1 0 
431 1 289 80 163 392 -1 -1 -1 0 
432 1 287 79 163 394 -1 -1 -1 0 
433 1 285 78 163 395 -1 -1 -1 0 
434 1 280 74 167 399 -1 -1 -1 0 
435 1 277 74 167 397 -1 -1 -1 0 
436 1 273 73 168 397 -1 -1 -1 0 
437 1 270 73 169 397 -1 -1 -1 0 
438 1 264 71 172 398 -1 -1 -1 0 
439 1 256 68 179 400 -1 -1 -1 0 
440 1 253 65 181 404 -1 -1 -1 0 
441 1 249 64 186 405 -1 -1 -1 0 
442 1 247 61 189 412 -1 -1 -1 0 
443 1 247 61 190 410 -1 -1 -1 0 
444 1 250 60 191 410 -1 -1 -1 0 
445 1 250 59 194 412 -1 -1 -1 0 
446 1 252 55 202 416 -1 -1 -1 0 
447 1 254 54 205 417 -1 -1 -1 0 
448 1 265 48 202 424 -1 -1 -1 0 
449 1 270 43 200 429 -1 -1 -1 0 
450 1 275 27 207 445 -1 -1 -1 0 
451 1 278 18 209 455 -1 -1 -1 0 
452 1 284 10 218 469 -1 -1 -1 0 
453 1 286 6 223 473 -1 -1 -1 0 
454 1 287 0 230 479 -1 -1 -1 0 
455 1 287 0 235 479 -1 -1 -1 0 
456 1 288 0 239 479 -1 -1 -1 0 
457 1 286 0 244 479 -1 -1 -1 0 
458 1 281 0 254 477 -1 -1 -1 0 
459 1 279 0 258 476 -1 -1 -1 0 
460 1 274 0 263 479 -1 -1 -1 0 
461 1 273 0 266 479 -1 -1 -1 0 
462 1 268 0 279 479 -1 -1 -1 0 
463 1 268 0 283 479 -1 -1 -1 0 
464 1 266 0 299 479 -1 -1 -1 0 
465 1 266 0 307 479 -1 -1 -1 0 
466 1 268 0 311 479 -1 -1 -1 0 
467 1 274 0 319 476 -1 -1 -1 0 
468 1 281 0 332 476 -1 -1 -1 0 
469 1 286 0 339 477 -1 -1 -1 0 
470 1 292 0 344 472 -1 -1 -1 0 
471 1 310 0 329 473 -1 -1 -1 0 
472 1 317 1 322 471 -1 -1 -1 0 
473 1 323 0 309 475 -1 -1 -1 0 
474 1 323 0 308 471 -1 -1 -1 0 
475 1 324 0 311 473 -1 -1 -1 0 
476 1 323 1 313 470 -1 -1 -1 0 
477 1 324 0 305 473 -1 -1 -1 0 
478 1 320 1 312 469 -1 -1 -1 0 
479 1 319 0 314 470 -1 -1 -1 0 
480 1 313 0 322 468 -1 -1 -1 0 
481 1 307 1 330 466 -1 -1 -1 0 
482 1 303 0 331 468 -1 -1 -1 0 
483 1 295 2 342 464 -1 -1 -1 0 
484 1 283 1 350 465 -1 -1 -1 0 
485 1 277 4 356 460 -1 -1 -1 0 
486 1 273 1 359 466 -1 -1 -1 0 
487 1 256 5 380 459 -1 -1 -1 0 
488 1 248 5 387 461 -1 -1 -1 0 
489 1 237 3 401 464 -1 -1 -1 0 
490 1 199 7 440 464 -1 -1 -1 0 
491 1 192 7 447 465 -1 -1 -1 0 
492 1 181 2 458 472 -1 -1 -1 0 
493 1 180 9 457 465 -1 -1 -1 0 
494 1 171 2 468 472 -1 -1 -1 0 
495 1 174 3 465 471 -1 -1 -1 0 
496 1 175 8 464 466 -1 -1 -1 0 
497 1 174 10 465 463 -1 -1 -1 0 
498 1 174 10 465 455 -1 -1 -1 0 
499 1 174 7 462 463 -1 -1 -1 0 
500 1 156 0 483 474 -1 -1 -1 0 
501 1 151 0 488 473 -1 -1 -1 0 
502 1 147 2 491 469 -1 -1 -1 0 
503 1 110 1 528 472 -1 -1 -1 0 
504 1 50 4 589 462 -1 -1 -1 0 
505 1 58 1 567 463 -1 -1 -1 0 
506 1 204 0 386 466 -1 -1 -1 0 
507 1 198 0 402 466 -1 -1 -1 0 
509 1 155 0 429 453 -1 -1 -1 0 
510 1 154 0 423 465 -1 -1 -1 0 
511 1 96 0 480 465 -1 -1 -1 0 
512 1 127 5 450 462 -1 -1 -1 0 
513 1 79 2 492 465 -1 -1 -1 0 
514 1 67 2 500 464 -1 -1 -1 0 
515 1 55 1 515 462 -1 -1 -1 0 
516 1 51 0 511 464 -1 -1 -1 0 
517 1 23 1 539 464 -1 -1 -1 0 
518 1 47 1 510 460 -1 -1 -1 0 
519 1 48 4 513 455 -1 -1 -1 0 
520 1 46 4 516 454 -1 -1 -1 0 
521 1 50 5 511 452 -1 -1 -1 0 
522 1 53 4 509 453 -1 -1 -1 0 
523 1 58 3 498 456 -1 -1 -1 0 
524 1 46 3 498 460 -1 -1 -1 0 
525 1 50 2 492 464 -1 -1 -1 0 
526 1 29 2 499 465 -1 -1 -1 0 
527 1 31 5 493 462 -1 -1 -1 0 
528 1 15 2 477 463 -1 -1 -1 0 
529 1 15 0 477 466 -1 -1 -1 0 
530 1 12 0 479 467 -1 -1 -1 0 
531 1 16 1 497 469 -1 -1 -1 0 
532 1 16 0 507 471 -1 -1 -1 0 
533 1 10 3 529 475 -1 -1 -1 0 
534 1 14 2 545 476 -1 -1 -1 0 
535 1 6 3 548 476 -1 -1 -1 0 
545 1 45 242 496 237 -1 -1 -1 0 
547 2 5 9 634 452 -1 -1 -1 0 
548 2 10 7 628 460 -1 -1 -1 0 
549 2 11 7 628 457 -1 -1 -1 0 
563 2 0 0 396 -123 -1 -1 -1 0 
565 3 0 0 623 465 -1 -1 -1 0 
566 3 1 0 577 467 -1 -1 -1 0 
567 3 0 0 559 467 -1 -1 -1 0 
568 3 0 0 569 465 -1 -1 -1 0 
569 3 3 0 565 471 -1 -1 -1 0 
570 3 3 0 574 473 -1 -1 -1 0 
571 3 5 13 572 457 -1 -1 -1 0 
572 3 0 2 603 473 -1 -1 -1 0 
573 3 3 1 583 477 -1 -1 -1 0 
574 3 0 15 573 461 -1 -1 -1 0 
575 3 5 19 560 455 -1 -1 -1 0 
576 3 2 15 574 463 -1 -1 -1 0 
577 3 0 0 612 479 -1 -1 -1 0 
578 3 2 8 606 468 -1 -1 -1 0 
579 3 3 12 610 465 -1 -1 -1 0 
580 3 0 14 611 462 -1 -1 -1 0 
581 3 5 1 618 478 -1 -1 -1 0 
582 3 1 13 622 462 -1 -1 -1 0 
583 3 3 0 623 479 -1 -1 -1 0 
584 3 27 4 592 474 -1 -1 -1 0 
585 3 28 5 607 474 -1 -1 -1 0 
586 3 21 3 605 476 -1 -1 -1 0 
587 3 21 1 597 478 -1 -1 -1 0 
588 3 6 7 623 471 -1 -1 -1 0 
589 3 17 0 605 479 -1 -1 -1 0 
590 3 13 0 610 479 -1 -1 -1 0 
591 3 14 0 608 479 -1 -1 -1 0 
592 3 15 0 609 479 -1 -1 -1 0 
593 3 10 0 614 478 -1 -1 -1 0 
594 3 9 0 609 478 -1 -1 -1 0 
595 3 9 0 609 479 -1 -1 -1 0 
596 3 13 0 602 479 -1 -1 -1 0 
597 3 8 0 616 473 -1 -1 -1 0 
598 3 16 0 603 475 -1 -1 -1 0 
599 3 14 0 599 473 -1 -1 -1 0 
600 3 14 3 604 469 -1 -1 -1 0 
601 3 13 5 594 469 -1 -1 -1 0 
602 3 17 2 596 473 -1 -1 -1 0 
603 3 16 9 598 463 -1 -1 -1 0 
604 3 20 10 598 462 -1 -1 -1 0 
605 3 26 11 596 462 -1 -1 -1 0 
606 3 33 15 589 449 -1 -1 -1 0 
607 3 33 15 598 450 -1 -1 -1 0 
608 3 71 15 549 454 -1 -1 -1 0 
609 3 23 10 616 462 -1 -1 -1 0 
610 3 84 1 552 472 -1 -1 -1 0 
611 3 96 9 543 459 -1 -1 -1 0 
612 3 91 6 548 454 -1 -1 -1 0 
613 3 105 8 529 453 -1 -1 -1 0 
614 3 136 12 495 452 -1 -1 -1 0 
615 3 151 8 476 458 -1 -1 -1 0 
616 3 140 2 477 464 -1 -1 -1 0 
617 3 141 4 472 461 -1 -1 -1 0 
618 3 182 3 436 460 -1 -1 -1 0 
619 3 134 0 484 466 -1 -1 -1 0 
620 3 196 0 418 463 -1 -1 -1 0 
621 3 208 0 387 464 -1 -1 -1 0 
622 3 190 0 421 466 -1 -1 -1 0 
623 3 197 0 426 467 -1 -1 -1 0 
624 3 185 4 450 461 -1 -1 -1 0 
625 3 200 4 435 462 -1 -1 -1 0 
626 3 230 10 409 457 -1 -1 -1 0 
627 3 236 12 398 456 -1 -1 -1 0 
628 3 254 12 385 458 -1 -1 -1 0 
629 3 259 10 380 462 -1 -1 -1 0 
630 3 269 11 370 458 -1 -1 -1 0 
631 3 274 10 363 458 -1 -1 -1 0 
632 3 277 10 357 459 -1 -1 -1 0 
633 3 278 8 351 462 -1 -1 -1 0 
634 3 279 8 338 467 -1 -1 -1 0 
635 3 283 6 323 470 -1 -1 -1 0 
636 3 283 5 315 471 -1 -1 -1 0 
637 3 280 2 307 472 -1 -1 -1 0 
638 3 281 1 300 472 -1 -1 -1 0 
639 3 282 3 293 467 -1 -1 -1 0 
640 3 281 3 293 467 -1 -1 -1 0 
641 3 286 1 283 472 -1 -1 -1 0 
642 3 287 0 282 475 -1 -1 -1 0 
643 3 289 0 282 479 -1 -1 -1 0 
644 3 291 0 281 479 -1 -1 -1 0 
645 3 297 0 276 479 -1 -1 -1 0 
646 3 300 0 275 479 -1 -1 -1 0 
647 3 307 0 269 479 -1 -1 -1 0 
648 3 312 0 261 479 -1 -1 -1 0 
649 3 313 0 257 479 -1 -1 -1 0 
650 3 311 0 255 479 -1 -1 -1 0 
651 3 309 0 252 479 -1 -1 -1 0 
652 3 309 1 245 478 -1 -1 -1 0 
653 3 311 0 239 479 -1 -1 -1 0 
654 3 306 0 233 479 -1 -1 -1 0 
655 3 299 1 235 478 -1 -1 -1 0 
656 3 294 1 231 478 -1 -1 -1 0 
657 3 285 0 230 479 -1 -1 -1 0 
658 3 273 0 235 479 -1 -1 -1 0 
659 3 269 0 236 478 -1 -1 -1 0 
660 3 266 0 233 478 -1 -1 -1 0 
661 3 264 0 229 477 -1 -1 -1 0 
662 3 264 0 228 478 -1 -1 -1 0 
663 3 265 0 227 479 -1 -1 -1 0 
664 3 266 0 225 479 -1 -1 -1 0 
665 3 272 0 216 479 -1 -1 -1 0 
666 3 276 0 210 479 -1 -1 -1 0 
667 3 286 0 199 479 -1 -1 -1 0 
668 3 287 0 198 479 -1 -1 -1 0 
669 3 289 0 195 479 -1 -1 -1 0 
670 3 289 0 195 479 -1 -1 -1 0 
671 3 292 0 190 479 -1 -1 -1 0 
672 3 293 0 188 479 -1 -1 -1 0 
673 3 291 0 187 479 -1 -1 -1 0 
674 3 289 3 189 476 -1 -1 -1 0 
675 3 288 11 187 468 -1 -1 -1 0 
676 3 290 10 180 469 -1 -1 -1 0 
677 3 289 13 175 466 -1 -1 -1 0 
678 3 285 15 175 464 -1 -1 -1 0 
679 3 273 20 182 459 -1 -1 -1 0 
680 3 270 21 182 456 -1 -1 -1 0 
681 3 267 21 177 458 -1 -1 -1 0 
682 3 265 23 175 456 -1 -1 -1 0 
683 3 263 23 176 456 -1 -1 -1 0 
684 3 261 25 175 452 -1 -1 -1 0 
685 3 263 28 171 441 -1 -1 -1 0 
686 3 265 28 168 441 -1 -1 -1 0 
687 3 267 28 166 438 -1 -1 -1 0 
688 3 268 27 165 439 -1 -1 -1 0 
689 3 271 29 162 435 -1 -1 -1 0 
690 3 279 33 158 432 -1 -1 -1 0 
691 3 285 32 156 434 -1 -1 -1 0 
692 3 287 32 157 434 -1 -1 -1 0 
693 3 289 32 159 434 -1 -1 -1 0 
694 3 290 33 160 433 -1 -1 -1 0 
695 3 291 38 161 426 -1 -1 -1 0 
696 3 291 39 161 425 -1 -1 -1 0 
697 3 291 39 162 427 -1 -1 -1 0 
698 3 291 40 161 427 -1 -1 -1 0 
699 3 291 39 159 427 -1 -1 -1 0 
700 3 291 38 157 429 -1 -1 -1 0 
701 3 291 35 151 433 -1 -1 -1 0 
702 3 290 34 148 435 -1 -1 -1 0 
703 3 290 31 145 438 -1 -1 -1 0 
704 3 286 33 146 437 -1 -1 -1 0 
705 3 285 34 146 436 -1 -1 -1 0 
706 3 284 35 146 435 -1 -1 -1 0 
707 3 282 36 148 434 -1 -1 -1 0 
708 3 281 36 148 435 -1 -1 -1 0 
709 3 280 36 149 435 -1 -1 -1 0 
710 3 280 36 148 434 -1 -1 -1 0 
711 3 280 36 148 433 -1 -1 -1 0 
712 3 280 37 148 432 -1 -1 -1 0 
713 3 278 38 150 429 -1 -1 -1 0 
714 3 278 37 149 431 -1 -1 -1 0 
715 3 277 37 150 431 -1 -1 -1 0 
716 3 277 37 150 431 -1 -1 -1 0 
717 3 277 38 150 430 -1 -1 -1 0 
718 3 278 38 149 430 -1 -1 -1 0 
719 3 278 38 149 430 -1 -1 -1 0 
720 3 278 38 149 430 -1 -1 -1 0 
721 3 279 37 148 431 -1 -1 -1 0 
722 3 279 37 148 431 -1 -1 -1 0 
723 3 279 36 148 432 -1 -1 -1 0 
724 3 280 35 148 434 -1 -1 -1 0 
725 3 280 35 149 434 -1 -1 -1 0 
726 3 281 34 148 435 -1 -1 -1 0 
727 3 283 32 147 439 -1 -1 -1 0 
728 3 283 32 149 439 -1 -1 -1 0 
729 3 287 37 148 432 -1 -1 -1 0 
730 3 287 40 150 429 -1 -1 -1 0 
731 3 288 43 151 426 -1 -1 -1 0 
732 3 290 45 148 425 -1 -1 -1 0 
733 3 290 47 147 422 -1 -1 -1 0 
734 3 290 48 146 422 -1 -1 -1 0 
735 3 290 51 143 419 -1 -1 -1 0 
736 3 290 53 139 417 -1 -1 -1 0 
737 3 289 57 138 411 -1 -1 -1 0 
738 3 288 65 135 404 -1 -1 -1 0 
739 3 286 69 135 399 -1 -1 -1 0 
740 3 283 67 133 395 -1 -1 -1 0 
741 3 282 66 132 396 -1 -1 -1 0 
742 3 281 67 133 394 -1 -1 -1 0 
743 3 281 67 133 394 -1 -1 -1 0 
744 3 284 69 132 390 -1 -1 -1 0 
745 3 288 73 130 384 -1 -1 -1 0 
746 3 290 77 129 379 -1 -1 -1 0 
747 3 293 78 128 376 -1 -1 -1 0 
748 3 294 80 129 372 -1 -1 -1 0 
749 3 297 82 129 369 -1 -1 -1 0 
750 3 300 82 126 368 -1 -1 -1 0 
751 3 302 83 124 362 -1 -1 -1 0 
752 3 302 84 124 359 -1 -1 -1 0 
753 3 302 83 123 360 -1 -1 -1 0 
754 3 301 83 124 361 -1 -1 -1 0 
755 3 299 84 127 361 -1 -1 -1 0 
756 3 296 82 129 363 -1 -1 -1 0 
757 3 294 81 130 364 -1 -1 -1 0 
758 3 291 86 132 358 -1 -1 -1 0 
759 3 285 86 131 358 -1 -1 -1 0 
760 3 279 88 134 356 -1 -1 -1 0 
761 3 275 86 134 361 -1 -1 -1 0 
762 3 274 85 131 363 -1 -1 -1 0 
763 3 271 83 133 368 -1 -1 -1 0 
764 3 267 83 136 368 -1 -1 -1 0 
765 3 266 84 135 363 -1 -1 -1 0 
766 3 266 83 137 364 -1 -1 -1 0 
767 3 267 81 139 368 -1 -1 -1 0 
768 3 267 81 141 370 -1 -1 -1 0 
769 3 267 79 143 372 -1 -1 -1 0 
770 3 267 78 145 373 -1 -1 -1 0 
771 3 268 77 145 378 -1 -1 -1 0 
772 3 269 76 148 379 -1 -1 -1 0 
773 3 271 77 148 375 -1 -1 -1 0 
774 3 273 75 149 377 -1 -1 -1 0 
775 3 277 73 144 381 -1 -1 -1 0 
776 3 282 66 142 394 -1 -1 -1 0 
777 3 284 63 142 397 -1 -1 -1 0 
778 3 283 59 147 394 -1 -1 -1 0 
779 3 279 56 151 405 -1 -1 -1 0 
780 3 275 54 155 411 -1 -1 -1 0 
781 3 272 54 157 413 -1 -1 -1 0 
782 3 268 55 158 415 -1 -1 -1 0 
783 3 266 54 158 416 -1 -1 -1 0 
784 3 264 52 156 419 -1 -1 -1 0 
785 3 261 49 157 422 -1 -1 -1 0 
786 3 250 38 160 435 -1 -1 -1 0 
787 3 245 35 163 438 -1 -1 -1 0 
788 3 238 28 166 445 -1 -1 -1 0 
789 3 236 23 169 451 -1 -1 -1 0 
790 3 236 17 169 458 -1 -1 -1 0 
791 3 234 12 170 466 -1 -1 -1 0 
792 3 228 11 178 466 -1 -1 -1 0 
793 3 225 8 183 469 -1 -1 -1 0 
794 3 221 5 191 473 -1 -1 -1 0 
795 3 221 3 194 476 -1 -1 -1 0 
796 3 218 0 199 479 -1 -1 -1 0 
797 3 217 0 203 479 -1 -1 -1 0 
798 3 220 0 199 479 -1 -1 -1 0 
799 3 224 0 198 479 -1 -1 -1 0 
800 3 228 0 200 479 -1 -1 -1 0 
801 3 225 0 206 479 -1 -1 -1 0 
802 3 217 0 223 479 -1 -1 -1 0 
803 3 210 0 230 479 -1 -1 -1 0 
804 3 202 0 239 479 -1 -1 -1 0 
805 3 199 0 243 476 -1 -1 -1 0 
806 3 192 0 251 479 -1 -1 -1 0 
807 3 185 0 253 479 -1 -1 -1 0 
808 3 181 0 257 479 -1 -1 -1 0 
809 3 175 0 262 478 -1 -1 -1 0 
810 3 167 0 267 478 -1 -1 -1 0 
811 3 162 0 275 475 -1 -1 -1 0 
812 3 164 0 277 474 -1 -1 -1 0 
813 3 158 0 303 472 -1 -1 -1 0 
814 3 159 0 312 469 -1 -1 -1 0 
815 3 161 3 328 466 -1 -1 -1 0 
816 3 170 8 319 462 -1 -1 -1 0 
817 3 167 3 345 472 -1 -1 -1 0 
818 3 177 11 341 459 -1 -1 -1 0 
819 3 184 10 355 465 -1 -1 -1 0 
820 3 189 15 353 460 -1 -1 -1 0 
821 3 191 10 371 464 -1 -1 -1 0 
822 3 196 7 388 465 -1 -1 -1 0 
823 3 191 6 382 465 -1 -1 -1 0 
824 3 190 5 415 463 -1 -1 -1 0 
825 3 193 6 424 464 -1 -1 -1 0 
826 3 188 4 444 465 -1 -1 -1 0 
827 3 180 0 445 471 -1 -1 -1 0 
828 3 173 0 443 469 -1 -1 -1 0 
829 3 169 7 423 455 -1 -1 -1 0 
830 3 136 1 469 460 -1 -1 -1 0 
831 3 196 1 431 460 -1 -1 -1 0 
832 3 207 2 430 467 -1 -1 -1 0 
833 3 208 0 429 471 -1 -1 -1 0 
834 3 211 1 427 466 -1 -1 -1 0 
835 3 220 4 418 469 -1 -1 -1 0 
836 3 223 7 416 468 -1 -1 -1 0 
837 3 240 4 399 472 -1 -1 -1 0 
839 3 254 0 384 473 -1 -1 -1 0 
840 3 251 4 380 474 -1 -1 -1 0 
841 3 250 4 381 473 -1 -1 -1 0 
842 3 264 12 369 461 -1 -1 -1 0 
843 3 278 14 355 460 -1 -1 -1 0 
847 3 338 13 301 466 -1 -1 -1 0 
849 3 359 4 280 475 -1 -1 -1 0 
850 3 358 1 281 478 -1 -1 -1 0 
851 3 363 1 276 478 -1 -1 -1 0 
852 3 363 1 275 478 -1 -1 -1 0 
868 3 407 15 232 464 -1 -1 -1 0 
869 3 422 15 217 459 -1 -1 -1 0 
871 3 456 16 183 461 -1 -1 -1 0 
873 3 487 10 151 469 -1 -1 -1 0 
874 3 514 10 125 461 -1 -1 -1 0 
875 3 519 5 119 461 -1 -1 -1 0 
876 3 535 8 104 456 -1 -1 -1 0 
877 3 550 20 89 443 -1 -1 -1 0 
921 3 752 40 -113 439 -1 -1 -1 0 
923 4 522 11 116 453 -1 -1 -1 0 
924 4 506 9 133 458 -1 -1 -1 0 
925 4 492 6 146 469 -1 -1 -1 0 
926 4 486 6 152 473 -1 -1 -1 0 
927 4 483 4 155 475 -1 -1 -1 0 
928 4 476 5 161 473 -1 -1 -1 0 
929 4 467 6 172 468 -1 -1 -1 0 
930 4 466 7 172 466 -1 -1 -1 0 
931 4 455 2 183 469 -1 -1 -1 0 
932 4 417 1 220 466 -1 -1 -1 0 
933 4 385 6 254 460 -1 -1 -1 0 
934 4 332 5 307 469 -1 -1 -1 0 
935 4 288 4 349 466 -1 -1 -1 0 
936 4 275 5 364 463 -1 -1 -1 0 
937 4 250 5 388 466 -1 -1 -1 0 
938 4 245 4 392 464 -1 -1 -1 0 
939 4 231 5 406 465 -1 -1 -1 0 
940 4 218 5 421 460 -1 -1 -1 0 
941 4 219 3 418 466 -1 -1 -1 0 
942 4 233 5 405 464 -1 -1 -1 0 
943 4 235 0 403 477 -1 -1 -1 0 
944 4 235 9 402 464 -1 -1 -1 0 
945 4 245 7 392 468 -1 -1 -1 0 
946 4 237 9 398 465 -1 -1 -1 0 
947 4 234 10 402 464 -1 -1 -1 0 
948 4 235 12 401 464 -1 -1 -1 0 
949 4 241 7 395 468 -1 -1 -1 0 
950 4 242 7 394 460 -1 -1 -1 0 
951 4 249 8 385 466 -1 -1 -1 0 
952 4 269 0 366 475 -1 -1 -1 0 
953 4 268 3 371 468 -1 -1 -1 0 
954 4 277 2 359 466 -1 -1 -1 0 
955 4 279 0 354 473 -1 -1 -1 0 
956 4 256 6 383 461 -1 -1 -1 0 
957 4 255 3 384 469 -1 -1 -1 0 
958 4 266 1 373 472 -1 -1 -1 0 
959 4 248 5 387 465 -1 -1 -1 0 
960 4 233 9 401 458 -1 -1 -1 0 
961 4 210 4 421 475 -1 -1 -1 0 
962 4 199 6 430 472 -1 -1 -1 0 
963 4 174 6 456 468 -1 -1 -1 0 
964 4 163 7 470 463 -1 -1 -1 0 
965 4 110 0 521 473 -1 -1 -1 0 
966 4 101 0 528 477 -1 -1 -1 0 
967 4 50 0 587 467 -1 -1 -1 0 
968 4 20 0 614 470 -1 -1 -1 0 
969 4 23 1 613 463 -1 -1 -1 0 
970 4 0 9 638 453 -1 -1 -1 0 
971 4 0 7 636 457 -1 -1 -1 0 
972 4 15 11 615 449 -1 -1 -1 0 
973 4 24 7 610 455 -1 -1 -1 0 
974 4 56 0 572 464 -1 -1 -1 0 
975 4 47 0 589 463 -1 -1 -1 0 
978 4 35 1 597 461 -1 -1 -1 0 
979 4 35 0 600 467 -1 -1 -1 0 
980 4 33 0 605 469 -1 -1 -1 0 
981 4 29 0 610 473 -1 -1 -1 0 
982 4 24 0 615 479 -1 -1 -1 0 
983 4 17 0 620 479 -1 -1 -1 0 
984 4 9 3 629 476 -1 -1 -1 0 
985 4 14 5 622 474 -1 -1 -1 0 
986 4 12 6 625 468 -1 -1 -1 0 
987 4 6 6 633 469 -1 -1 -1 0 
988 4 12 6 627 471 -1 -1 -1 0 
989 4 7 6 632 468 -1 -1 -1 0 
990 4 10 0 628 474 -1 -1 -1 0 
991 4 19 1 619 470 -1 -1 -1 0 
992 4 8 1 631 473 -1 -1 -1 0 
993 4 0 4 639 475 -1 -1 -1 0 
994 4 3 11 636 468 -1 -1 -1 0 
995 4 1 10 638 469 -1 -1 -1 0 
996 4 0 1 628 478 -1 -1 -1 0 
997 4 15 2 624 477 -1 -1 -1 0 
998 4 32 9 605 470 -1 -1 -1 0 
999 4 21 15 602 447 -1 -1 -1 0 
1000 4 30 14 595 451 -1 -1 -1 0 
1001 4 264 0 338 467 -1 -1 -1 0 
1002 4 289 0 337 465 -1 -1 -1 0 
1003 4 303 0 328 465 -1 -1 -1 0 
1004 4 318 0 321 459 -1 -1 -1 0 
1005 4 229 20 396 436 -1 -1 -1 0 
1006 4 228 29 394 425 -1 -1 -1 0 
1008 4 73 84 566 380 -1 -1 -1 0 
1009 4 68 97 570 374 -1 -1 -1 0 
1010 4 73 104 563 370 -1 -1 -1 0 
1011 4 74 105 562 371 -1 -1 -1 0 
1012 4 217 43 393 422 -1 -1 -1 0 
1013 4 223 33 399 429 -1 -1 -1 0 
1014 4 42 102 597 363 -1 -1 -1 0 
1015 4 39 118 597 354 -1 -1 -1 0 
1016 4 79 65 551 406 -1 -1 -1 0 
1017 4 78 57 559 413 -1 -1 -1 0 
1018 4 75 51 562 419 -1 -1 -1 0 
1019 4 79 46 555 425 -1 -1 -1 0 
1020 4 79 44 557 426 -1 -1 -1 0 
1021 4 79 38 552 435 -1 -1 -1 0 
1022 4 77 36 557 438 -1 -1 -1 0 
1023 4 95 29 536 446 -1 -1 -1 0 
1024 4 108 21 525 455 -1 -1 -1 0 
1025 4 108 20 528 457 -1 -1 -1 0 
1026 4 109 20 527 457 -1 -1 -1 0 
1027 4 94 16 539 462 -1 -1 -1 0 
1028 4 95 15 541 464 -1 -1 -1 0 
1029 4 95 15 541 464 -1 -1 -1 0 
1033 4 0 0 624 469 -1 -1 -1 0 
1034 4 3 3 636 465 -1 -1 -1 0 
1035 4 8 8 631 462 -1 -1 -1 0 
1036 4 0 0 610 469 -1 -1 -1 0 
1037 4 2 6 609 469 -1 -1 -1 0 
1038 4 3 8 608 469 -1 -1 -1 0 
1039 4 23 3 575 471 -1 -1 -1 0 
1040 4 24 3 575 471 -1 -1 -1 0 
1041 4 24 2 576 472 -1 -1 -1 0 
1042 4 22 2 585 468 -1 -1 -1 0 
1043 4 22 2 585 468 -1 -1 -1 0 
1044 4 22 3 583 470 -1 -1 -1 0 
1045 4 21 3 585 470 -1 -1 -1 0 
1046 4 21 3 585 470 -1 -1 -1 0 
1047 4 24 3 578 469 -1 -1 -1 0 
1048 4 24 3 578 469 -1 -1 -1 0 
1049 4 24 3 578 469 -1 -1 -1 0 
1050 4 24 4 580 470 -1 -1 -1 0 
1051 4 24 4 580 470 -1 -1 -1 0 
1052 4 22 4 584 471 -1 -1 -1 0 
1053 4 24 3 578 470 -1 -1 -1 0 
1054 4 24 3 578 470 -1 -1 -1 0 
1055 4 20 3 585 471 -1 -1 -1 0 
1056 4 22 2 581 471 -1 -1 -1 0 
1057 4 22 2 581 471 -1 -1 -1 0 
1058 4 23 3 580 469 -1 -1 -1 0 
1059 4 24 3 579 470 -1 -1 -1 0 
1060 4 24 4 579 469 -1 -1 -1 0 
1061 4 23 2 578 470 -1 -1 -1 0 
1062 4 23 2 578 470 -1 -1 -1 0 
1063 4 20 2 583 470 -1 -1 -1 0 
1064 4 21 2 582 471 -1 -1 -1 0 
1065 4 22 3 579 470 -1 -1 -1 0 
1066 4 24 2 576 471 -1 -1 -1 0 
1067 4 25 0 575 474 -1 -1 -1 0 
1068 4 21 2 582 470 -1 -1 -1 0 
1069 4 21 3 582 469 -1 -1 -1 0 
1070 4 21 3 582 468 -1 -1 -1 0 
1071 4 21 2 582 470 -1 -1 -1 0 
1072 4 22 3 580 470 -1 -1 -1 0 
1073 4 22 3 582 468 -1 -1 -1 0 
1074 4 24 2 578 469 -1 -1 -1 0 
1075 4 21 2 583 468 -1 -1 -1 0 
1076 4 22 2 581 468 -1 -1 -1 0 
1077 4 21 3 582 467 -1 -1 -1 0 
1078 4 21 3 583 466 -1 -1 -1 0 
1079 4 20 2 583 468 -1 -1 -1 0 
1080 4 22 0 581 471 -1 -1 -1 0 
1081 4 21 2 582 468 -1 -1 -1 0 
1082 4 20 2 583 469 -1 -1 -1 0 
1083 4 19 3 586 467 -1 -1 -1 0 
1084 4 18 2 586 467 -1 -1 -1 0 
1085 4 20 3 582 467 -1 -1 -1 0 
1086 4 20 3 584 467 -1 -1 -1 0 
1087 4 20 1 583 470 -1 -1 -1 0 
1088 4 18 3 585 466 -1 -1 -1 0 
1089 4 19 1 582 471 -1 -1 -1 0 
1090 4 17 0 586 473 -1 -1 -1 0 
1091 4 17 3 587 466 -1 -1 -1 0 
1092 4 17 3 586 468 -1 -1 -1 0 
1093 4 17 4 587 467 -1 -1 -1 0 
1094 4 14 3 591 468 -1 -1 -1 0 
1095 4 17 4 586 465 -1 -1 -1 0 
1096 4 16 3 588 467 -1 -1 -1 0 
1097 4 19 1 581 470 -1 -1 -1 0 
1098 4 18 1 585 470 -1 -1 -1 0 
1099 4 19 0 585 473 -1 -1 -1 0 
1100 4 18 3 585 468 -1 -1 -1 0 
1101 4 16 3 588 468 -1 -1 -1 0 
1102 4 18 1 585 472 -1 -1 -1 0 
1103 4 19 1 582 471 -1 -1 -1 0 
1104 4 20 0 583 474 -1 -1 -1 0 
1105 4 16 4 588 466 -1 -1 -1 0 
1106 4 19 1 582 471 -1 -1 -1 0 
1107 4 15 3 590 467 -1 -1 -1 0 
1108 4 17 4 586 466 -1 -1 -1 0 
1109 4 20 2 584 469 -1 -1 -1 0 
1110 4 15 4 593 466 -1 -1 -1 0 
1111 4 16 4 591 466 -1 -1 -1 0 
1112 4 17 4 588 466 -1 -1 -1 0 
1113 4 16 3 589 466 -1 -1 -1 0 
1114 4 18 3 586 468 -1 -1 -1 0 
1115 4 16 4 589 467 -1 -1 -1 0 
1116 4 16 5 591 465 -1 -1 -1 0 
1117 4 17 6 589 463 -1 -1 -1 0 
1118 4 19 6 586 465 -1 -1 -1 0 
1119 4 19 7 587 465 -1 -1 -1 0 
1120 4 18 6 585 466 -1 -1 -1 0 
1121 4 13 6 596 463 -1 -1 -1 0 
1122 4 13 6 596 464 -1 -1 -1 0 
1123 4 13 6 596 465 -1 -1 -1 0 
1124 4 14 8 595 463 -1 -1 -1 0 
1125 4 12 8 598 463 -1 -1 -1 0 
1126 4 13 9 598 462 -1 -1 -1 0 
1127 4 14 9 597 463 -1 -1 -1 0 
1128 4 13 9 598 463 -1 -1 -1 0 
1129 4 13 9 599 463 -1 -1 -1 0 
1130 4 14 9 594 462 -1 -1 -1 0 
1131 4 14 8 594 463 -1 -1 -1 0 
1132 4 14 9 598 463 -1 -1 -1 0 
1133 4 17 9 593 463 -1 -1 -1 0 
1134 4 19 8 592 465 -1 -1 -1 0 
1135 4 21 8 589 465 -1 -1 -1 0 
1136 4 20 7 593 466 -1 -1 -1 0 
1137 4 18 6 593 467 -1 -1 -1 0 
1138 4 20 2 590 472 -1 -1 -1 0 
1139 4 22 5 591 467 -1 -1 -1 0 
1140 4 23 5 590 466 -1 -1 -1 0 
1141 4 23 2 587 471 -1 -1 -1 0 
1142 4 26 2 581 470 -1 -1 -1 0 
1143 4 25 2 582 470 -1 -1 -1 0 
1144 4 25 2 583 470 -1 -1 -1 0 
1145 4 26 2 583 470 -1 -1 -1 0 
1146 4 26 3 583 469 -1 -1 -1 0 
1147 4 26 5 583 467 -1 -1 -1 0 
1148 4 28 3 578 470 -1 -1 -1 0 
1149 4 23 2 587 471 -1 -1 -1 0 
1150 4 23 1 587 472 -1 -1 -1 0 
1151 4 23 4 584 466 -1 -1 -1 0 
1152 4 26 1 576 469 -1 -1 -1 0 
1153 4 31 0 561 469 -1 -1 -1 0 
1154 4 14 0 546 471 -1 -1 -1 0 
1155 4 15 0 543 470 -1 -1 -1 0 
1156 4 13 0 543 469 -1 -1 -1 0 
1157 4 14 0 544 470 -1 -1 -1 0 
1158 4 14 0 545 470 -1 -1 -1 0 
1159 4 15 0 544 470 -1 -1 -1 0 
1160 4 15 0 545 468 -1 -1 -1 0 
1161 4 14 0 549 469 -1 -1 -1 0 
1162 4 15 0 548 468 -1 -1 -1 0 
1163 4 31 0 550 470 -1 -1 -1 0 
1164 4 30 0 555 471 -1 -1 -1 0 
1165 4 32 0 552 470 -1 -1 -1 0 
1166 4 32 0 551 469 -1 -1 -1 0 
1167 4 32 0 550 468 -1 -1 -1 0 
1168 4 32 0 550 469 -1 -1 -1 0 
1169 4 31 0 552 470 -1 -1 -1 0 
1170 4 18 0 550 470 -1 -1 -1 0 
1171 4 14 0 551 468 -1 -1 -1 0 
1172 4 15 0 548 469 -1 -1 -1 0 
1173 4 15 0 548 471 -1 -1 -1 0 
1174 4 15 0 545 471 -1 -1 -1 0 
1175 4 15 0 545 471 -1 -1 -1 0 
1176 4 16 0 542 471 -1 -1 -1 0 
1177 4 17 0 544 470 -1 -1 -1 0 
1178 4 16 0 546 470 -1 -1 -1 0 
1179 4 19 0 540 470 -1 -1 -1 0 
1180 4 17 0 544 471 -1 -1 -1 0 
1181 4 18 0 542 470 -1 -1 -1 0 
1182 4 16 0 545 470 -1 -1 -1 0 
1183 4 17 0 542 469 -1 -1 -1 0 
1184 4 12 0 548 470 -1 -1 -1 0 
1185 4 5 0 557 469 -1 -1 -1 0 
1186 4 5 0 553 466 -1 -1 -1 0 
1187 4 8 0 547 466 -1 -1 -1 0 
1188 4 11 5 544 467 -1 -1 -1 0 
1189 4 11 6 548 470 -1 -1 -1 0 
1190 4 8 5 543 473 -1 -1 -1 0 
1191 4 1 6 558 472 -1 -1 -1 0 
1192 4 0 6 549 472 -1 -1 -1 0 
1193 4 0 9 550 469 -1 -1 -1 0 
1194 4 0 8 544 471 -1 -1 -1 0 
1195 4 4 10 484 469 -1 -1 -1 0 
1196 4 0 4 481 474 -1 -1 -1 0 
1197 4 0 1 473 478 -1 -1 -1 0 
1198 4 0 3 471 474 -1 -1 -1 0 
1199 4 0 4 464 472 -1 -1 -1 0 
1200 4 0 5 459 472 -1 -1 -1 0 
1201 4 0 4 457 473 -1 -1 -1 0 
1202 4 0 6 461 468 -1 -1 -1 0 
1203 4 0 1 457 476 -1 -1 -1 0 
1204 4 0 0 457 477 -1 -1 -1 0 
1205 4 0 0 454 476 -1 -1 -1 0 
1206 4 0 0 454 475 -1 -1 -1 0 
1207 4 0 0 457 475 -1 -1 -1 0 
1208 4 0 0 458 475 -1 -1 -1 0 
1209 4 0 0 458 475 -1 -1 -1 0 
1210 4 0 0 457 476 -1 -1 -1 0 
1211 4 0 0 457 476 -1 -1 -1 0 
1212 4 0 0 458 477 -1 -1 -1 0 
1213 4 0 0 462 478 -1 -1 -1 0 
1214 4 0 0 464 478 -1 -1 -1 0 
1215 4 0 0 472 477 -1 -1 -1 0 
1216 4 0 0 475 476 -1 -1 -1 0 
1217 4 0 0 484 474 -1 -1 -1 0 
1218 4 0 0 482 474 -1 -1 -1 0 
1219 4 0 0 486 475 -1 -1 -1 0 
1220 4 0 0 489 474 -1 -1 -1 0 
1221 4 0 0 491 475 -1 -1 -1 0 
1222 4 0 0 490 475 -1 -1 -1 0 
1223 4 0 0 489 475 -1 -1 -1 0 
1224 4 0 0 492 476 -1 -1 -1 0 
1225 4 0 0 495 475 -1 -1 -1 0 
1226 4 0 0 496 475 -1 -1 -1 0 
1227 4 0 0 498 476 -1 -1 -1 0 
1228 4 0 0 496 476 -1 -1 -1 0 
1229 4 0 0 495 478 -1 -1 -1 0 
1230 4 0 0 494 477 -1 -1 -1 0 
1231 4 0 0 493 477 -1 -1 -1 0 
1232 4 0 0 494 478 -1 -1 -1 0 
1233 4 0 0 496 477 -1 -1 -1 0 
1234 4 0 0 498 477 -1 -1 -1 0 
1235 4 0 0 499 477 -1 -1 -1 0 
1236 4 0 0 499 476 -1 -1 -1 0 
1237 4 0 0 497 476 -1 -1 -1 0 
1238 4 0 0 497 476 -1 -1 -1 0 
1239 4 0 0 497 476 -1 -1 -1 0 
1240 4 0 0 497 476 -1 -1 -1 0 
1241 4 0 1 498 475 -1 -1 -1 0 
1242 4 0 0 496 476 -1 -1 -1 0 
1243 4 0 0 495 477 -1 -1 -1 0 
1244 4 0 0 496 477 -1 -1 -1 0 
1245 4 0 0 496 478 -1 -1 -1 0 
1246 4 0 0 497 477 -1 -1 -1 0 
1247 4 0 0 498 477 -1 -1 -1 0 
1248 4 0 0 498 478 -1 -1 -1 0 
1249 4 0 0 497 478 -1 -1 -1 0 
1250 4 0 0 498 477 -1 -1 -1 0 
1251 4 0 0 498 477 -1 -1 -1 0 
1252 4 0 0 500 477 -1 -1 -1 0 
1253 4 0 0 499 477 -1 -1 -1 0 
1254 4 0 0 501 476 -1 -1 -1 0 
1255 4 0 0 501 477 -1 -1 -1 0 
1256 4 0 0 504 477 -1 -1 -1 0 
1257 4 0 0 503 477 -1 -1 -1 0 
1258 4 0 0 505 476 -1 -1 -1 0 
1259 4 0 0 503 476 -1 -1 -1 0 
1260 4 0 0 501 476 -1 -1 -1 0 
1261 4 0 0 499 477 -1 -1 -1 0 
1262 4 0 0 500 477 -1 -1 -1 0 
1263 4 0 0 500 476 -1 -1 -1 0 
1264 4 0 0 500 475 -1 -1 -1 0 
1265 4 0 0 499 475 -1 -1 -1 0 
1266 4 0 0 500 475 -1 -1 -1 0 
1267 4 0 0 502 475 -1 -1 -1 0 
1268 4 0 0 502 475 -1 -1 -1 0 
1269 4 0 0 502 475 -1 -1 -1 0 
1270 4 0 0 500 476 -1 -1 -1 0 
1271 4 0 0 498 476 -1 -1 -1 0 
1272 4 0 0 502 475 -1 -1 -1 0 
1273 4 0 0 502 476 -1 -1 -1 0 
1274 4 0 0 503 477 -1 -1 -1 0 
1275 4 0 0 504 477 -1 -1 -1 0 
1276 4 0 0 503 475 -1 -1 -1 0 
1277 4 0 0 500 476 -1 -1 -1 0 
1278 4 0 0 501 477 -1 -1 -1 0 
1279 4 0 0 500 477 -1 -1 -1 0 
1280 4 0 0 497 478 -1 -1 -1 0 
1281 4 0 0 499 478 -1 -1 -1 0 
1282 4 0 0 499 477 -1 -1 -1 0 
1283 4 0 0 500 476 -1 -1 -1 0 
1284 4 0 0 501 477 -1 -1 -1 0 
1285 4 0 0 501 476 -1 -1 -1 0 
1286 4 0 0 502 475 -1 -1 -1 0 
1287 4 0 0 502 474 -1 -1 -1 0 
1288 4 0 0 504 475 -1 -1 -1 0 
1289 4 0 0 503 475 -1 -1 -1 0 
1290 4 0 0 503 475 -1 -1 -1 0 
1291 4 0 0 505 475 -1 -1 -1 0 
1292 4 0 0 506 476 -1 -1 -1 0 
1293 4 0 0 510 476 -1 -1 -1 0 
1294 4 0 0 509 476 -1 -1 -1 0 
1295 4 0 0 510 476 -1 -1 -1 0 
1296 4 0 0 509 477 -1 -1 -1 0 
1297 4 0 0 509 477 -1 -1 -1 0 
1298 4 0 0 509 477 -1 -1 -1 0 
1299 4 0 0 508 476 -1 -1 -1 0 
1300 4 0 0 509 476 -1 -1 -1 0 
1301 4 0 0 507 475 -1 -1 -1 0 
1302 4 0 0 507 475 -1 -1 -1 0 
1303 4 0 0 505 475 -1 -1 -1 0 
1304 4 0 0 504 475 -1 -1 -1 0 
1305 4 0 0 505 474 -1 -1 -1 0 
1306 4 0 0 506 476 -1 -1 -1 0 
1307 4 0 0 509 476 -1 -1 -1 0 
1308 4 0 0 510 476 -1 -1 -1 0 
1309 4 0 2 510 474 -1 -1 -1 0 
1310 4 0 0 511 477 -1 -1 -1 0 
1311 4 0 0 509 476 -1 -1 -1 0 
1312 4 0 0 511 477 -1 -1 -1 0 
1313 4 0 0 509 476 -1 -1 -1 0 
1314 4 0 0 508 477 -1 -1 -1 0 
1315 4 0 1 506 475 -1 -1 -1 0 
1316 4 0 0 504 477 -1 -1 -1 0 
1317 4 2 11 519 461 -1 -1 -1 0 
1318 4 4 8 519 464 -1 -1 -1 0 
1319 4 5 6 522 470 -1 -1 -1 0 
1320 4 7 6 518 470 -1 -1 -1 0 
1321 4 6 5 521 471 -1 -1 -1 0 
1322 4 6 5 520 471 -1 -1 -1 0 
1323 4 4 1 527 475 -1 -1 -1 0 
1324 4 7 3 517 473 -1 -1 -1 0 
1325 4 2 5 525 470 -1 -1 -1 0 
1326 4 2 5 501 468 -1 -1 -1 0 
1327 4 0 6 495 467 -1 -1 -1 0 
1328 4 0 7 496 464 -1 -1 -1 0 
1329 4 0 7 497 465 -1 -1 -1 0 
1330 4 0 11 526 462 -1 -1 -1 0 
1331 4 0 10 528 464 -1 -1 -1 0 
1332 4 0 9 531 464 -1 -1 -1 0 
1333 4 2 9 500 464 -1 -1 -1 0 
1334 4 0 8 531 465 -1 -1 -1 0 
1335 4 1 9 529 465 -1 -1 -1 0 
1336 4 2 9 509 465 -1 -1 -1 0 
1337 4 0 10 530 463 -1 -1 -1 0 
1338 4 1 10 531 463 -1 -1 -1 0 
1339 4 1 10 512 464 -1 -1 -1 0 
1340 4 0 10 530 464 -1 -1 -1 0 
1341 4 0 10 531 465 -1 -1 -1 0 
