3 1 0 1015 291 900 -1 -1 -1 0 
4 1 0 1003 291 912 -1 -1 -1 0 
5 1 0 1007 291 907 -1 -1 -1 0 
6 1 0 1014 289 897 -1 -1 -1 0 
7 1 0 1012 291 900 -1 -1 -1 0 
8 1 0 1017 292 896 -1 -1 -1 0 
9 1 0 1018 289 894 -1 -1 -1 0 
10 1 0 1021 291 892 -1 -1 -1 0 
11 1 0 1018 294 892 -1 -1 -1 0 
12 1 0 1015 297 893 -1 -1 -1 0 
13 1 0 1015 303 892 -1 -1 -1 0 
14 1 0 1022 312 886 -1 -1 -1 0 
15 1 0 1020 315 886 -1 -1 -1 0 
16 1 0 1023 320 884 -1 -1 -1 0 
17 1 0 1022 329 887 -1 -1 -1 0 
18 1 0 1029 334 881 -1 -1 -1 0 
19 1 0 1029 344 879 -1 -1 -1 0 
20 1 0 1035 356 875 -1 -1 -1 0 
21 1 0 1041 357 868 -1 -1 -1 0 
22 1 0 1042 365 863 -1 -1 -1 0 
23 1 0 1043 368 860 -1 -1 -1 0 
24 1 0 1040 371 862 -1 -1 -1 0 
25 1 0 1049 375 857 -1 -1 -1 0 
26 1 0 1051 379 855 -1 -1 -1 0 
27 1 0 1056 387 853 -1 -1 -1 0 
28 1 0 1060 394 850 -1 -1 -1 0 
29 1 0 1058 398 850 -1 -1 -1 0 
30 1 0 1053 407 855 -1 -1 -1 0 
31 1 0 1053 411 857 -1 -1 -1 0 
32 1 0 1054 414 856 -1 -1 -1 0 
33 1 0 1054 419 858 -1 -1 -1 0 
34 1 0 1053 426 859 -1 -1 -1 0 
35 1 0 1051 435 861 -1 -1 -1 0 
36 1 0 1050 446 861 -1 -1 -1 0 
37 1 1 1054 456 854 -1 -1 -1 0 
38 1 3 1049 462 857 -1 -1 -1 0 
39 1 5 1047 466 861 -1 -1 -1 0 
40 1 8 1048 476 861 -1 -1 -1 0 
41 1 16 1048 477 861 -1 -1 -1 0 
42 1 25 1056 472 853 -1 -1 -1 0 
43 1 36 1052 466 860 -1 -1 -1 0 
44 1 44 1046 467 867 -1 -1 -1 0 
45 1 54 1046 467 867 -1 -1 -1 0 
46 1 62 1052 469 861 -1 -1 -1 0 
47 1 76 1049 470 861 -1 -1 -1 0 
48 1 85 1055 473 854 -1 -1 -1 0 
49 1 97 1061 472 849 -1 -1 -1 0 
50 1 110 1057 477 852 -1 -1 -1 0 
51 1 124 1053 469 854 -1 -1 -1 0 
52 1 136 1055 461 859 -1 -1 -1 0 
53 1 142 1053 462 861 -1 -1 -1 0 
54 1 150 1049 462 867 -1 -1 -1 0 
55 1 159 1048 461 865 -1 -1 -1 0 
56 1 166 1047 462 862 -1 -1 -1 0 
57 1 175 1050 464 857 -1 -1 -1 0 
58 1 182 1052 467 857 -1 -1 -1 0 
59 1 186 1055 469 854 -1 -1 -1 0 
60 1 189 1056 470 852 -1 -1 -1 0 
61 1 188 1057 475 852 -1 -1 -1 0 
62 1 190 1052 478 859 -1 -1 -1 0 
63 1 189 1053 482 859 -1 -1 -1 0 
64 1 192 1052 480 861 -1 -1 -1 0 
65 1 191 1051 481 863 -1 -1 -1 0 
66 1 195 1050 479 865 -1 -1 -1 0 
67 1 195 1051 482 866 -1 -1 -1 0 
68 1 195 1049 487 865 -1 -1 -1 0 
69 1 201 1050 485 864 -1 -1 -1 0 
70 1 212 1045 478 865 -1 -1 -1 0 
71 1 218 1044 473 861 -1 -1 -1 0 
72 1 228 1042 467 867 -1 -1 -1 0 
73 1 235 1031 462 878 -1 -1 -1 0 
74 1 240 1021 463 891 -1 -1 -1 0 
75 1 255 1024 452 881 -1 -1 -1 0 
76 1 272 1029 442 875 -1 -1 -1 0 
77 1 284 1028 435 880 -1 -1 -1 0 
78 1 294 1027 428 882 -1 -1 -1 0 
79 1 305 1020 422 890 -1 -1 -1 0 
80 1 316 1013 418 895 -1 -1 -1 0 
81 1 325 999 419 914 -1 -1 -1 0 
82 1 339 979 407 933 -1 -1 -1 0 
83 1 347 978 401 936 -1 -1 -1 0 
84 1 353 971 401 928 -1 -1 -1 0 
85 1 359 965 394 938 -1 -1 -1 0 
86 1 366 960 391 931 -1 -1 -1 0 
87 1 374 952 380 942 -1 -1 -1 0 
88 1 382 946 373 945 -1 -1 -1 0 
89 1 384 942 373 948 -1 -1 -1 0 
90 1 390 942 372 930 -1 -1 -1 0 
91 1 395 938 370 931 -1 -1 -1 0 
92 1 399 933 364 934 -1 -1 -1 0 
93 1 402 940 362 919 -1 -1 -1 0 
94 1 405 936 361 914 -1 -1 -1 0 
95 1 407 932 359 919 -1 -1 -1 0 
96 1 409 932 353 927 -1 -1 -1 0 
97 1 408 937 344 930 -1 -1 -1 0 
98 1 404 925 345 959 -1 -1 -1 0 
99 1 402 933 342 956 -1 -1 -1 0 
100 1 400 933 340 970 -1 -1 -1 0 
101 1 395 931 341 969 -1 -1 -1 0 
102 1 394 930 339 969 -1 -1 -1 0 
103 1 396 930 332 963 -1 -1 -1 0 
104 1 397 929 326 962 -1 -1 -1 0 
105 1 391 931 321 954 -1 -1 -1 0 
106 1 387 932 322 955 -1 -1 -1 0 
107 1 384 932 322 949 -1 -1 -1 0 
108 1 381 924 322 941 -1 -1 -1 0 
109 1 381 920 317 911 -1 -1 -1 0 
110 1 377 926 315 855 -1 -1 -1 0 
111 1 376 917 312 835 -1 -1 -1 0 
112 1 372 908 320 836 -1 -1 -1 0 
113 1 372 902 320 818 -1 -1 -1 0 
114 1 372 904 321 822 -1 -1 -1 0 
115 1 374 904 321 833 -1 -1 -1 0 
116 1 376 904 317 836 -1 -1 -1 0 
117 1 376 904 318 852 -1 -1 -1 0 
118 1 376 905 318 859 -1 -1 -1 0 
119 1 381 914 320 873 -1 -1 -1 0 
120 1 382 912 320 893 -1 -1 -1 0 
121 1 386 913 316 893 -1 -1 -1 0 
122 1 392 904 313 906 -1 -1 -1 0 
123 1 394 909 312 905 -1 -1 -1 0 
124 1 397 906 315 920 -1 -1 -1 0 
125 1 402 908 309 924 -1 -1 -1 0 
126 1 409 914 305 909 -1 -1 -1 0 
127 1 413 913 304 885 -1 -1 -1 0 
128 1 406 919 307 777 -1 -1 -1 0 
129 1 412 906 305 819 -1 -1 -1 0 
130 1 413 905 306 795 -1 -1 -1 0 
131 1 416 900 303 783 -1 -1 -1 0 
132 1 415 900 304 764 -1 -1 -1 0 
133 1 412 900 306 749 -1 -1 -1 0 
134 1 413 897 300 751 -1 -1 -1 0 
135 1 413 893 298 758 -1 -1 -1 0 
136 1 413 886 294 775 -1 -1 -1 0 
137 1 409 886 297 799 -1 -1 -1 0 
138 1 407 890 296 816 -1 -1 -1 0 
139 1 404 888 299 833 -1 -1 -1 0 
140 1 401 893 301 847 -1 -1 -1 0 
141 1 395 901 300 857 -1 -1 -1 0 
142 1 389 904 301 857 -1 -1 -1 0 
143 1 388 913 291 858 -1 -1 -1 0 
144 1 384 914 289 860 -1 -1 -1 0 
145 1 383 913 283 864 -1 -1 -1 0 
146 1 378 909 286 858 -1 -1 -1 0 
147 1 373 900 287 859 -1 -1 -1 0 
148 1 369 900 288 855 -1 -1 -1 0 
149 1 364 900 291 813 -1 -1 -1 0 
150 1 358 895 295 792 -1 -1 -1 0 
151 1 356 891 293 782 -1 -1 -1 0 
152 1 354 892 292 768 -1 -1 -1 0 
153 1 354 890 290 758 -1 -1 -1 0 
154 1 355 888 289 752 -1 -1 -1 0 
155 1 356 883 287 768 -1 -1 -1 0 
156 1 356 878 285 783 -1 -1 -1 0 
157 1 355 878 286 799 -1 -1 -1 0 
158 1 354 879 291 814 -1 -1 -1 0 
159 1 356 881 291 831 -1 -1 -1 0 
160 1 360 885 290 850 -1 -1 -1 0 
161 1 362 889 292 867 -1 -1 -1 0 
162 1 366 891 290 878 -1 -1 -1 0 
163 1 368 893 289 881 -1 -1 -1 0 
164 1 377 897 283 881 -1 -1 -1 0 
165 1 381 901 282 883 -1 -1 -1 0 
166 1 385 902 281 881 -1 -1 -1 0 
167 1 389 907 278 864 -1 -1 -1 0 
168 1 391 913 276 805 -1 -1 -1 0 
169 1 386 909 282 764 -1 -1 -1 0 
170 1 385 905 281 756 -1 -1 -1 0 
171 1 381 901 285 763 -1 -1 -1 0 
172 1 380 903 286 738 -1 -1 -1 0 
173 1 378 904 289 743 -1 -1 -1 0 
174 1 375 903 291 745 -1 -1 -1 0 
175 1 373 901 292 749 -1 -1 -1 0 
176 1 375 904 290 759 -1 -1 -1 0 
177 1 377 908 288 769 -1 -1 -1 0 
178 1 379 913 287 784 -1 -1 -1 0 
179 1 379 919 288 796 -1 -1 -1 0 
180 1 379 923 283 823 -1 -1 -1 0 
181 1 379 930 282 829 -1 -1 -1 0 
182 1 378 933 280 865 -1 -1 -1 0 
183 1 380 935 280 867 -1 -1 -1 0 
184 1 383 943 274 869 -1 -1 -1 0 
185 1 384 942 269 883 -1 -1 -1 0 
186 1 382 940 268 898 -1 -1 -1 0 
187 1 380 940 267 891 -1 -1 -1 0 
188 1 377 933 268 867 -1 -1 -1 0 
189 1 376 932 268 850 -1 -1 -1 0 
190 1 375 936 268 816 -1 -1 -1 0 
191 1 375 934 276 803 -1 -1 -1 0 
192 1 372 933 282 780 -1 -1 -1 0 
193 1 366 933 282 750 -1 -1 -1 0 
194 1 373 934 276 738 -1 -1 -1 0 
195 1 376 929 277 755 -1 -1 -1 0 
196 1 383 940 280 773 -1 -1 -1 0 
197 1 387 945 270 793 -1 -1 -1 0 
198 1 389 941 270 817 -1 -1 -1 0 
199 1 398 944 262 820 -1 -1 -1 0 
200 1 407 950 267 821 -1 -1 -1 0 
201 1 413 946 277 847 -1 -1 -1 0 
202 1 415 958 278 849 -1 -1 -1 0 
203 1 420 964 273 858 -1 -1 -1 0 
204 1 427 958 271 890 -1 -1 -1 0 
205 1 426 967 265 896 -1 -1 -1 0 
206 1 418 970 276 902 -1 -1 -1 0 
207 1 414 976 279 899 -1 -1 -1 0 
208 1 411 982 281 896 -1 -1 -1 0 
209 1 414 995 270 902 -1 -1 -1 0 
210 1 413 994 274 895 -1 -1 -1 0 
211 1 410 998 286 898 -1 -1 -1 0 
212 1 412 997 292 901 -1 -1 -1 0 
213 1 423 1004 287 889 -1 -1 -1 0 
214 1 433 1005 287 891 -1 -1 -1 0 
215 1 438 1012 295 899 -1 -1 -1 0 
216 1 436 1015 340 902 -1 -1 -1 0 
217 1 438 1022 360 895 -1 -1 -1 0 
218 1 437 1026 377 890 -1 -1 -1 0 
219 1 437 1032 362 879 -1 -1 -1 0 
220 1 431 1033 338 879 -1 -1 -1 0 
221 1 426 1035 338 870 -1 -1 -1 0 
222 1 425 1045 340 862 -1 -1 -1 0 
223 1 417 1050 368 859 -1 -1 -1 0 
224 1 417 1047 374 865 -1 -1 -1 0 
225 1 414 1052 395 859 -1 -1 -1 0 
226 1 422 1054 403 858 -1 -1 -1 0 
227 1 426 1050 419 867 -1 -1 -1 0 
228 1 425 1053 428 859 -1 -1 -1 0 
229 1 443 1061 417 846 -1 -1 -1 0 
230 1 463 1065 413 838 -1 -1 -1 0 
231 1 487 1071 409 837 -1 -1 -1 0 
232 1 505 1072 405 847 -1 -1 -1 0 
233 1 531 1069 384 850 -1 -1 -1 0 
234 1 581 1056 355 863 -1 -1 -1 0 
235 1 632 1061 323 855 -1 -1 -1 0 
236 1 653 1061 311 858 -1 -1 -1 0 
237 1 661 1060 314 858 -1 -1 -1 0 
238 1 666 1059 320 859 -1 -1 -1 0 
239 1 672 1056 325 860 -1 -1 -1 0 
240 1 677 1056 325 861 -1 -1 -1 0 
241 1 683 1057 319 860 -1 -1 -1 0 
242 1 688 1056 319 861 -1 -1 -1 0 
243 1 691 1055 314 863 -1 -1 -1 0 
244 1 694 1059 312 860 -1 -1 -1 0 
245 1 698 1059 307 860 -1 -1 -1 0 
246 1 701 1058 296 861 -1 -1 -1 0 
247 1 705 1058 279 861 -1 -1 -1 0 
248 1 712 1057 275 862 -1 -1 -1 0 
249 1 718 1060 268 857 -1 -1 -1 0 
250 1 722 1063 269 856 -1 -1 -1 0 
251 1 726 1065 266 854 -1 -1 -1 0 
252 1 729 1065 276 854 -1 -1 -1 0 
253 1 738 1062 277 854 -1 -1 -1 0 
254 1 743 1063 313 852 -1 -1 -1 0 
255 1 758 1069 317 849 -1 -1 -1 0 
256 1 764 1074 314 843 -1 -1 -1 0 
257 1 762 1080 317 836 -1 -1 -1 0 
258 1 765 1087 314 830 -1 -1 -1 0 
259 1 767 1090 312 826 -1 -1 -1 0 
260 1 776 1090 303 824 -1 -1 -1 0 
261 1 766 1111 313 808 -1 -1 -1 0 
262 1 759 1118 320 801 -1 -1 -1 0 
263 1 780 1187 299 732 -1 -1 -1 0 
264 1 786 1272 293 645 -1 -1 -1 0 
265 1 797 1285 278 628 -1 -1 -1 0 
266 1 803 1290 271 620 -1 -1 -1 0 
321 1 901 1202 178 709 -1 -1 -1 0 
323 1 819 1211 260 706 -1 -1 -1 0 
324 1 781 1202 298 713 -1 -1 -1 0 
325 1 757 1208 319 707 -1 -1 -1 0 
326 1 715 1208 363 708 -1 -1 -1 0 
327 1 685 1207 394 712 -1 -1 -1 0 
328 1 650 1192 428 727 -1 -1 -1 0 
329 1 622 1176 457 743 -1 -1 -1 0 
330 1 595 1170 477 749 -1 -1 -1 0 
331 1 554 1152 507 767 -1 -1 -1 0 
332 1 526 1132 518 786 -1 -1 -1 0 
333 1 509 1129 510 790 -1 -1 -1 0 
334 1 503 1122 493 797 -1 -1 -1 0 
335 1 490 1117 491 800 -1 -1 -1 0 
336 1 452 1117 518 799 -1 -1 -1 0 
337 1 449 1120 501 791 -1 -1 -1 0 
338 1 475 1086 454 825 -1 -1 -1 0 
339 1 478 1084 442 828 -1 -1 -1 0 
340 1 484 1084 424 825 -1 -1 -1 0 
341 1 481 1080 420 827 -1 -1 -1 0 
342 1 479 1074 415 835 -1 -1 -1 0 
343 1 474 1068 413 845 -1 -1 -1 0 
344 1 467 1066 414 849 -1 -1 -1 0 
345 1 451 1068 424 848 -1 -1 -1 0 
346 1 444 1071 423 843 -1 -1 -1 0 
347 1 399 1070 460 837 -1 -1 -1 0 
348 1 396 1070 459 841 -1 -1 -1 0 
349 1 358 1070 493 843 -1 -1 -1 0 
350 1 344 1066 495 845 -1 -1 -1 0 
351 1 344 1072 486 838 -1 -1 -1 0 
352 1 330 1071 496 838 -1 -1 -1 0 
353 1 323 1072 497 841 -1 -1 -1 0 
354 1 330 1072 487 842 -1 -1 -1 0 
355 1 338 1070 480 840 -1 -1 -1 0 
356 1 352 1070 471 838 -1 -1 -1 0 
357 1 371 1071 462 835 -1 -1 -1 0 
358 1 384 1071 454 834 -1 -1 -1 0 
359 1 390 1070 454 834 -1 -1 -1 0 
360 1 407 1067 445 837 -1 -1 -1 0 
361 1 419 1065 436 844 -1 -1 -1 0 
362 1 430 1062 426 847 -1 -1 -1 0 
363 1 444 1059 415 853 -1 -1 -1 0 
364 1 455 1057 407 859 -1 -1 -1 0 
365 1 464 1054 400 865 -1 -1 -1 0 
366 1 473 1049 396 870 -1 -1 -1 0 
367 1 476 1044 399 875 -1 -1 -1 0 
368 1 485 1039 390 880 -1 -1 -1 0 
369 1 492 1031 388 888 -1 -1 -1 0 
370 1 501 1028 376 891 -1 -1 -1 0 
371 1 506 1028 364 891 -1 -1 -1 0 
372 1 510 1025 358 894 -1 -1 -1 0 
373 1 514 1019 349 900 -1 -1 -1 0 
374 1 517 1009 343 907 -1 -1 -1 0 
375 1 520 1005 338 910 -1 -1 -1 0 
376 1 518 1005 331 889 -1 -1 -1 0 
377 1 519 998 328 898 -1 -1 -1 0 
378 1 518 995 328 897 -1 -1 -1 0 
379 1 517 997 333 889 -1 -1 -1 0 
380 1 518 994 330 892 -1 -1 -1 0 
381 1 522 982 320 908 -1 -1 -1 0 
382 1 520 979 321 909 -1 -1 -1 0 
383 1 520 974 317 910 -1 -1 -1 0 
384 1 521 974 310 904 -1 -1 -1 0 
385 1 518 970 312 903 -1 -1 -1 0 
386 1 518 969 304 901 -1 -1 -1 0 
387 1 515 966 303 894 -1 -1 -1 0 
388 1 514 961 300 892 -1 -1 -1 0 
389 1 511 953 299 896 -1 -1 -1 0 
390 1 512 949 292 885 -1 -1 -1 0 
391 1 516 945 285 859 -1 -1 -1 0 
392 1 515 946 276 830 -1 -1 -1 0 
393 1 513 934 278 801 -1 -1 -1 0 
394 1 519 935 271 740 -1 -1 -1 0 
395 1 513 926 279 729 -1 -1 -1 0 
396 1 510 921 282 700 -1 -1 -1 0 
397 1 513 915 277 680 -1 -1 -1 0 
398 1 517 914 271 671 -1 -1 -1 0 
399 1 514 910 273 671 -1 -1 -1 0 
400 1 520 913 270 644 -1 -1 -1 0 
401 1 513 905 278 636 -1 -1 -1 0 
402 1 515 899 274 630 -1 -1 -1 0 
403 1 501 899 285 646 -1 -1 -1 0 
404 1 505 899 274 662 -1 -1 -1 0 
405 1 508 898 273 671 -1 -1 -1 0 
406 1 519 898 261 678 -1 -1 -1 0 
407 1 525 894 251 706 -1 -1 -1 0 
408 1 533 898 244 670 -1 -1 -1 0 
409 1 532 897 247 665 -1 -1 -1 0 
410 1 529 895 240 679 -1 -1 -1 0 
411 1 533 887 230 703 -1 -1 -1 0 
412 1 533 889 218 684 -1 -1 -1 0 
413 1 542 892 206 654 -1 -1 -1 0 
414 1 546 891 203 665 -1 -1 -1 0 
415 1 561 891 193 640 -1 -1 -1 0 
416 1 570 894 181 636 -1 -1 -1 0 
417 1 581 893 161 646 -1 -1 -1 0 
418 1 581 883 174 684 -1 -1 -1 0 
419 1 574 888 186 683 -1 -1 -1 0 
420 1 574 893 181 679 -1 -1 -1 0 
421 1 576 897 186 683 -1 -1 -1 0 
422 1 573 897 196 691 -1 -1 -1 0 
423 1 566 895 211 710 -1 -1 -1 0 
424 1 550 898 230 722 -1 -1 -1 0 
425 1 537 916 250 704 -1 -1 -1 0 
426 1 532 922 259 715 -1 -1 -1 0 
427 1 533 928 259 714 -1 -1 -1 0 
428 1 530 921 261 744 -1 -1 -1 0 
429 1 528 928 264 743 -1 -1 -1 0 
430 1 529 948 259 714 -1 -1 -1 0 
431 1 528 953 256 730 -1 -1 -1 0 
432 1 526 956 256 750 -1 -1 -1 0 
433 1 523 960 257 756 -1 -1 -1 0 
434 1 518 964 256 768 -1 -1 -1 0 
435 1 514 967 263 770 -1 -1 -1 0 
436 1 512 968 260 798 -1 -1 -1 0 
437 1 514 972 251 798 -1 -1 -1 0 
438 1 511 977 248 801 -1 -1 -1 0 
439 1 507 987 250 811 -1 -1 -1 0 
440 1 509 997 244 823 -1 -1 -1 0 
441 1 517 1002 219 845 -1 -1 -1 0 
442 1 502 1013 247 859 -1 -1 -1 0 
443 1 490 1007 261 902 -1 -1 -1 0 
444 1 499 1008 243 911 -1 -1 -1 0 
445 1 493 1011 250 906 -1 -1 -1 0 
446 1 479 1015 271 902 -1 -1 -1 0 
447 1 472 1031 277 886 -1 -1 -1 0 
448 1 457 1040 298 879 -1 -1 -1 0 
449 1 443 1044 321 874 -1 -1 -1 0 
450 1 428 1051 343 868 -1 -1 -1 0 
451 1 390 1052 393 867 -1 -1 -1 0 
452 1 385 1058 397 861 -1 -1 -1 0 
453 1 380 1064 403 855 -1 -1 -1 0 
454 1 382 1072 417 844 -1 -1 -1 0 
455 1 382 1077 414 835 -1 -1 -1 0 
456 1 388 1079 412 830 -1 -1 -1 0 
457 1 384 1081 426 826 -1 -1 -1 0 
458 1 390 1085 417 823 -1 -1 -1 0 
459 1 399 1074 402 845 -1 -1 -1 0 
460 1 406 1078 392 841 -1 -1 -1 0 
461 1 424 1087 374 832 -1 -1 -1 0 
462 1 429 1090 374 829 -1 -1 -1 0 
463 1 435 1093 367 820 -1 -1 -1 0 
464 1 436 1094 362 822 -1 -1 -1 0 
465 1 433 1094 362 823 -1 -1 -1 0 
466 1 432 1093 359 826 -1 -1 -1 0 
467 1 428 1094 363 825 -1 -1 -1 0 
468 1 425 1092 362 826 -1 -1 -1 0 
469 1 419 1089 367 828 -1 -1 -1 0 
470 1 397 1081 377 837 -1 -1 -1 0 
471 1 389 1080 375 838 -1 -1 -1 0 
472 1 372 1080 389 839 -1 -1 -1 0 
473 1 361 1068 392 851 -1 -1 -1 0 
474 1 354 1089 382 830 -1 -1 -1 0 
475 1 350 1088 374 831 -1 -1 -1 0 
476 1 344 1087 375 830 -1 -1 -1 0 
477 1 337 1093 377 826 -1 -1 -1 0 
478 1 331 1074 375 845 -1 -1 -1 0 
479 1 337 1057 349 862 -1 -1 -1 0 
480 1 346 1066 332 848 -1 -1 -1 0 
481 1 354 1067 317 849 -1 -1 -1 0 
482 1 362 1065 301 854 -1 -1 -1 0 
483 1 373 1059 284 848 -1 -1 -1 0 
484 1 376 1052 277 865 -1 -1 -1 0 
485 1 371 1039 279 859 -1 -1 -1 0 
486 1 373 1026 267 844 -1 -1 -1 0 
487 1 371 1020 258 833 -1 -1 -1 0 
488 1 365 1020 259 814 -1 -1 -1 0 
489 1 360 1017 254 817 -1 -1 -1 0 
490 1 355 1015 250 822 -1 -1 -1 0 
491 1 349 1008 249 826 -1 -1 -1 0 
492 1 342 1006 251 828 -1 -1 -1 0 
493 1 339 1007 253 826 -1 -1 -1 0 
494 1 328 999 257 833 -1 -1 -1 0 
495 1 316 994 266 835 -1 -1 -1 0 
496 1 309 990 264 838 -1 -1 -1 0 
497 1 306 988 256 821 -1 -1 -1 0 
498 1 301 991 257 806 -1 -1 -1 0 
499 1 293 996 266 794 -1 -1 -1 0 
500 1 287 996 276 784 -1 -1 -1 0 
501 1 267 995 293 787 -1 -1 -1 0 
502 1 263 989 282 787 -1 -1 -1 0 
503 1 265 983 271 789 -1 -1 -1 0 
504 1 266 988 266 786 -1 -1 -1 0 
505 1 262 988 275 787 -1 -1 -1 0 
506 1 256 985 293 809 -1 -1 -1 0 
507 1 246 981 302 837 -1 -1 -1 0 
508 1 239 977 293 852 -1 -1 -1 0 
509 1 234 972 280 859 -1 -1 -1 0 
510 1 228 975 249 858 -1 -1 -1 0 
511 1 219 980 254 854 -1 -1 -1 0 
512 1 213 989 267 855 -1 -1 -1 0 
513 1 212 992 279 842 -1 -1 -1 0 
514 1 209 994 321 841 -1 -1 -1 0 
515 1 202 997 399 857 -1 -1 -1 0 
516 1 200 997 375 877 -1 -1 -1 0 
517 1 200 1005 318 896 -1 -1 -1 0 
518 1 183 1008 330 904 -1 -1 -1 0 
519 1 185 1013 327 897 -1 -1 -1 0 
520 1 179 1014 349 898 -1 -1 -1 0 
521 1 173 1019 362 899 -1 -1 -1 0 
522 1 170 1022 378 897 -1 -1 -1 0 
523 1 166 1031 407 887 -1 -1 -1 0 
524 1 178 1044 409 874 -1 -1 -1 0 
525 1 194 1051 406 863 -1 -1 -1 0 
526 1 204 1056 421 855 -1 -1 -1 0 
527 1 222 1064 414 855 -1 -1 -1 0 
528 1 227 1071 429 848 -1 -1 -1 0 
529 1 238 1075 438 844 -1 -1 -1 0 
530 1 262 1083 430 836 -1 -1 -1 0 
531 1 273 1095 435 824 -1 -1 -1 0 
532 1 309 1098 422 821 -1 -1 -1 0 
533 1 309 1099 439 817 -1 -1 -1 0 
534 1 330 1109 428 810 -1 -1 -1 0 
535 1 333 1124 450 795 -1 -1 -1 0 
536 1 330 1129 474 790 -1 -1 -1 0 
537 1 358 1135 467 779 -1 -1 -1 0 
538 1 383 1146 466 770 -1 -1 -1 0 
539 1 391 1159 477 760 -1 -1 -1 0 
540 1 392 1171 514 748 -1 -1 -1 0 
541 1 408 1186 499 733 -1 -1 -1 0 
542 1 413 1197 499 722 -1 -1 -1 0 
543 1 411 1206 517 711 -1 -1 -1 0 
544 1 415 1216 514 701 -1 -1 -1 0 
545 1 418 1229 513 690 -1 -1 -1 0 
546 1 419 1240 518 679 -1 -1 -1 0 
547 1 423 1249 504 670 -1 -1 -1 0 
548 1 417 1264 503 652 -1 -1 -1 0 
549 1 415 1279 495 638 -1 -1 -1 0 
550 1 419 1284 480 632 -1 -1 -1 0 
551 1 428 1290 464 625 -1 -1 -1 0 
552 1 439 1292 445 621 -1 -1 -1 0 
553 1 449 1296 423 617 -1 -1 -1 0 
554 1 460 1301 405 617 -1 -1 -1 0 
555 1 489 1301 370 612 -1 -1 -1 0 
556 1 508 1301 349 618 -1 -1 -1 0 
557 1 513 1301 342 614 -1 -1 -1 0 
558 1 512 1302 344 614 -1 -1 -1 0 
559 1 515 1303 345 612 -1 -1 -1 0 
560 1 514 1302 341 609 -1 -1 -1 0 
561 1 511 1303 347 606 -1 -1 -1 0 
562 1 514 1304 348 607 -1 -1 -1 0 
563 1 512 1306 352 606 -1 -1 -1 0 
564 1 508 1309 359 604 -1 -1 -1 0 
565 1 504 1309 364 604 -1 -1 -1 0 
566 1 501 1308 366 607 -1 -1 -1 0 
567 1 495 1303 372 612 -1 -1 -1 0 
568 1 492 1297 374 618 -1 -1 -1 0 
569 1 488 1291 373 622 -1 -1 -1 0 
570 1 487 1281 373 631 -1 -1 -1 0 
571 1 488 1274 374 640 -1 -1 -1 0 
572 1 477 1265 385 650 -1 -1 -1 0 
573 1 481 1254 379 663 -1 -1 -1 0 
574 1 483 1240 378 677 -1 -1 -1 0 
575 1 478 1231 383 687 -1 -1 -1 0 
576 1 466 1222 393 697 -1 -1 -1 0 
577 1 462 1214 395 705 -1 -1 -1 0 
578 1 454 1205 396 714 -1 -1 -1 0 
579 1 447 1201 399 716 -1 -1 -1 0 
580 1 434 1195 404 723 -1 -1 -1 0 
581 1 425 1189 401 729 -1 -1 -1 0 
582 1 416 1187 396 730 -1 -1 -1 0 
583 1 399 1183 402 734 -1 -1 -1 0 
584 1 378 1176 409 742 -1 -1 -1 0 
585 1 361 1173 414 744 -1 -1 -1 0 
586 1 334 1161 426 756 -1 -1 -1 0 
587 1 311 1150 434 767 -1 -1 -1 0 
588 1 307 1138 426 781 -1 -1 -1 0 
589 1 296 1124 421 790 -1 -1 -1 0 
590 1 252 1107 453 810 -1 -1 -1 0 
591 1 231 1095 467 812 -1 -1 -1 0 
592 1 233 1088 460 821 -1 -1 -1 0 
593 1 236 1081 452 832 -1 -1 -1 0 
594 1 236 1069 446 844 -1 -1 -1 0 
595 1 241 1059 440 846 -1 -1 -1 0 
596 1 244 1047 432 861 -1 -1 -1 0 
597 1 250 1044 422 866 -1 -1 -1 0 
598 1 254 1038 415 873 -1 -1 -1 0 
599 1 260 1043 406 872 -1 -1 -1 0 
600 1 269 1042 395 872 -1 -1 -1 0 
601 1 269 1027 394 887 -1 -1 -1 0 
602 1 280 1034 384 880 -1 -1 -1 0 
603 1 289 1031 373 883 -1 -1 -1 0 
604 1 290 1029 374 887 -1 -1 -1 0 
605 1 306 1023 359 890 -1 -1 -1 0 
606 1 318 1018 352 895 -1 -1 -1 0 
607 1 325 1010 345 906 -1 -1 -1 0 
608 1 329 997 342 922 -1 -1 -1 0 
609 1 334 996 341 923 -1 -1 -1 0 
610 1 344 994 335 923 -1 -1 -1 0 
611 1 347 981 330 919 -1 -1 -1 0 
612 1 355 986 325 885 -1 -1 -1 0 
613 1 369 988 317 850 -1 -1 -1 0 
614 1 371 979 319 831 -1 -1 -1 0 
615 1 382 969 312 795 -1 -1 -1 0 
616 1 392 967 309 810 -1 -1 -1 0 
617 1 400 968 303 815 -1 -1 -1 0 
618 1 412 966 300 816 -1 -1 -1 0 
619 1 425 965 289 825 -1 -1 -1 0 
620 1 436 961 280 839 -1 -1 -1 0 
621 1 440 965 281 841 -1 -1 -1 0 
622 1 447 964 275 840 -1 -1 -1 0 
623 1 452 970 269 844 -1 -1 -1 0 
624 1 455 968 264 841 -1 -1 -1 0 
625 1 459 968 259 844 -1 -1 -1 0 
626 1 463 962 252 860 -1 -1 -1 0 
627 1 463 963 250 837 -1 -1 -1 0 
628 1 461 957 250 826 -1 -1 -1 0 
629 1 460 955 249 811 -1 -1 -1 0 
630 1 460 951 249 780 -1 -1 -1 0 
631 1 457 955 252 726 -1 -1 -1 0 
632 1 458 958 251 712 -1 -1 -1 0 
633 1 459 955 253 713 -1 -1 -1 0 
634 1 462 952 252 699 -1 -1 -1 0 
635 1 462 952 254 698 -1 -1 -1 0 
636 1 463 956 254 699 -1 -1 -1 0 
637 1 463 962 255 703 -1 -1 -1 0 
638 1 463 965 256 715 -1 -1 -1 0 
639 1 462 965 256 726 -1 -1 -1 0 
640 1 460 964 256 747 -1 -1 -1 0 
641 1 458 963 253 759 -1 -1 -1 0 
642 1 457 961 250 763 -1 -1 -1 0 
643 1 455 960 250 766 -1 -1 -1 0 
644 1 455 961 247 764 -1 -1 -1 0 
645 1 457 956 241 781 -1 -1 -1 0 
646 1 457 946 238 799 -1 -1 -1 0 
647 1 455 954 238 720 -1 -1 -1 0 
648 1 452 953 241 725 -1 -1 -1 0 
649 1 450 952 243 702 -1 -1 -1 0 
650 1 449 953 241 695 -1 -1 -1 0 
651 1 448 952 240 683 -1 -1 -1 0 
652 1 446 953 242 669 -1 -1 -1 0 
653 1 445 956 242 660 -1 -1 -1 0 
654 1 445 961 242 656 -1 -1 -1 0 
655 1 444 962 244 656 -1 -1 -1 0 
656 1 446 961 241 678 -1 -1 -1 0 
657 1 444 962 240 684 -1 -1 -1 0 
658 1 442 966 240 694 -1 -1 -1 0 
659 1 436 971 238 707 -1 -1 -1 0 
660 1 434 968 233 730 -1 -1 -1 0 
661 1 430 970 231 743 -1 -1 -1 0 
662 1 422 980 232 742 -1 -1 -1 0 
663 1 410 978 234 739 -1 -1 -1 0 
664 1 404 970 236 735 -1 -1 -1 0 
665 1 398 971 236 726 -1 -1 -1 0 
666 1 393 960 229 746 -1 -1 -1 0 
667 1 384 950 231 771 -1 -1 -1 0 
668 1 378 947 229 749 -1 -1 -1 0 
669 1 371 946 230 736 -1 -1 -1 0 
670 1 364 936 231 731 -1 -1 -1 0 
671 1 352 936 235 702 -1 -1 -1 0 
672 1 349 937 234 683 -1 -1 -1 0 
673 1 341 936 236 674 -1 -1 -1 0 
674 1 347 933 225 666 -1 -1 -1 0 
675 1 339 934 237 664 -1 -1 -1 0 
676 1 348 930 220 672 -1 -1 -1 0 
677 1 340 940 231 688 -1 -1 -1 0 
678 1 334 941 236 704 -1 -1 -1 0 
679 1 328 942 240 703 -1 -1 -1 0 
680 1 331 938 229 714 -1 -1 -1 0 
681 1 330 945 222 725 -1 -1 -1 0 
682 1 327 945 222 734 -1 -1 -1 0 
683 1 331 947 218 745 -1 -1 -1 0 
684 1 330 949 219 750 -1 -1 -1 0 
685 1 330 945 220 750 -1 -1 -1 0 
