201 3 8 9 629 455 -1 -1 -1 0 
210 3 162 0 462 469 -1 -1 -1 0 
211 3 183 0 443 479 -1 -1 -1 0 
212 3 241 0 391 479 -1 -1 -1 0 
213 3 272 0 362 476 -1 -1 -1 0 
214 3 310 0 329 471 -1 -1 -1 0 
215 3 337 0 300 476 -1 -1 -1 0 
216 3 354 1 285 477 -1 -1 -1 0 
217 3 375 2 264 472 -1 -1 -1 0 
218 3 395 7 243 468 -1 -1 -1 0 
219 3 416 5 222 474 -1 -1 -1 0 
220 3 421 2 218 474 -1 -1 -1 0 
221 3 431 1 208 477 -1 -1 -1 0 
222 3 432 1 207 477 -1 -1 -1 0 
223 3 427 2 212 477 -1 -1 -1 0 
224 3 427 3 212 476 -1 -1 -1 0 
225 3 411 2 228 477 -1 -1 -1 0 
226 3 405 4 234 475 -1 -1 -1 0 
227 3 392 5 247 472 -1 -1 -1 0 
228 3 372 20 267 436 -1 -1 -1 0 
229 3 375 3 264 475 -1 -1 -1 0 
230 3 375 4 264 474 -1 -1 -1 0 
231 3 375 5 264 472 -1 -1 -1 0 
232 3 377 4 262 474 -1 -1 -1 0 
233 3 388 1 251 470 -1 -1 -1 0 
234 3 395 2 244 472 -1 -1 -1 0 
235 3 400 6 239 468 -1 -1 -1 0 
236 3 418 11 221 466 -1 -1 -1 0 
237 3 434 5 205 474 -1 -1 -1 0 
238 3 439 12 199 466 -1 -1 -1 0 
239 3 459 2 179 477 -1 -1 -1 0 
240 3 464 1 175 478 -1 -1 -1 0 
241 3 476 6 163 470 -1 -1 -1 0 
242 3 481 12 158 459 -1 -1 -1 0 
243 3 482 12 157 461 -1 -1 -1 0 
244 3 480 12 159 461 -1 -1 -1 0 
245 3 478 11 161 460 -1 -1 -1 0 
246 3 463 9 176 467 -1 -1 -1 0 
247 3 458 13 180 460 -1 -1 -1 0 
248 3 450 13 189 461 -1 -1 -1 0 
249 3 439 5 200 467 -1 -1 -1 0 
250 3 436 1 203 475 -1 -1 -1 0 
251 3 425 0 214 479 -1 -1 -1 0 
252 3 419 0 220 479 -1 -1 -1 0 
253 3 415 0 224 479 -1 -1 -1 0 
254 3 404 0 235 478 -1 -1 -1 0 
255 3 400 0 239 479 -1 -1 -1 0 
256 3 396 0 243 479 -1 -1 -1 0 
257 3 394 0 245 479 -1 -1 -1 0 
258 3 392 14 247 447 -1 -1 -1 0 
259 3 395 0 241 479 -1 -1 -1 0 
260 3 400 0 234 479 -1 -1 -1 0 
261 3 404 0 229 479 -1 -1 -1 0 
262 3 415 8 214 471 -1 -1 -1 0 
263 3 418 14 210 465 -1 -1 -1 0 
264 3 421 18 206 461 -1 -1 -1 0 
265 3 422 18 203 461 -1 -1 -1 0 
266 3 419 18 203 460 -1 -1 -1 0 
267 3 416 19 204 457 -1 -1 -1 0 
268 3 411 23 205 452 -1 -1 -1 0 
269 3 407 28 207 446 -1 -1 -1 0 
270 3 401 36 207 437 -1 -1 -1 0 
271 3 398 40 209 434 -1 -1 -1 0 
272 3 397 48 201 426 -1 -1 -1 0 
273 3 394 51 201 423 -1 -1 -1 0 
274 3 385 54 200 425 -1 -1 -1 0 
275 3 383 56 196 423 -1 -1 -1 0 
276 3 382 57 190 420 -1 -1 -1 0 
277 3 381 56 186 421 -1 -1 -1 0 
278 3 380 60 181 419 -1 -1 -1 0 
279 3 379 63 180 414 -1 -1 -1 0 
280 3 380 65 177 409 -1 -1 -1 0 
281 3 379 67 178 409 -1 -1 -1 0 
282 3 381 70 176 405 -1 -1 -1 0 
283 3 382 70 176 405 -1 -1 -1 0 
284 3 386 71 172 402 -1 -1 -1 0 
285 3 386 71 172 402 -1 -1 -1 0 
286 3 385 72 172 400 -1 -1 -1 0 
287 3 379 76 174 400 -1 -1 -1 0 
288 3 373 77 177 401 -1 -1 -1 0 
289 3 360 80 183 399 -1 -1 -1 0 
290 3 355 81 183 398 -1 -1 -1 0 
291 3 342 85 182 393 -1 -1 -1 0 
292 3 329 88 179 391 -1 -1 -1 0 
293 3 320 90 176 389 -1 -1 -1 0 
294 3 304 87 174 385 -1 -1 -1 0 
295 3 295 85 174 387 -1 -1 -1 0 
296 3 287 84 172 394 -1 -1 -1 0 
297 3 284 84 170 393 -1 -1 -1 0 
298 3 283 84 167 392 -1 -1 -1 0 
299 3 284 85 166 391 -1 -1 -1 0 
300 3 288 87 160 391 -1 -1 -1 0 
301 3 289 89 157 390 -1 -1 -1 0 
302 3 293 91 153 388 -1 -1 -1 0 
303 3 293 93 155 386 -1 -1 -1 0 
304 3 288 86 165 393 -1 -1 -1 0 
305 3 288 91 165 388 -1 -1 -1 0 
306 3 295 104 156 375 -1 -1 -1 0 
307 3 294 105 158 374 -1 -1 -1 0 
308 3 294 105 157 374 -1 -1 -1 0 
309 3 294 107 155 372 -1 -1 -1 0 
310 3 292 94 155 385 -1 -1 -1 0 
311 3 291 94 154 385 -1 -1 -1 0 
312 3 295 107 149 371 -1 -1 -1 0 
313 3 293 109 151 369 -1 -1 -1 0 
314 3 292 113 147 365 -1 -1 -1 0 
315 3 281 120 148 358 -1 -1 -1 0 
316 3 275 120 150 359 -1 -1 -1 0 
317 3 275 119 136 360 -1 -1 -1 0 
318 3 267 120 141 358 -1 -1 -1 0 
319 3 271 120 125 359 -1 -1 -1 0 
320 3 255 119 136 360 -1 -1 -1 0 
321 3 246 120 144 359 -1 -1 -1 0 
322 3 251 118 138 361 -1 -1 -1 0 
323 3 254 105 141 374 -1 -1 -1 0 
324 3 254 116 137 362 -1 -1 -1 0 
325 3 255 118 133 361 -1 -1 -1 0 
326 3 260 119 127 360 -1 -1 -1 0 
327 3 275 119 114 360 -1 -1 -1 0 
328 3 281 120 109 357 -1 -1 -1 0 
329 3 287 120 103 356 -1 -1 -1 0 
330 3 289 120 104 355 -1 -1 -1 0 
331 3 292 115 102 360 -1 -1 -1 0 
332 3 292 110 106 366 -1 -1 -1 0 
333 3 295 107 115 369 -1 -1 -1 0 
334 3 299 107 119 369 -1 -1 -1 0 
335 3 309 108 140 369 -1 -1 -1 0 
336 3 315 108 149 371 -1 -1 -1 0 
337 3 332 110 139 368 -1 -1 -1 0 
338 3 337 113 139 365 -1 -1 -1 0 
339 3 345 116 129 363 -1 -1 -1 0 
340 3 348 118 129 361 -1 -1 -1 0 
341 3 352 117 125 360 -1 -1 -1 0 
342 3 370 112 113 367 -1 -1 -1 0 
343 3 385 112 100 366 -1 -1 -1 0 
344 3 391 112 97 364 -1 -1 -1 0 
345 3 394 114 98 360 -1 -1 -1 0 
346 3 394 115 108 358 -1 -1 -1 0 
347 3 385 116 127 361 -1 -1 -1 0 
348 3 381 117 134 359 -1 -1 -1 0 
349 3 379 114 143 361 -1 -1 -1 0 
350 3 376 113 149 363 -1 -1 -1 0 
351 3 373 113 151 361 -1 -1 -1 0 
352 3 369 118 162 359 -1 -1 -1 0 
353 3 372 118 161 361 -1 -1 -1 0 
354 3 361 113 170 365 -1 -1 -1 0 
355 3 354 112 174 366 -1 -1 -1 0 
356 3 347 114 180 365 -1 -1 -1 0 
357 3 346 117 182 362 -1 -1 -1 0 
358 3 358 119 162 360 -1 -1 -1 0 
359 3 350 119 168 360 -1 -1 -1 0 
360 3 357 112 148 365 -1 -1 -1 0 
361 3 341 112 145 362 -1 -1 -1 0 
362 3 357 108 105 366 -1 -1 -1 0 
363 3 349 106 112 368 -1 -1 -1 0 
364 3 339 109 125 365 -1 -1 -1 0 
365 3 323 106 146 371 -1 -1 -1 0 
366 3 309 116 152 360 -1 -1 -1 0 
367 3 301 118 154 357 -1 -1 -1 0 
368 3 286 121 153 351 -1 -1 -1 0 
369 3 276 123 144 350 -1 -1 -1 0 
370 3 273 126 138 348 -1 -1 -1 0 
371 3 267 121 140 353 -1 -1 -1 0 
372 3 258 116 148 363 -1 -1 -1 0 
373 3 255 92 144 387 -1 -1 -1 0 
374 3 243 105 159 371 -1 -1 -1 0 
375 3 243 105 156 372 -1 -1 -1 0 
376 3 237 108 156 370 -1 -1 -1 0 
377 3 237 109 156 368 -1 -1 -1 0 
378 3 240 108 152 368 -1 -1 -1 0 
379 3 246 106 143 371 -1 -1 -1 0 
380 3 256 101 134 378 -1 -1 -1 0 
381 3 252 106 141 372 -1 -1 -1 0 
382 3 250 105 143 374 -1 -1 -1 0 
383 3 250 106 145 373 -1 -1 -1 0 
384 3 252 104 149 375 -1 -1 -1 0 
385 3 257 104 152 375 -1 -1 -1 0 
386 3 261 104 158 375 -1 -1 -1 0 
387 3 262 104 164 374 -1 -1 -1 0 
388 3 255 103 175 374 -1 -1 -1 0 
389 3 254 104 178 372 -1 -1 -1 0 
390 3 285 103 159 373 -1 -1 -1 0 
391 3 319 99 141 377 -1 -1 -1 0 
392 3 325 95 146 381 -1 -1 -1 0 
393 3 324 92 161 385 -1 -1 -1 0 
394 3 325 93 163 382 -1 -1 -1 0 
395 3 323 89 164 388 -1 -1 -1 0 
396 3 318 91 165 382 -1 -1 -1 0 
397 3 315 91 162 381 -1 -1 -1 0 
398 3 310 92 164 380 -1 -1 -1 0 
399 3 304 91 163 380 -1 -1 -1 0 
400 3 302 91 161 379 -1 -1 -1 0 
401 3 297 89 164 382 -1 -1 -1 0 
402 3 296 87 164 385 -1 -1 -1 0 
403 3 295 83 167 390 -1 -1 -1 0 
404 3 294 82 170 391 -1 -1 -1 0 
405 3 297 80 172 394 -1 -1 -1 0 
406 3 300 78 173 398 -1 -1 -1 0 
407 3 304 80 174 398 -1 -1 -1 0 
408 3 307 80 173 399 -1 -1 -1 0 
409 3 316 73 169 403 -1 -1 -1 0 
410 3 320 68 167 410 -1 -1 -1 0 
411 3 321 58 177 419 -1 -1 -1 0 
412 3 323 56 184 417 -1 -1 -1 0 
413 3 323 50 196 421 -1 -1 -1 0 
414 3 324 44 205 429 -1 -1 -1 0 
415 3 327 36 210 439 -1 -1 -1 0 
416 3 332 24 214 453 -1 -1 -1 0 
417 3 332 18 225 451 -1 -1 -1 0 
418 3 333 14 229 456 -1 -1 -1 0 
419 3 332 11 233 460 -1 -1 -1 0 
420 3 331 8 236 464 -1 -1 -1 0 
421 3 328 0 242 472 -1 -1 -1 0 
422 3 327 0 244 477 -1 -1 -1 0 
423 3 320 0 251 479 -1 -1 -1 0 
424 3 318 0 254 479 -1 -1 -1 0 
425 3 315 0 260 479 -1 -1 -1 0 
426 3 311 0 274 479 -1 -1 -1 0 
427 3 311 0 280 478 -1 -1 -1 0 
428 3 312 0 293 473 -1 -1 -1 0 
429 3 314 0 296 472 -1 -1 -1 0 
430 3 318 7 299 468 -1 -1 -1 0 
431 3 324 5 315 469 -1 -1 -1 0 
432 3 329 0 310 475 -1 -1 -1 0 
433 3 328 0 310 474 -1 -1 -1 0 
434 3 326 0 311 475 -1 -1 -1 0 
435 3 322 2 317 473 -1 -1 -1 0 
436 3 320 7 317 465 -1 -1 -1 0 
437 3 318 7 320 463 -1 -1 -1 0 
438 3 307 11 332 463 -1 -1 -1 0 
439 3 286 5 353 468 -1 -1 -1 0 
440 3 268 0 370 476 -1 -1 -1 0 
441 3 255 1 381 475 -1 -1 -1 0 
442 3 203 1 433 472 -1 -1 -1 0 
443 3 185 4 450 468 -1 -1 -1 0 
444 3 108 1 522 473 -1 -1 -1 0 
445 3 78 0 549 478 -1 -1 -1 0 
446 3 66 1 567 474 -1 -1 -1 0 
447 3 26 1 596 471 -1 -1 -1 0 
448 3 29 0 587 472 -1 -1 -1 0 
449 3 22 2 606 472 -1 -1 -1 0 
450 3 21 4 613 470 -1 -1 -1 0 
451 3 23 3 616 470 -1 -1 -1 0 
452 3 9 5 630 460 -1 -1 -1 0 
469 3 0 10 616 459 -1 -1 -1 0 
474 3 0 6 633 459 -1 -1 -1 0 
475 3 0 7 636 456 -1 -1 -1 0 
476 3 9 11 630 449 -1 -1 -1 0 
477 3 11 13 625 445 -1 -1 -1 0 
479 3 291 1 313 474 -1 -1 -1 0 
480 3 319 0 289 475 -1 -1 -1 0 
482 4 23 2 616 477 -1 -1 -1 0 
486 3 264 0 375 477 -1 -1 -1 0 
486 4 44 0 595 459 -1 -1 -1 0 
487 3 182 0 457 478 -1 -1 -1 0 
488 3 177 0 460 479 -1 -1 -1 0 
489 3 261 1 373 477 -1 -1 -1 0 
490 3 274 0 363 476 -1 -1 -1 0 
491 3 282 3 356 472 -1 -1 -1 0 
492 3 295 3 344 470 -1 -1 -1 0 
493 3 304 0 335 475 -1 -1 -1 0 
494 3 308 2 331 469 -1 -1 -1 0 
495 3 312 8 327 459 -1 -1 -1 0 
496 3 315 9 324 459 -1 -1 -1 0 
497 3 317 6 322 467 -1 -1 -1 0 
498 3 318 6 321 464 -1 -1 -1 0 
499 3 320 4 318 465 -1 -1 -1 0 
500 3 317 3 322 465 -1 -1 -1 0 
501 3 313 3 326 468 -1 -1 -1 0 
502 3 305 2 334 472 -1 -1 -1 0 
503 3 302 0 337 477 -1 -1 -1 0 
504 3 293 3 341 473 -1 -1 -1 0 
505 3 289 1 333 475 -1 -1 -1 0 
506 3 286 0 328 473 -1 -1 -1 0 
507 3 283 0 324 473 -1 -1 -1 0 
508 3 286 1 318 478 -1 -1 -1 0 
509 3 286 1 317 478 -1 -1 -1 0 
510 3 293 1 315 478 -1 -1 -1 0 
511 3 300 4 312 475 -1 -1 -1 0 
512 3 319 2 295 477 -1 -1 -1 0 
513 3 336 6 293 473 -1 -1 -1 0 
514 3 351 6 283 473 -1 -1 -1 0 
515 3 376 8 259 471 -1 -1 -1 0 
516 3 383 4 253 475 -1 -1 -1 0 
517 3 400 26 239 424 -1 -1 -1 0 
518 3 402 25 237 426 -1 -1 -1 0 
519 3 399 26 240 424 -1 -1 -1 0 
520 3 394 24 245 427 -1 -1 -1 0 
521 3 391 23 248 427 -1 -1 -1 0 
522 3 388 21 251 427 -1 -1 -1 0 
523 3 380 23 257 424 -1 -1 -1 0 
524 3 380 8 247 467 -1 -1 -1 0 
525 3 376 2 245 477 -1 -1 -1 0 
526 3 374 0 240 479 -1 -1 -1 0 
527 3 369 0 236 479 -1 -1 -1 0 
528 3 361 20 242 425 -1 -1 -1 0 
529 3 361 21 237 423 -1 -1 -1 0 
530 3 363 5 226 467 -1 -1 -1 0 
531 3 360 11 226 461 -1 -1 -1 0 
532 3 359 15 224 460 -1 -1 -1 0 
533 3 359 21 215 449 -1 -1 -1 0 
534 3 361 32 210 438 -1 -1 -1 0 
535 3 360 36 209 433 -1 -1 -1 0 
536 3 359 39 208 431 -1 -1 -1 0 
537 3 360 45 203 422 -1 -1 -1 0 
538 3 359 47 197 420 -1 -1 -1 0 
539 3 358 50 192 419 -1 -1 -1 0 
540 3 356 52 187 421 -1 -1 -1 0 
541 3 354 55 185 419 -1 -1 -1 0 
542 3 351 54 184 422 -1 -1 -1 0 
543 3 345 56 181 421 -1 -1 -1 0 
544 3 340 60 183 417 -1 -1 -1 0 
545 3 336 66 182 411 -1 -1 -1 0 
546 3 333 71 180 406 -1 -1 -1 0 
547 3 324 75 179 404 -1 -1 -1 0 
548 3 321 79 173 399 -1 -1 -1 0 
549 3 314 81 173 398 -1 -1 -1 0 
550 3 300 84 175 389 -1 -1 -1 0 
551 3 293 83 170 390 -1 -1 -1 0 
552 3 289 82 168 393 -1 -1 -1 0 
553 3 282 83 172 395 -1 -1 -1 0 
554 3 280 84 173 395 -1 -1 -1 0 
555 3 282 86 169 393 -1 -1 -1 0 
556 3 295 91 151 388 -1 -1 -1 0 
557 3 297 95 150 384 -1 -1 -1 0 
558 3 295 99 150 380 -1 -1 -1 0 
559 3 297 103 145 375 -1 -1 -1 0 
560 3 294 108 147 368 -1 -1 -1 0 
561 3 292 111 146 364 -1 -1 -1 0 
562 3 292 112 141 363 -1 -1 -1 0 
563 3 287 114 143 360 -1 -1 -1 0 
564 3 278 102 152 377 -1 -1 -1 0 
565 3 275 102 154 377 -1 -1 -1 0 
566 3 284 117 137 358 -1 -1 -1 0 
567 3 279 119 139 356 -1 -1 -1 0 
568 3 280 120 135 355 -1 -1 -1 0 
569 3 279 121 135 354 -1 -1 -1 0 
570 3 278 124 137 351 -1 -1 -1 0 
571 3 276 124 141 353 -1 -1 -1 0 
572 3 277 123 139 355 -1 -1 -1 0 
573 3 275 124 140 353 -1 -1 -1 0 
574 3 276 123 134 353 -1 -1 -1 0 
575 3 274 122 136 355 -1 -1 -1 0 
576 3 276 122 132 357 -1 -1 -1 0 
577 3 279 123 127 356 -1 -1 -1 0 
578 3 280 123 125 355 -1 -1 -1 0 
579 3 280 122 125 356 -1 -1 -1 0 
580 3 273 123 133 355 -1 -1 -1 0 
581 3 274 124 131 354 -1 -1 -1 0 
582 3 282 124 122 354 -1 -1 -1 0 
583 3 281 124 124 354 -1 -1 -1 0 
584 3 283 123 121 355 -1 -1 -1 0 
585 3 283 124 121 355 -1 -1 -1 0 
586 3 281 123 125 356 -1 -1 -1 0 
587 3 281 123 124 356 -1 -1 -1 0 
588 3 279 122 127 357 -1 -1 -1 0 
589 3 280 123 124 356 -1 -1 -1 0 
590 3 282 123 124 356 -1 -1 -1 0 
591 3 283 124 123 353 -1 -1 -1 0 
592 3 284 123 121 355 -1 -1 -1 0 
593 3 279 123 129 355 -1 -1 -1 0 
594 3 276 124 133 355 -1 -1 -1 0 
595 3 271 123 139 356 -1 -1 -1 0 
596 3 267 124 145 353 -1 -1 -1 0 
597 3 272 125 143 352 -1 -1 -1 0 
598 3 276 126 145 352 -1 -1 -1 0 
599 3 282 126 141 353 -1 -1 -1 0 
600 3 287 120 142 359 -1 -1 -1 0 
601 3 291 108 144 371 -1 -1 -1 0 
602 3 289 100 152 379 -1 -1 -1 0 
603 3 286 92 167 387 -1 -1 -1 0 
604 3 286 83 177 396 -1 -1 -1 0 
605 3 286 83 184 396 -1 -1 -1 0 
606 3 288 82 189 396 -1 -1 -1 0 
607 3 290 81 197 398 -1 -1 -1 0 
608 3 293 80 196 395 -1 -1 -1 0 
609 3 296 73 194 405 -1 -1 -1 0 
610 3 295 66 198 411 -1 -1 -1 0 
611 3 295 55 200 418 -1 -1 -1 0 
612 3 294 48 204 429 -1 -1 -1 0 
613 3 290 43 216 436 -1 -1 -1 0 
614 3 289 37 220 442 -1 -1 -1 0 
615 3 289 34 223 443 -1 -1 -1 0 
616 3 294 28 225 446 -1 -1 -1 0 
617 3 296 26 228 447 -1 -1 -1 0 
618 3 305 15 230 463 -1 -1 -1 0 
619 3 308 9 237 470 -1 -1 -1 0 
620 3 313 6 238 473 -1 -1 -1 0 
621 3 323 0 244 477 -1 -1 -1 0 
622 3 329 0 261 479 -1 -1 -1 0 
623 3 330 25 272 427 -1 -1 -1 0 
624 3 334 0 290 479 -1 -1 -1 0 
625 3 335 0 299 479 -1 -1 -1 0 
626 3 339 1 300 478 -1 -1 -1 0 
627 3 344 3 295 476 -1 -1 -1 0 
628 3 349 4 290 474 -1 -1 -1 0 
629 3 353 1 286 474 -1 -1 -1 0 
630 3 357 9 281 464 -1 -1 -1 0 
631 3 354 9 283 466 -1 -1 -1 0 
632 3 349 7 290 467 -1 -1 -1 0 
633 3 337 2 302 477 -1 -1 -1 0 
634 3 329 6 310 472 -1 -1 -1 0 
635 3 321 4 318 472 -1 -1 -1 0 
636 3 317 3 322 474 -1 -1 -1 0 
637 3 309 6 328 473 -1 -1 -1 0 
638 3 307 1 331 478 -1 -1 -1 0 
639 3 302 0 337 474 -1 -1 -1 0 
640 3 309 0 330 479 -1 -1 -1 0 
641 3 309 1 330 478 -1 -1 -1 0 
642 3 299 0 340 478 -1 -1 -1 0 
643 3 265 0 373 479 -1 -1 -1 0 
644 3 234 0 405 479 -1 -1 -1 0 
645 3 205 0 425 479 -1 -1 -1 0 
646 3 153 0 485 477 -1 -1 -1 0 
651 3 18 3 621 476 -1 -1 -1 0 
652 3 9 1 627 473 -1 -1 -1 0 
653 3 1 3 624 466 -1 -1 -1 0 
658 3 0 5 608 465 -1 -1 -1 0 
667 3 1 6 611 461 -1 -1 -1 0 
671 3 6 0 631 478 -1 -1 -1 0 
672 3 11 0 628 479 -1 -1 -1 0 
673 3 20 0 619 479 -1 -1 -1 0 
674 3 14 0 625 479 -1 -1 -1 0 
675 3 14 0 625 479 -1 -1 -1 0 
676 3 12 0 627 479 -1 -1 -1 0 
677 3 13 0 626 479 -1 -1 -1 0 
678 3 14 0 625 479 -1 -1 -1 0 
679 3 16 0 622 479 -1 -1 -1 0 
680 3 18 0 617 479 -1 -1 -1 0 
681 3 17 0 619 479 -1 -1 -1 0 
682 3 13 0 622 479 -1 -1 -1 0 
683 3 13 0 621 479 -1 -1 -1 0 
684 3 15 0 619 479 -1 -1 -1 0 
685 3 15 0 618 479 -1 -1 -1 0 
686 3 9 0 622 479 -1 -1 -1 0 
687 3 10 0 623 479 -1 -1 -1 0 
688 3 11 0 623 479 -1 -1 -1 0 
689 3 10 0 624 479 -1 -1 -1 0 
690 3 12 0 626 479 -1 -1 -1 0 
691 3 11 0 623 479 -1 -1 -1 0 
692 3 13 0 621 479 -1 -1 -1 0 
693 3 16 0 614 479 -1 -1 -1 0 
694 3 17 0 615 479 -1 -1 -1 0 
695 3 18 0 615 479 -1 -1 -1 0 
696 3 15 0 618 479 -1 -1 -1 0 
697 3 18 0 614 479 -1 -1 -1 0 
698 3 18 0 615 479 -1 -1 -1 0 
699 3 17 0 617 479 -1 -1 -1 0 
700 3 16 0 619 479 -1 -1 -1 0 
701 3 14 0 621 479 -1 -1 -1 0 
702 3 16 0 617 479 -1 -1 -1 0 
703 3 11 0 623 479 -1 -1 -1 0 
704 3 14 0 618 479 -1 -1 -1 0 
705 3 11 0 622 479 -1 -1 -1 0 
706 3 10 0 623 479 -1 -1 -1 0 
707 3 14 0 618 479 -1 -1 -1 0 
708 3 12 0 622 479 -1 -1 -1 0 
709 3 14 0 620 479 -1 -1 -1 0 
710 3 14 0 619 479 -1 -1 -1 0 
711 3 11 0 624 479 -1 -1 -1 0 
712 3 11 0 622 479 -1 -1 -1 0 
713 3 12 0 621 479 -1 -1 -1 0 
714 3 8 0 624 479 -1 -1 -1 0 
715 3 10 0 623 479 -1 -1 -1 0 
716 3 11 0 622 479 -1 -1 -1 0 
717 3 11 0 621 479 -1 -1 -1 0 
718 3 11 0 621 479 -1 -1 -1 0 
719 3 13 0 617 479 -1 -1 -1 0 
720 3 12 0 619 479 -1 -1 -1 0 
721 3 12 0 619 479 -1 -1 -1 0 
722 3 11 0 622 479 -1 -1 -1 0 
723 3 14 0 617 479 -1 -1 -1 0 
724 3 11 0 620 479 -1 -1 -1 0 
725 3 9 0 624 479 -1 -1 -1 0 
726 3 10 0 622 479 -1 -1 -1 0 
727 3 12 0 619 479 -1 -1 -1 0 
728 3 14 0 617 479 -1 -1 -1 0 
729 3 13 0 619 479 -1 -1 -1 0 
730 3 13 0 617 479 -1 -1 -1 0 
731 3 11 0 620 479 -1 -1 -1 0 
732 3 12 0 620 479 -1 -1 -1 0 
733 3 13 0 620 479 -1 -1 -1 0 
734 3 10 0 624 479 -1 -1 -1 0 
735 3 11 0 622 479 -1 -1 -1 0 
736 3 12 0 620 479 -1 -1 -1 0 
737 3 13 0 620 479 -1 -1 -1 0 
738 3 11 1 620 478 -1 -1 -1 0 
739 3 11 1 622 478 -1 -1 -1 0 
740 3 12 1 621 478 -1 -1 -1 0 
741 3 11 0 621 479 -1 -1 -1 0 
742 3 9 0 625 479 -1 -1 -1 0 
743 3 12 0 620 479 -1 -1 -1 0 
744 3 14 0 616 479 -1 -1 -1 0 
745 3 11 0 622 479 -1 -1 -1 0 
746 3 12 0 620 479 -1 -1 -1 0 
747 3 13 0 620 479 -1 -1 -1 0 
748 3 12 0 620 479 -1 -1 -1 0 
749 3 9 0 625 479 -1 -1 -1 0 
750 3 12 0 619 479 -1 -1 -1 0 
751 3 7 0 624 479 -1 -1 -1 0 
752 3 6 0 625 479 -1 -1 -1 0 
753 3 4 0 626 479 -1 -1 -1 0 
754 3 4 0 626 479 -1 -1 -1 0 
755 3 9 0 621 479 -1 -1 -1 0 
756 3 6 0 626 479 -1 -1 -1 0 
757 3 6 0 627 479 -1 -1 -1 0 
758 3 11 0 620 479 -1 -1 -1 0 
759 3 13 0 619 479 -1 -1 -1 0 
787 3 4 0 635 469 -1 -1 -1 0 
788 3 6 6 629 460 -1 -1 -1 0 
789 3 12 3 626 471 -1 -1 -1 0 
792 3 99 4 520 461 -1 -1 -1 0 
793 3 192 0 430 477 -1 -1 -1 0 
794 3 212 8 417 467 -1 -1 -1 0 
795 3 247 0 382 479 -1 -1 -1 0 
