3 1 8 0 631 469 -1 -1 -1 0 
4 1 7 0 632 468 -1 -1 -1 0 
5 1 6 0 633 468 -1 -1 -1 0 
6 1 6 0 633 468 -1 -1 -1 0 
7 1 9 1 630 468 -1 -1 -1 0 
8 1 10 1 629 469 -1 -1 -1 0 
9 1 10 1 629 469 -1 -1 -1 0 
10 1 11 0 628 469 -1 -1 -1 0 
11 1 10 1 629 468 -1 -1 -1 0 
12 1 10 2 629 468 -1 -1 -1 0 
13 1 9 1 630 468 -1 -1 -1 0 
14 1 10 0 629 469 -1 -1 -1 0 
15 1 10 1 629 467 -1 -1 -1 0 
16 1 15 1 624 467 -1 -1 -1 0 
17 1 14 1 625 467 -1 -1 -1 0 
18 1 16 0 623 469 -1 -1 -1 0 
19 1 16 0 623 470 -1 -1 -1 0 
20 1 25 1 614 470 -1 -1 -1 0 
21 1 24 2 615 470 -1 -1 -1 0 
22 1 28 0 609 470 -1 -1 -1 0 
23 1 31 0 607 471 -1 -1 -1 0 
24 1 31 0 608 471 -1 -1 -1 0 
25 1 28 0 610 470 -1 -1 -1 0 
26 1 26 0 612 469 -1 -1 -1 0 
27 1 26 0 612 469 -1 -1 -1 0 
28 1 27 0 610 468 -1 -1 -1 0 
29 1 26 0 613 468 -1 -1 -1 0 
30 1 30 0 606 468 -1 -1 -1 0 
31 1 30 0 608 467 -1 -1 -1 0 
32 1 32 0 603 466 -1 -1 -1 0 
33 1 29 0 608 468 -1 -1 -1 0 
34 1 29 0 608 469 -1 -1 -1 0 
35 1 25 0 611 469 -1 -1 -1 0 
36 1 54 8 583 465 -1 -1 -1 0 
37 1 57 9 582 465 -1 -1 -1 0 
38 1 54 11 585 463 -1 -1 -1 0 
39 1 53 10 586 462 -1 -1 -1 0 
40 1 54 10 585 462 -1 -1 -1 0 
41 1 54 11 585 461 -1 -1 -1 0 
42 1 56 12 583 459 -1 -1 -1 0 
43 1 61 10 578 460 -1 -1 -1 0 
44 1 56 11 583 459 -1 -1 -1 0 
45 1 60 10 579 460 -1 -1 -1 0 
46 1 38 14 601 462 -1 -1 -1 0 
47 1 57 10 582 461 -1 -1 -1 0 
48 1 60 10 579 464 -1 -1 -1 0 
49 1 57 10 582 464 -1 -1 -1 0 
50 1 43 14 595 464 -1 -1 -1 0 
51 1 39 16 600 462 -1 -1 -1 0 
52 1 40 16 597 463 -1 -1 -1 0 
53 1 40 17 597 462 -1 -1 -1 0 
54 1 39 16 599 463 -1 -1 -1 0 
55 1 42 16 595 463 -1 -1 -1 0 
56 1 51 8 588 464 -1 -1 -1 0 
57 1 52 7 587 465 -1 -1 -1 0 
58 1 51 7 588 465 -1 -1 -1 0 
59 1 55 8 584 464 -1 -1 -1 0 
60 1 58 7 581 466 -1 -1 -1 0 
61 1 60 6 579 468 -1 -1 -1 0 
62 1 61 7 578 467 -1 -1 -1 0 
63 1 60 7 579 466 -1 -1 -1 0 
64 1 61 6 578 466 -1 -1 -1 0 
65 1 24 3 615 471 -1 -1 -1 0 
66 1 23 2 616 471 -1 -1 -1 0 
67 1 28 2 611 472 -1 -1 -1 0 
68 1 21 2 617 473 -1 -1 -1 0 
69 1 18 1 621 471 -1 -1 -1 0 
70 1 32 9 600 469 -1 -1 -1 0 
71 1 38 18 596 460 -1 -1 -1 0 
72 1 35 22 604 456 -1 -1 -1 0 
73 1 39 11 599 468 -1 -1 -1 0 
74 1 27 2 611 477 -1 -1 -1 0 
75 1 74 1 565 478 -1 -1 -1 0 
76 1 91 2 545 477 -1 -1 -1 0 
77 1 62 5 577 474 -1 -1 -1 0 
78 1 102 9 533 470 -1 -1 -1 0 
79 1 162 4 467 475 -1 -1 -1 0 
80 1 235 0 397 479 -1 -1 -1 0 
81 1 251 7 385 471 -1 -1 -1 0 
82 1 274 13 361 462 -1 -1 -1 0 
83 1 337 1 302 471 -1 -1 -1 0 
84 1 379 0 260 470 -1 -1 -1 0 
85 1 437 0 200 474 -1 -1 -1 0 
86 1 454 10 185 469 -1 -1 -1 0 
87 1 519 5 118 468 -1 -1 -1 0 
89 1 542 5 82 468 -1 -1 -1 0 
91 2 539 322 100 153 -1 -1 -1 0 
92 2 543 327 96 146 -1 -1 -1 0 
93 2 547 335 92 139 -1 -1 -1 0 
94 2 547 343 92 133 -1 -1 -1 0 
95 2 549 368 90 109 -1 -1 -1 0 
96 2 556 372 82 104 -1 -1 -1 0 
103 2 557 375 81 101 -1 -1 -1 0 
104 2 558 375 80 101 -1 -1 -1 0 
105 2 557 375 81 100 -1 -1 -1 0 
107 2 561 331 78 143 -1 -1 -1 0 
108 2 563 324 76 151 -1 -1 -1 0 
110 2 542 229 95 240 -1 -1 -1 0 
111 2 535 214 104 260 -1 -1 -1 0 
112 2 536 23 100 446 -1 -1 -1 0 
113 2 532 0 91 448 -1 -1 -1 0 
115 3 265 1 374 464 -1 -1 -1 0 
116 3 180 55 456 397 -1 -1 -1 0 
117 3 75 60 557 395 -1 -1 -1 0 
118 3 61 62 576 389 -1 -1 -1 0 
119 3 40 53 598 402 -1 -1 -1 0 
120 3 43 46 593 412 -1 -1 -1 0 
121 3 22 38 611 427 -1 -1 -1 0 
122 3 18 31 615 440 -1 -1 -1 0 
123 3 14 30 624 443 -1 -1 -1 0 
124 3 17 27 621 446 -1 -1 -1 0 
125 3 13 32 626 435 -1 -1 -1 0 
126 3 19 17 606 462 -1 -1 -1 0 
127 3 152 3 472 465 -1 -1 -1 0 
128 3 74 4 565 469 -1 -1 -1 0 
129 3 21 21 618 446 -1 -1 -1 0 
130 3 11 19 619 457 -1 -1 -1 0 
131 3 4 13 625 466 -1 -1 -1 0 
132 3 3 7 632 472 -1 -1 -1 0 
133 3 1 12 637 465 -1 -1 -1 0 
134 3 6 10 629 466 -1 -1 -1 0 
135 3 5 9 627 469 -1 -1 -1 0 
136 3 7 9 623 469 -1 -1 -1 0 
137 3 6 8 628 470 -1 -1 -1 0 
138 3 7 7 623 470 -1 -1 -1 0 
139 3 5 5 626 473 -1 -1 -1 0 
140 3 3 5 629 471 -1 -1 -1 0 
141 3 3 4 630 472 -1 -1 -1 0 
142 3 4 2 628 474 -1 -1 -1 0 
143 3 3 1 631 475 -1 -1 -1 0 
144 3 4 0 628 477 -1 -1 -1 0 
145 3 3 0 628 478 -1 -1 -1 0 
146 3 3 2 628 475 -1 -1 -1 0 
147 3 4 2 627 476 -1 -1 -1 0 
148 3 5 2 628 476 -1 -1 -1 0 
149 3 5 2 629 476 -1 -1 -1 0 
150 3 6 2 628 475 -1 -1 -1 0 
151 3 7 3 626 474 -1 -1 -1 0 
152 3 4 3 630 474 -1 -1 -1 0 
153 3 3 3 631 474 -1 -1 -1 0 
154 3 5 3 628 475 -1 -1 -1 0 
155 3 4 2 630 477 -1 -1 -1 0 
156 3 4 1 629 478 -1 -1 -1 0 
157 3 4 1 630 477 -1 -1 -1 0 
158 3 4 1 631 478 -1 -1 -1 0 
159 3 5 1 629 477 -1 -1 -1 0 
160 3 5 1 628 478 -1 -1 -1 0 
161 3 5 0 629 479 -1 -1 -1 0 
162 3 5 0 629 479 -1 -1 -1 0 
163 3 5 1 628 478 -1 -1 -1 0 
164 3 4 1 629 478 -1 -1 -1 0 
165 3 4 1 628 478 -1 -1 -1 0 
166 3 4 0 629 479 -1 -1 -1 0 
167 3 3 0 630 479 -1 -1 -1 0 
168 3 3 0 630 479 -1 -1 -1 0 
169 3 4 0 630 479 -1 -1 -1 0 
170 3 3 0 632 479 -1 -1 -1 0 
171 3 3 1 631 478 -1 -1 -1 0 
172 3 2 0 633 479 -1 -1 -1 0 
173 3 1 0 634 479 -1 -1 -1 0 
174 3 2 0 632 479 -1 -1 -1 0 
175 3 2 0 632 479 -1 -1 -1 0 
176 3 3 0 633 479 -1 -1 -1 0 
177 3 4 0 632 479 -1 -1 -1 0 
178 3 4 0 633 479 -1 -1 -1 0 
179 3 6 0 631 479 -1 -1 -1 0 
180 3 5 0 631 479 -1 -1 -1 0 
181 3 5 0 631 478 -1 -1 -1 0 
182 3 6 0 629 479 -1 -1 -1 0 
183 3 5 0 630 479 -1 -1 -1 0 
184 3 3 0 634 479 -1 -1 -1 0 
185 3 4 0 633 478 -1 -1 -1 0 
186 3 6 0 633 479 -1 -1 -1 0 
187 3 6 0 633 479 -1 -1 -1 0 
188 3 4 0 635 479 -1 -1 -1 0 
189 3 4 0 635 478 -1 -1 -1 0 
190 3 5 1 634 477 -1 -1 -1 0 
191 3 1 3 638 472 -1 -1 -1 0 
192 3 1 2 638 470 -1 -1 -1 0 
193 3 2 2 637 470 -1 -1 -1 0 
194 3 4 0 635 477 -1 -1 -1 0 
195 3 0 6 639 473 -1 -1 -1 0 
196 3 18 0 607 475 -1 -1 -1 0 
197 3 27 0 599 479 -1 -1 -1 0 
198 3 36 4 596 470 -1 -1 -1 0 
199 3 76 0 559 474 -1 -1 -1 0 
200 3 152 4 483 463 -1 -1 -1 0 
201 3 233 3 404 466 -1 -1 -1 0 
202 3 324 0 312 475 -1 -1 -1 0 
203 3 322 0 317 475 -1 -1 -1 0 
204 3 310 0 329 475 -1 -1 -1 0 
205 3 286 1 351 472 -1 -1 -1 0 
206 3 271 4 364 469 -1 -1 -1 0 
207 3 258 6 371 468 -1 -1 -1 0 
208 3 252 7 366 464 -1 -1 -1 0 
209 3 254 10 355 464 -1 -1 -1 0 
210 3 264 9 328 466 -1 -1 -1 0 
211 3 264 7 321 466 -1 -1 -1 0 
212 3 267 8 298 464 -1 -1 -1 0 
213 3 268 8 292 462 -1 -1 -1 0 
214 3 267 8 290 462 -1 -1 -1 0 
215 3 257 3 287 469 -1 -1 -1 0 
216 3 256 2 277 472 -1 -1 -1 0 
217 3 242 0 282 476 -1 -1 -1 0 
218 3 237 0 286 475 -1 -1 -1 0 
219 3 237 0 279 474 -1 -1 -1 0 
220 3 233 0 281 473 -1 -1 -1 0 
221 3 229 0 280 479 -1 -1 -1 0 
222 3 229 0 277 479 -1 -1 -1 0 
223 3 233 0 271 479 -1 -1 -1 0 
224 3 237 0 265 479 -1 -1 -1 0 
225 3 256 0 247 478 -1 -1 -1 0 
226 3 281 18 220 438 -1 -1 -1 0 
227 3 284 2 218 471 -1 -1 -1 0 
228 3 286 4 217 474 -1 -1 -1 0 
229 3 287 9 216 470 -1 -1 -1 0 
230 3 290 12 212 467 -1 -1 -1 0 
231 3 287 25 213 447 -1 -1 -1 0 
232 3 289 31 209 440 -1 -1 -1 0 
233 3 291 38 203 431 -1 -1 -1 0 
234 3 288 45 199 422 -1 -1 -1 0 
235 3 290 57 188 411 -1 -1 -1 0 
236 3 288 61 186 407 -1 -1 -1 0 
237 3 285 64 183 413 -1 -1 -1 0 
238 3 287 66 177 413 -1 -1 -1 0 
239 3 289 70 172 409 -1 -1 -1 0 
240 3 290 75 170 403 -1 -1 -1 0 
241 3 293 83 163 394 -1 -1 -1 0 
242 3 295 87 159 391 -1 -1 -1 0 
243 3 295 84 163 395 -1 -1 -1 0 
244 3 299 87 160 392 -1 -1 -1 0 
245 3 304 96 159 383 -1 -1 -1 0 
246 3 309 100 152 379 -1 -1 -1 0 
247 3 311 103 151 376 -1 -1 -1 0 
248 3 311 104 153 375 -1 -1 -1 0 
249 3 312 99 154 380 -1 -1 -1 0 
250 3 314 103 151 376 -1 -1 -1 0 
251 3 319 110 139 369 -1 -1 -1 0 
252 3 321 110 134 369 -1 -1 -1 0 
253 3 328 119 129 360 -1 -1 -1 0 
254 3 328 124 130 355 -1 -1 -1 0 
255 3 330 125 126 354 -1 -1 -1 0 
256 3 330 126 118 353 -1 -1 -1 0 
257 3 332 124 97 355 -1 -1 -1 0 
258 3 333 121 91 358 -1 -1 -1 0 
259 3 328 115 95 364 -1 -1 -1 0 
260 3 323 115 107 364 -1 -1 -1 0 
261 3 314 117 125 362 -1 -1 -1 0 
262 3 311 116 133 363 -1 -1 -1 0 
263 3 305 118 141 361 -1 -1 -1 0 
264 3 299 121 145 358 -1 -1 -1 0 
265 3 296 122 148 357 -1 -1 -1 0 
266 3 287 127 157 345 -1 -1 -1 0 
267 3 284 128 158 347 -1 -1 -1 0 
268 3 282 128 155 351 -1 -1 -1 0 
269 3 282 128 153 351 -1 -1 -1 0 
270 3 287 128 147 351 -1 -1 -1 0 
271 3 288 127 148 352 -1 -1 -1 0 
272 3 295 114 141 365 -1 -1 -1 0 
273 3 295 114 143 365 -1 -1 -1 0 
274 3 296 121 176 354 -1 -1 -1 0 
275 3 300 123 180 352 -1 -1 -1 0 
276 3 310 130 183 345 -1 -1 -1 0 
277 3 313 135 189 341 -1 -1 -1 0 
278 3 316 146 202 333 -1 -1 -1 0 
279 3 325 136 199 338 -1 -1 -1 0 
280 3 328 136 204 337 -1 -1 -1 0 
281 3 335 134 199 341 -1 -1 -1 0 
282 3 361 129 186 343 -1 -1 -1 0 
283 3 386 128 165 343 -1 -1 -1 0 
284 3 423 127 137 342 -1 -1 -1 0 
285 3 428 126 137 353 -1 -1 -1 0 
286 3 435 123 138 354 -1 -1 -1 0 
287 3 438 122 137 357 -1 -1 -1 0 
288 3 439 122 137 357 -1 -1 -1 0 
289 3 439 122 137 357 -1 -1 -1 0 
290 3 440 123 137 356 -1 -1 -1 0 
291 3 441 123 137 356 -1 -1 -1 0 
292 3 442 123 137 356 -1 -1 -1 0 
293 3 443 124 135 355 -1 -1 -1 0 
294 3 445 125 135 354 -1 -1 -1 0 
295 3 448 126 132 353 -1 -1 -1 0 
296 3 450 127 130 352 -1 -1 -1 0 
297 3 451 127 131 352 -1 -1 -1 0 
298 3 452 129 130 350 -1 -1 -1 0 
299 3 453 130 130 349 -1 -1 -1 0 
300 3 453 130 132 349 -1 -1 -1 0 
301 3 454 131 132 348 -1 -1 -1 0 
302 3 454 131 132 348 -1 -1 -1 0 
303 3 453 131 133 348 -1 -1 -1 0 
304 3 450 131 140 348 -1 -1 -1 0 
305 3 448 131 144 348 -1 -1 -1 0 
306 3 445 131 148 348 -1 -1 -1 0 
307 3 444 130 149 349 -1 -1 -1 0 
308 3 444 129 144 350 -1 -1 -1 0 
309 3 442 127 145 352 -1 -1 -1 0 
310 3 438 126 149 351 -1 -1 -1 0 
311 3 434 127 145 351 -1 -1 -1 0 
312 3 422 130 155 349 -1 -1 -1 0 
313 3 383 131 194 346 -1 -1 -1 0 
314 3 367 132 207 345 -1 -1 -1 0 
315 3 333 145 226 333 -1 -1 -1 0 
316 3 317 149 234 327 -1 -1 -1 0 
317 3 300 152 234 325 -1 -1 -1 0 
318 3 298 149 229 328 -1 -1 -1 0 
319 3 273 145 241 333 -1 -1 -1 0 
320 3 291 146 199 325 -1 -1 -1 0 
321 3 280 134 177 340 -1 -1 -1 0 
322 3 275 130 170 344 -1 -1 -1 0 
323 3 265 126 164 350 -1 -1 -1 0 
324 3 260 124 164 350 -1 -1 -1 0 
325 3 249 123 167 352 -1 -1 -1 0 
326 3 246 121 164 358 -1 -1 -1 0 
327 3 240 125 167 354 -1 -1 -1 0 
328 3 235 127 167 351 -1 -1 -1 0 
329 3 225 126 162 353 -1 -1 -1 0 
330 3 216 128 160 350 -1 -1 -1 0 
331 3 204 132 153 345 -1 -1 -1 0 
332 3 197 133 151 344 -1 -1 -1 0 
333 3 176 133 154 344 -1 -1 -1 0 
334 3 166 131 158 348 -1 -1 -1 0 
335 3 152 127 160 349 -1 -1 -1 0 
336 3 142 122 131 268 -1 -1 -1 0 
337 3 137 125 128 249 -1 -1 -1 0 
338 3 134 122 127 263 -1 -1 -1 0 
339 3 131 124 123 253 -1 -1 -1 0 
340 3 130 124 120 253 -1 -1 -1 0 
341 3 130 124 117 253 -1 -1 -1 0 
342 3 130 123 116 254 -1 -1 -1 0 
343 3 128 123 117 255 -1 -1 -1 0 
344 3 127 123 118 255 -1 -1 -1 0 
345 3 126 123 122 255 -1 -1 -1 0 
346 3 127 123 122 253 -1 -1 -1 0 
347 3 130 123 126 258 -1 -1 -1 0 
348 3 132 123 127 259 -1 -1 -1 0 
349 3 141 119 128 356 -1 -1 -1 0 
350 3 144 121 133 358 -1 -1 -1 0 
351 3 159 125 130 350 -1 -1 -1 0 
352 3 167 128 128 346 -1 -1 -1 0 
353 3 185 129 118 346 -1 -1 -1 0 
354 3 196 126 111 349 -1 -1 -1 0 
355 3 210 125 115 350 -1 -1 -1 0 
356 3 224 127 114 351 -1 -1 -1 0 
357 3 228 128 119 349 -1 -1 -1 0 
358 3 235 129 124 344 -1 -1 -1 0 
359 3 245 137 119 331 -1 -1 -1 0 
360 3 254 134 107 334 -1 -1 -1 0 
361 3 258 134 111 338 -1 -1 -1 0 
362 3 252 135 134 340 -1 -1 -1 0 
363 3 253 135 141 340 -1 -1 -1 0 
364 3 261 133 135 339 -1 -1 -1 0 
365 3 277 128 123 349 -1 -1 -1 0 
366 3 313 124 94 353 -1 -1 -1 0 
367 3 319 122 95 356 -1 -1 -1 0 
368 3 331 123 92 356 -1 -1 -1 0 
369 3 339 120 96 356 -1 -1 -1 0 
370 3 345 119 95 357 -1 -1 -1 0 
371 3 352 122 97 357 -1 -1 -1 0 
372 3 353 123 101 356 -1 -1 -1 0 
373 3 353 119 114 360 -1 -1 -1 0 
374 3 352 110 130 369 -1 -1 -1 0 
375 3 349 119 146 360 -1 -1 -1 0 
376 3 348 118 160 361 -1 -1 -1 0 
377 3 348 118 165 361 -1 -1 -1 0 
378 3 350 119 165 360 -1 -1 -1 0 
379 3 353 120 160 359 -1 -1 -1 0 
380 3 354 120 157 359 -1 -1 -1 0 
381 3 353 122 152 357 -1 -1 -1 0 
382 3 351 123 151 356 -1 -1 -1 0 
383 3 341 124 154 355 -1 -1 -1 0 
384 3 336 125 156 354 -1 -1 -1 0 
385 3 333 127 150 352 -1 -1 -1 0 
386 3 330 128 140 351 -1 -1 -1 0 
387 3 325 128 141 351 -1 -1 -1 0 
388 3 319 139 137 340 -1 -1 -1 0 
389 3 316 141 133 337 -1 -1 -1 0 
390 3 310 141 122 338 -1 -1 -1 0 
391 3 306 138 122 341 -1 -1 -1 0 
392 3 304 145 114 331 -1 -1 -1 0 
393 3 303 146 110 332 -1 -1 -1 0 
394 3 301 144 109 335 -1 -1 -1 0 
395 3 300 145 107 334 -1 -1 -1 0 
396 3 301 147 101 332 -1 -1 -1 0 
397 3 304 149 95 318 -1 -1 -1 0 
398 3 307 145 88 320 -1 -1 -1 0 
399 3 306 145 87 322 -1 -1 -1 0 
400 3 309 151 83 316 -1 -1 -1 0 
401 3 311 154 78 312 -1 -1 -1 0 
402 3 315 158 71 310 -1 -1 -1 0 
403 3 316 163 69 311 -1 -1 -1 0 
404 3 316 170 69 301 -1 -1 -1 0 
405 3 316 172 69 298 -1 -1 -1 0 
406 3 317 173 71 294 -1 -1 -1 0 
407 3 316 174 83 287 -1 -1 -1 0 
408 3 317 173 83 287 -1 -1 -1 0 
409 3 317 173 84 286 -1 -1 -1 0 
410 3 316 173 85 284 -1 -1 -1 0 
411 3 316 175 86 292 -1 -1 -1 0 
412 3 316 177 89 297 -1 -1 -1 0 
413 3 318 179 87 297 -1 -1 -1 0 
414 3 320 181 87 292 -1 -1 -1 0 
415 3 322 182 87 290 -1 -1 -1 0 
416 3 323 182 86 294 -1 -1 -1 0 
417 3 322 182 87 279 -1 -1 -1 0 
418 3 320 181 90 285 -1 -1 -1 0 
419 3 315 184 96 283 -1 -1 -1 0 
420 3 312 187 97 282 -1 -1 -1 0 
421 3 308 192 99 274 -1 -1 -1 0 
422 3 308 195 97 274 -1 -1 -1 0 
423 3 307 193 94 270 -1 -1 -1 0 
424 3 308 192 92 283 -1 -1 -1 0 
425 3 307 191 93 275 -1 -1 -1 0 
426 3 307 191 92 273 -1 -1 -1 0 
427 3 309 191 86 272 -1 -1 -1 0 
428 3 307 190 88 256 -1 -1 -1 0 
429 3 306 193 85 262 -1 -1 -1 0 
430 3 305 193 87 248 -1 -1 -1 0 
431 3 305 196 86 262 -1 -1 -1 0 
432 3 304 198 86 237 -1 -1 -1 0 
433 3 302 199 85 267 -1 -1 -1 0 
434 3 303 199 83 265 -1 -1 -1 0 
435 3 303 199 81 266 -1 -1 -1 0 
436 3 303 202 81 225 -1 -1 -1 0 
437 3 303 203 77 225 -1 -1 -1 0 
438 3 300 201 75 263 -1 -1 -1 0 
439 3 294 206 76 212 -1 -1 -1 0 
440 3 288 209 81 212 -1 -1 -1 0 
441 3 282 207 84 216 -1 -1 -1 0 
442 3 281 209 80 220 -1 -1 -1 0 
443 3 280 209 76 218 -1 -1 -1 0 
444 3 277 209 77 220 -1 -1 -1 0 
445 3 269 207 77 227 -1 -1 -1 0 
446 3 260 206 75 216 -1 -1 -1 0 
447 3 253 203 76 208 -1 -1 -1 0 
448 3 252 203 71 208 -1 -1 -1 0 
449 3 253 206 64 210 -1 -1 -1 0 
450 3 252 207 62 210 -1 -1 -1 0 
451 3 252 205 60 250 -1 -1 -1 0 
452 3 252 205 60 254 -1 -1 -1 0 
453 3 252 202 58 250 -1 -1 -1 0 
454 3 247 205 63 218 -1 -1 -1 0 
455 3 241 203 69 210 -1 -1 -1 0 
456 3 240 204 70 213 -1 -1 -1 0 
457 3 237 204 74 221 -1 -1 -1 0 
458 3 235 204 77 223 -1 -1 -1 0 
459 3 236 204 80 214 -1 -1 -1 0 
460 3 236 205 79 212 -1 -1 -1 0 
461 3 239 205 77 220 -1 -1 -1 0 
462 3 241 202 76 228 -1 -1 -1 0 
463 3 243 201 77 234 -1 -1 -1 0 
464 3 245 200 76 239 -1 -1 -1 0 
465 3 244 206 86 224 -1 -1 -1 0 
466 3 247 201 86 236 -1 -1 -1 0 
467 3 251 200 88 234 -1 -1 -1 0 
468 3 252 200 90 234 -1 -1 -1 0 
469 3 254 202 90 225 -1 -1 -1 0 
470 3 255 204 91 224 -1 -1 -1 0 
471 3 254 204 91 236 -1 -1 -1 0 
472 3 253 199 94 242 -1 -1 -1 0 
473 3 253 198 95 244 -1 -1 -1 0 
474 3 251 196 97 230 -1 -1 -1 0 
475 3 252 196 96 229 -1 -1 -1 0 
476 3 253 198 97 236 -1 -1 -1 0 
477 3 256 194 99 249 -1 -1 -1 0 
478 3 259 193 99 252 -1 -1 -1 0 
479 3 262 190 98 272 -1 -1 -1 0 
480 3 264 189 99 276 -1 -1 -1 0 
481 3 269 183 100 283 -1 -1 -1 0 
482 3 270 178 102 273 -1 -1 -1 0 
483 3 271 171 106 296 -1 -1 -1 0 
484 3 274 171 109 288 -1 -1 -1 0 
485 3 276 167 114 292 -1 -1 -1 0 
486 3 277 172 120 286 -1 -1 -1 0 
487 3 285 170 118 289 -1 -1 -1 0 
488 3 287 167 118 302 -1 -1 -1 0 
489 3 290 160 118 314 -1 -1 -1 0 
490 3 291 153 119 319 -1 -1 -1 0 
491 3 293 145 119 327 -1 -1 -1 0 
492 3 293 144 121 333 -1 -1 -1 0 
493 3 295 144 124 335 -1 -1 -1 0 
494 3 296 145 127 334 -1 -1 -1 0 
495 3 301 147 126 332 -1 -1 -1 0 
496 3 307 141 120 338 -1 -1 -1 0 
497 3 311 132 123 347 -1 -1 -1 0 
498 3 309 130 134 348 -1 -1 -1 0 
499 3 309 120 146 358 -1 -1 -1 0 
500 3 312 118 145 360 -1 -1 -1 0 
501 3 312 106 154 373 -1 -1 -1 0 
502 3 311 106 161 373 -1 -1 -1 0 
503 3 312 102 165 377 -1 -1 -1 0 
504 3 311 103 174 373 -1 -1 -1 0 
505 3 313 98 174 378 -1 -1 -1 0 
506 3 310 83 179 393 -1 -1 -1 0 
507 3 308 72 176 405 -1 -1 -1 0 
508 3 306 69 183 409 -1 -1 -1 0 
509 3 306 66 177 410 -1 -1 -1 0 
510 3 301 62 185 407 -1 -1 -1 0 
511 3 300 56 188 414 -1 -1 -1 0 
512 3 301 48 194 427 -1 -1 -1 0 
513 3 300 42 200 432 -1 -1 -1 0 
514 3 297 16 219 460 -1 -1 -1 0 
515 3 294 3 232 476 -1 -1 -1 0 
516 3 292 0 241 479 -1 -1 -1 0 
517 3 289 0 253 479 -1 -1 -1 0 
518 3 284 19 266 435 -1 -1 -1 0 
519 3 283 0 269 479 -1 -1 -1 0 
520 3 272 0 280 479 -1 -1 -1 0 
521 3 262 0 289 479 -1 -1 -1 0 
522 3 254 0 296 479 -1 -1 -1 0 
523 3 250 0 297 479 -1 -1 -1 0 
524 3 236 0 312 479 -1 -1 -1 0 
525 3 231 1 320 478 -1 -1 -1 0 
526 3 224 1 331 478 -1 -1 -1 0 
527 3 226 8 325 469 -1 -1 -1 0 
528 3 219 6 323 473 -1 -1 -1 0 
529 3 213 0 328 479 -1 -1 -1 0 
530 3 199 7 337 469 -1 -1 -1 0 
531 3 188 6 343 469 -1 -1 -1 0 
532 3 108 6 455 432 -1 -1 -1 0 
533 3 39 15 571 429 -1 -1 -1 0 
534 3 40 1 563 466 -1 -1 -1 0 
535 3 14 3 619 473 -1 -1 -1 0 
536 3 7 10 632 469 -1 -1 -1 0 
537 3 2 10 637 469 -1 -1 -1 0 
538 3 11 8 628 471 -1 -1 -1 0 
539 3 9 9 630 470 -1 -1 -1 0 
540 3 1 10 638 469 -1 -1 -1 0 
541 3 0 11 639 463 -1 -1 -1 0 
542 3 3 4 636 475 -1 -1 -1 0 
543 3 16 3 623 470 -1 -1 -1 0 
544 3 0 6 639 464 -1 -1 -1 0 
545 3 53 4 584 467 -1 -1 -1 0 
546 3 8 1 631 474 -1 -1 -1 0 
547 3 1 5 638 464 -1 -1 -1 0 
548 3 10 0 626 479 -1 -1 -1 0 
549 3 10 0 623 477 -1 -1 -1 0 
550 3 14 0 619 477 -1 -1 -1 0 
551 3 10 2 624 477 -1 -1 -1 0 
552 3 8 7 628 471 -1 -1 -1 0 
553 3 10 8 629 470 -1 -1 -1 0 
554 3 14 9 625 468 -1 -1 -1 0 
555 3 13 9 624 468 -1 -1 -1 0 
556 3 14 10 622 466 -1 -1 -1 0 
557 3 13 9 625 468 -1 -1 -1 0 
558 3 11 8 626 468 -1 -1 -1 0 
559 3 8 8 629 468 -1 -1 -1 0 
560 3 6 8 629 468 -1 -1 -1 0 
561 3 5 8 633 471 -1 -1 -1 0 
562 3 11 8 626 470 -1 -1 -1 0 
563 3 6 8 630 469 -1 -1 -1 0 
564 3 6 8 630 469 -1 -1 -1 0 
565 3 7 9 630 468 -1 -1 -1 0 
566 3 8 9 626 469 -1 -1 -1 0 
567 3 8 8 626 470 -1 -1 -1 0 
568 3 8 9 624 470 -1 -1 -1 0 
569 3 9 8 626 470 -1 -1 -1 0 
570 3 9 6 624 472 -1 -1 -1 0 
571 3 8 5 625 472 -1 -1 -1 0 
572 3 7 5 627 473 -1 -1 -1 0 
573 3 7 5 627 473 -1 -1 -1 0 
574 3 7 5 627 473 -1 -1 -1 0 
575 3 7 5 627 473 -1 -1 -1 0 
576 3 8 6 625 471 -1 -1 -1 0 
577 3 8 6 625 470 -1 -1 -1 0 
578 3 8 6 624 470 -1 -1 -1 0 
579 3 8 6 624 470 -1 -1 -1 0 
580 3 7 6 624 470 -1 -1 -1 0 
581 3 8 7 623 470 -1 -1 -1 0 
582 3 8 6 623 470 -1 -1 -1 0 
583 3 9 6 621 471 -1 -1 -1 0 
584 3 8 5 622 471 -1 -1 -1 0 
585 3 9 6 622 471 -1 -1 -1 0 
586 3 9 6 622 471 -1 -1 -1 0 
587 3 7 6 625 471 -1 -1 -1 0 
588 3 9 4 620 473 -1 -1 -1 0 
589 3 8 3 622 473 -1 -1 -1 0 
590 3 8 2 623 475 -1 -1 -1 0 
591 3 8 2 624 475 -1 -1 -1 0 
592 3 8 2 624 476 -1 -1 -1 0 
593 3 4 2 629 476 -1 -1 -1 0 
594 3 3 2 631 477 -1 -1 -1 0 
595 3 3 3 631 476 -1 -1 -1 0 
596 3 2 1 635 476 -1 -1 -1 0 
597 3 2 2 636 476 -1 -1 -1 0 
598 3 2 2 636 476 -1 -1 -1 0 
599 3 5 2 622 474 -1 -1 -1 0 
600 3 4 3 623 474 -1 -1 -1 0 
601 3 4 1 624 475 -1 -1 -1 0 
602 3 4 0 624 476 -1 -1 -1 0 
603 3 3 0 625 476 -1 -1 -1 0 
604 3 3 0 625 476 -1 -1 -1 0 
605 3 1 0 628 479 -1 -1 -1 0 
606 3 0 0 630 479 -1 -1 -1 0 
607 3 0 0 630 479 -1 -1 -1 0 
608 3 2 0 627 477 -1 -1 -1 0 
609 3 2 0 627 477 -1 -1 -1 0 
610 3 5 0 622 476 -1 -1 -1 0 
611 3 5 0 621 472 -1 -1 -1 0 
612 3 6 0 620 472 -1 -1 -1 0 
613 3 11 0 616 467 -1 -1 -1 0 
614 3 12 0 616 467 -1 -1 -1 0 
615 3 12 0 616 467 -1 -1 -1 0 
616 3 14 0 612 468 -1 -1 -1 0 
617 3 14 0 612 469 -1 -1 -1 0 
618 3 14 0 612 469 -1 -1 -1 0 
619 3 17 0 606 474 -1 -1 -1 0 
620 3 17 0 606 475 -1 -1 -1 0 
621 3 17 0 606 475 -1 -1 -1 0 
622 3 11 3 616 471 -1 -1 -1 0 
623 3 15 3 607 476 -1 -1 -1 0 
624 3 7 5 623 472 -1 -1 -1 0 
625 3 7 3 622 476 -1 -1 -1 0 
626 3 7 4 624 475 -1 -1 -1 0 
627 3 8 3 624 476 -1 -1 -1 0 
628 3 9 0 624 479 -1 -1 -1 0 
629 3 7 2 625 476 -1 -1 -1 0 
630 3 6 3 627 473 -1 -1 -1 0 
631 3 6 1 627 474 -1 -1 -1 0 
632 3 8 0 623 476 -1 -1 -1 0 
633 3 9 0 621 474 -1 -1 -1 0 
634 3 9 0 621 475 -1 -1 -1 0 
635 3 1 0 638 476 -1 -1 -1 0 
636 3 0 0 639 477 -1 -1 -1 0 
637 3 0 0 639 476 -1 -1 -1 0 
638 3 6 1 625 475 -1 -1 -1 0 
639 3 6 1 623 474 -1 -1 -1 0 
640 3 9 0 619 475 -1 -1 -1 0 
641 3 2 0 637 478 -1 -1 -1 0 
642 3 11 1 618 474 -1 -1 -1 0 
643 3 12 1 615 474 -1 -1 -1 0 
644 3 12 0 614 473 -1 -1 -1 0 
645 3 12 0 614 471 -1 -1 -1 0 
646 3 14 0 610 472 -1 -1 -1 0 
647 3 13 1 610 474 -1 -1 -1 0 
648 3 14 2 610 472 -1 -1 -1 0 
649 3 15 1 606 472 -1 -1 -1 0 
650 3 14 1 604 470 -1 -1 -1 0 
651 3 16 1 602 472 -1 -1 -1 0 
652 3 17 1 601 475 -1 -1 -1 0 
653 3 10 0 626 477 -1 -1 -1 0 
654 3 11 1 626 477 -1 -1 -1 0 
655 3 9 2 630 476 -1 -1 -1 0 
656 3 10 4 628 472 -1 -1 -1 0 
657 3 8 5 631 470 -1 -1 -1 0 
658 3 8 2 629 475 -1 -1 -1 0 
659 3 9 2 627 474 -1 -1 -1 0 
660 3 13 2 623 473 -1 -1 -1 0 
661 3 16 0 617 476 -1 -1 -1 0 
662 3 17 0 614 475 -1 -1 -1 0 
663 3 12 1 622 473 -1 -1 -1 0 
664 3 10 2 625 472 -1 -1 -1 0 
665 3 8 3 626 470 -1 -1 -1 0 
666 3 8 2 626 471 -1 -1 -1 0 
667 3 6 1 627 474 -1 -1 -1 0 
668 3 4 0 630 475 -1 -1 -1 0 
669 3 12 3 612 469 -1 -1 -1 0 
670 3 12 2 612 471 -1 -1 -1 0 
671 3 7 0 620 475 -1 -1 -1 0 
672 3 6 0 622 478 -1 -1 -1 0 
673 3 3 0 635 476 -1 -1 -1 0 
674 3 3 0 631 479 -1 -1 -1 0 
675 3 11 0 621 478 -1 -1 -1 0 
676 3 10 0 623 477 -1 -1 -1 0 
677 3 12 0 619 475 -1 -1 -1 0 
678 3 13 0 619 477 -1 -1 -1 0 
679 3 13 0 621 478 -1 -1 -1 0 
680 3 15 0 620 478 -1 -1 -1 0 
681 3 14 0 622 479 -1 -1 -1 0 
682 3 15 0 621 477 -1 -1 -1 0 
683 3 14 0 622 474 -1 -1 -1 0 
684 3 14 0 621 473 -1 -1 -1 0 
685 3 12 0 623 473 -1 -1 -1 0 
686 3 15 0 618 473 -1 -1 -1 0 
687 3 15 0 619 474 -1 -1 -1 0 
688 3 15 0 619 473 -1 -1 -1 0 
689 3 14 0 621 473 -1 -1 -1 0 
690 3 16 0 618 476 -1 -1 -1 0 
691 3 17 0 617 476 -1 -1 -1 0 
692 3 17 0 616 476 -1 -1 -1 0 
693 3 20 0 611 476 -1 -1 -1 0 
694 3 21 0 611 475 -1 -1 -1 0 
695 3 21 0 611 476 -1 -1 -1 0 
696 3 21 0 612 477 -1 -1 -1 0 
697 3 21 0 612 477 -1 -1 -1 0 
698 3 21 0 611 478 -1 -1 -1 0 
699 3 21 0 611 478 -1 -1 -1 0 
700 3 20 0 613 475 -1 -1 -1 0 
701 3 20 0 612 478 -1 -1 -1 0 
702 3 21 0 611 477 -1 -1 -1 0 
703 3 21 0 612 478 -1 -1 -1 0 
704 3 22 0 609 478 -1 -1 -1 0 
705 3 20 0 612 479 -1 -1 -1 0 
706 3 22 0 612 475 -1 -1 -1 0 
707 3 23 0 609 474 -1 -1 -1 0 
708 3 22 0 610 475 -1 -1 -1 0 
709 3 22 0 610 476 -1 -1 -1 0 
710 3 21 0 612 475 -1 -1 -1 0 
711 3 19 0 614 476 -1 -1 -1 0 
712 3 21 0 612 474 -1 -1 -1 0 
713 3 22 0 612 474 -1 -1 -1 0 
714 3 22 0 613 475 -1 -1 -1 0 
715 3 18 0 617 475 -1 -1 -1 0 
716 3 17 0 618 474 -1 -1 -1 0 
717 3 18 0 616 473 -1 -1 -1 0 
718 3 17 0 617 472 -1 -1 -1 0 
719 3 17 0 617 472 -1 -1 -1 0 
720 3 18 0 614 473 -1 -1 -1 0 
721 3 17 0 617 474 -1 -1 -1 0 
722 3 21 0 612 475 -1 -1 -1 0 
723 3 23 0 608 475 -1 -1 -1 0 
